Delay, Zoom, Max Iter, Resolution, Estimated cost
634 3.68885 531 545 247.13
583 7.73923 1748 549 995.059
761 1.22655 797 738 472.577
150 2.522 895 179 40.1974
3 7.15437 1931 835 2496.89
198 5.60973 1837 832 2223.98
292 1.27555 1583 890 1386.43
131 9.25997 1311 743 1423.31
373 4.72301 713 801 765.891
826 7.0672 774 498 354.972
513 1.94862 1427 355 231.941
766 6.85357 584 641 440.537
909 1.10609 1282 651 567.105
335 3.87312 1340 181 69.7155
829 4.70064 671 169 32.0459
122 1.42207 1160 664 589.649
199 7.58561 1729 225 164.557
310 8.71165 1748 416 586.884
884 6.37824 944 886 1337.35
876 3.9296 1201 248 117.769
821 3.66462 640 218 47.5705
596 2.36037 1489 446 406.657
456 4.92718 1982 420 591.774
171 8.43511 724 326 148.201
535 4.57448 1855 674 1399.14
549 6.31181 503 135 16.5023
305 2.14275 619 171 24.0908
215 3.97647 1490 797 1513.86
315 2.82742 1144 444 327.323
583 6.72842 672 412 208.506
764 3.09377 1820 601 979.826
706 8.90287 1026 476 453.201
598 8.38633 1270 221 119.315
506 3.35994 925 371 194.329
242 1.34614 954 399 171.484
377 6.0182 1497 609 987.976
64 7.72824 939 226 90.553
957 9.80937 1800 406 590.93
441 5.37898 1966 195 129.382
465 3.86446 1754 568 898.105
68 1.8357 1781 870 1703.66
112 5.18078 1409 804 1561.47
37 5.89528 1379 749 1369.7
103 4.15591 720 607 429.405
674 5.41499 1269 126 34.9262
203 2.43274 808 145 23.5473
179 8.59713 662 155 30.765
327 8.97244 872 429 313.41
106 1.02624 1629 366 220.669
734 7.70143 857 523 442.239
184 9.65977 721 834 995.453
518 6.80565 816 143 30.584
227 9.54703 1314 727 1374.99
345 4.4327 1472 930 2096.43
534 1.58948 1350 298 144.013
347 1.13374 1617 981 1640.97
562 6.19898 1688 251 190.606
813 8.89602 1726 626 1318.39
428 2.69592 722 436 196.364
414 7.24501 779 194 54.5334
507 3.07905 749 688 527.695
212 8.37132 1753 181 110.426
589 9.6577 1348 335 300.27
371 2.78291 690 492 241.266
30 7.0474 556 941 909.835
77 5.07795 1509 771 1530.02
168 3.24898 1078 420 287.473
209 8.54435 1903 639 1500.98
603 6.19096 1773 623 1233
547 8.02955 1224 654 997.152
176 8.84631 1626 968 2966.09
17 5.12663 525 562 283.521
174 2.78952 1767 909 2110.53
326 1.13171 1529 864 1202.73
417 4.67641 1185 617 753.325
751 2.05057 1625 405 349.668
77 4.44945 1574 436 493.192
165 2.85355 1639 616 905.146
804 7.78741 1484 636 1135.35
96 4.16092 1123 184 61.5621
393 9.06538 1678 739 1793.73
178 8.78031 943 446 364.559
737 9.35646 1744 350 421.108
361 5.56841 1415 680 1142.22
966 5.00721 1844 139 60.5531
883 3.85301 1198 879 1467.85
49 2.62829 537 420 134.481
268 2.66164 1589 162 59.4312
458 4.10676 1871 418 527.467
256 2.17191 1314 829 1207.21
857 3.75254 536 188 29.8246
409 3.46865 1116 738 936.145
845 5.85126 1692 647 1251.72
988 5.84333 619 603 397.629
429 4.29267 1066 378 248.688
52 5.60088 557 903 794.028
794 2.88675 1095 340 184.862
541 4.71048 1117 266 132.23
60 7.51133 1354 895 2034.38
969 9.90025 1186 306 221.621
803 3.82516 1052 951 1505.78
632 6.64806 574 839 736.461
601 4.39804 912 305 139.412
663 9.44663 868 737 931.285
459 4.13655 683 446 219.636
273 9.77331 1843 713 1864.52
953 8.87508 570 891 881.572
253 8.72784 508 845 704.015
931 2.7403 1399 470 444.336
723 2.32092 1691 202 94.2299
321 1.00096 1650 607 608.193
316 6.74232 503 108 10.7296
898 7.40382 1006 394 291.948
869 9.46636 1128 446 443.411
58 1.97498 1846 616 907.51
304 4.64841 606 217 47.5781
304 5.24229 1676 486 680.697
593 6.2565 859 891 1225
645 2.94389 1402 396 322.951
612 1.50965 1589 368 253.681
803 2.05304 783 719 531.233
778 5.63287 1944 782 2081.27
482 9.13015 624 806 794.725
230 5.75968 698 727 649.434
794 6.55071 1507 792 1716.91
670 1.37564 1051 967 1118.9
64 4.66076 1326 421 392.123
997 4.10713 1336 118 30.0158
143 4.36461 812 731 711.574
301 7.29905 1167 152 50.2381
996 6.49072 1266 684 1073.43
151 2.31864 1392 505 484.651
289 8.36849 646 244 73.9455
484 7.4872 765 596 509.328
184 7.42199 1371 533 728.542
813 6.53952 1596 899 2341.85
505 7.51438 1439 705 1341.67
842 9.18696 914 472 399.75
129 5.64176 1014 846 1271.06
826 6.9654 1313 943 2151.79
218 7.10035 1764 725 1716.51
131 9.12855 1851 108 42.3252
908 2.13626 698 238 52.5712
132 9.19208 512 623 390.174
771 7.52989 675 847 908.837
111 7.59516 600 178 35.7498
131 3.65738 1660 221 126.736
327 5.84049 975 780 1047.84
477 2.45852 1350 157 46.2763
491 6.00959 1566 497 688.086
757 8.73948 1578 557 950.499
657 1.3359 881 711 501.379
614 6.86983 650 157 29.4313
327 8.54123 1478 761 1653.27
37 9.23129 601 718 608.897
839 6.03213 1948 244 206.492
19 6.78679 853 330 170.146
286 2.36518 876 130 20.3392
826 9.31382 1041 375 288.262
795 4.71014 1052 328 189.351
671 1.3065 1660 294 160.144
189 7.35698 1442 868 2028.05
554 7.87702 1164 907 1815.89
438 6.86795 831 810 1001.47
135 6.12999 963 199 68.1661
29 7.75834 657 574 409.07
839 4.45254 1145 760 1090.31
344 5.83619 1136 325 211.918
174 4.67548 638 200 42.614
247 4.95329 1928 830 2251.16
291 6.37136 1364 539 714.964
99 6.86608 1943 674 1621.19
807 4.98746 1949 780 2013.3
841 9.35667 1131 653 950.61
8 5.84806 1573 983 2685.81
152 3.59331 821 858 940.126
114 7.50222 759 745 789.95
114 8.18093 1720 684 1539.26
637 9.13944 928 797 1155.91
457 4.31508 1491 586 837.12
105 7.71368 1760 547 993.847
764 5.59568 577 681 467.708
968 1.37071 502 194 21.4806
162 8.2708 1433 346 328.961
481 9.7267 681 359 174.48
371 9.39072 1099 924 1850.98
971 3.6789 1092 484 400.522
159 3.48058 521 945 717.278
871 5.68067 1827 313 314.019
78 2.31824 1048 811 940.992
712 1.54979 1758 730 1115.09
142 3.76641 785 418 216.152
194 7.40819 634 228 61.6217
240 6.54227 1875 939 3001.81
264 6.3744 1344 838 1703.06
254 5.74432 1512 824 1806.06
19 1.60869 775 740 512.015
707 7.68989 1895 134 64.1715
13 8.64516 1748 250 211.592
999 5.58402 558 532 275.891
332 8.00061 517 915 823.758
201 1.55288 1699 638 823.753
38 6.55291 1118 966 1895.03
758 1.72758 1645 173 60.9231
16 6.9665 1701 902 2550.62
639 8.75165 1208 921 1990.01
843 8.37914 930 744 990.041
669 6.5534 1964 226 182.216
845 7.66176 1763 827 2272.06
102 2.98131 589 830 598.259
524 6.68951 1416 576 857.561
318 6.75666 610 104 12.0721
171 3.73176 1535 728 1278.79
812 7.24538 1118 357 265.036
296 5.38 1373 257 156.956
638 3.90535 918 971 1377.63
104 8.34065 1021 672 885.802
974 4.61604 1086 183 60.5279
5 7.28345 1614 175 92.053
268 1.81145 854 150 24.173
520 4.14222 1979 486 755.946
417 2.78576 1381 940 1763.19
511 6.44917 1688 418 533.684
667 8.09391 1066 401 327.085
4 4.51343 1858 294 265.711
304 1.66153 1782 219 104.313
213 6.4039 954 308 163.484
435 3.30096 1900 186 99.8239
648 9.74214 1597 995 3144.2
289 3.25761 1908 304 266.769
634 3.50331 1798 186 96.0722
588 7.79043 1663 493 764.551
372 5.23465 1585 272 201.565
909 5.97338 706 172 37.0987
743 4.80293 921 134 27.8079
626 3.68944 1099 782 1053.1
139 4.9119 506 178 27.1143
628 3.66187 709 276 84.4537
779 1.53355 815 971 911.108
930 5.36212 1090 676 861.389
718 4.4009 1887 280 243.147
478 2.39332 798 751 620.651
196 7.48807 1745 955 2983.03
693 9.65171 1600 593 1116.61
628 1.09428 819 177 26.6624
334 6.69949 876 373 222.552
814 8.31298 1129 514 572.62
429 3.38694 1436 986 2135.72
335 5.76748 1173 403 335.478
996 1.26735 610 992 662.047
45 1.94897 783 110 12.22
330 1.11826 1889 696 959.48
308 6.73409 965 211 78.5479
871 2.05725 948 953 1130.72
796 8.98368 1857 578 1211.91
269 1.58886 1222 746 816.814
647 6.94468 727 803 863.323
509 1.26311 1725 778 1150.03
327 5.9587 515 359 117.823
239 8.45642 1949 201 151.75
249 8.50656 1722 491 801.121
790 3.24277 1836 242 162.459
258 2.94612 1143 598 600.543
933 4.30252 931 414 260.693
315 8.13704 955 131 31.3102
259 3.43203 1037 911 1321.54
373 6.40632 1845 753 1889.95
876 6.83451 1276 380 338.053
795 3.36984 1707 777 1574.3
888 2.00292 1575 831 1415.73
322 7.69165 1828 564 1096.68
61 1.96449 1653 245 128.318
237 8.7844 1571 223 151.851
668 8.25146 1411 927 2323.82
516 2.24788 1996 562 852.191
869 7.30076 966 168 50.8036
359 3.70473 1721 492 653.532
979 9.78133 1691 447 672.51
544 7.88769 528 974 950.184
400 4.98832 1806 123 46.3932
405 2.40595 1130 643 645.334
926 9.9827 1275 241 148.051
969 7.29307 905 904 1377.77
937 6.30828 1259 734 1220.87
886 5.39439 1633 499 704.24
709 3.27747 692 305 97.5603
731 8.94757 854 142 33.6085
161 6.97599 670 315 122.564
366 6.42099 969 983 1692.52
524 6.30916 671 784 742.37
584 1.71246 1253 750 869.471
772 3.39941 1613 743 1363.65
503 1.61305 1475 529 498.475
642 4.88254 836 746 785.638
576 2.85461 620 632 360.456
470 8.3226 854 605 600.245
920 1.88589 831 281 83.695
235 2.84951 667 720 503.02
821 8.14241 817 442 304.98
816 2.03117 1650 796 1367.2
550 2.98256 1925 777 1713.74
473 5.71984 948 887 1310.76
10 2.98498 994 910 1214.07
38 2.23386 820 794 697.404
576 6.10164 1497 236 148.865
777 9.17603 1560 743 1690.23
640 6.91181 1561 851 2079.62
392 1.22446 1557 823 1147.35
586 2.24262 1080 208 63.1142
874 3.12721 1193 990 1748.23
991 7.13476 798 419 259.654
304 8.67791 1730 410 563.716
559 4.37537 1900 984 3018.95
518 6.55395 1141 522 564.758
28 9.72079 1901 459 796.084
460 5.03554 1465 406 411.018
717 1.76321 943 171 34.3659
832 5.38309 1183 377 291.053
276 2.41752 1544 334 238.275
714 8.13839 1447 999 2759.02
796 6.16872 1212 507 557.724
842 5.79256 1337 617 897.268
589 7.03979 1914 854 2579.03
96 3.06603 609 546 269.892
604 9.92742 996 327 212.666
9 1.85218 1989 204 104.931
380 8.26521 1930 420 652.733
364 9.88818 1831 747 2038.44
843 1.65163 998 655 521.47
113 6.4443 1884 858 2509.21
429 1.47606 1026 985 1163.79
515 8.22383 504 318 97.6046
922 7.18467 1083 652 854.667
383 2.37361 1775 775 1466.34
157 6.99699 876 337 183.544
973 4.0875 1607 363 341.231
559 2.85167 1212 722 919.326
770 1.05713 1711 859 1292.98
82 7.63112 1644 101 31.5718
826 7.87385 1609 427 556.279
55 4.29284 1638 763 1556.97
501 5.03896 510 911 720.532
831 1.06854 1203 886 971.539
258 7.01102 1301 335 269.493
882 8.55969 1892 535 1046.5
798 9.61865 1185 299 210.091
478 3.12766 684 549 308.252
408 3.3168 738 952 1017.14
997 8.59041 1582 658 1324.7
375 4.91804 1242 119 29.7552
638 8.52254 1208 745 1294.39
962 1.94993 1276 297 145.198
961 6.93335 1570 870 2187.65
916 7.58199 1104 856 1520.63
711 7.9475 1523 715 1479.51
322 2.58048 1079 444 300.282
187 3.81011 1081 953 1552.12
465 4.81046 1486 764 1459.08
853 1.88099 603 270 56.0204
164 8.06275 1887 531 1014.36
393 3.47311 1225 414 323.49
189 9.09725 1951 352 473.54
177 4.93023 1257 754 1209.76
896 3.08282 771 728 608.41
807 1.7467 1845 950 2068.43
165 8.08334 822 831 1082.83
181 6.12813 1431 837 1791.82
730 8.67381 1646 963 2958.58
730 5.01439 604 741 563.869
960 9.2535 844 859 1224.56
395 6.35549 1146 519 556.61
684 4.79271 813 226 69.7858
612 9.99358 1539 597 1096.87
877 9.36019 732 744 798.742
947 9.6436 1724 351 421.449
455 2.4521 1112 576 512.649
369 5.31754 1037 975 1701.2
300 7.31056 1877 598 1251.13
643 7.82164 808 201 61.8048
140 5.46507 520 691 431.428
837 6.15643 712 373 177.251
891 2.01851 650 200 33.9308
946 3.71118 1122 968 1650.09
860 4.70923 1415 393 365.615
739 1.84837 874 822 748.099
734 1.26141 870 684 448.086
90 9.66475 860 705 848.553
350 7.84868 562 294 92.0436
931 3.5555 1212 518 504.366
766 2.42172 1721 533 676.722
73 6.40303 764 911 1145.36
481 4.09594 1043 709 845.351
54 9.76012 966 140 37.6675
581 3.72324 1079 870 1282.96
692 1.37442 1956 962 2060.19
725 2.19428 1599 244 127.688
27 4.25247 759 619 473.64
427 3.06182 1691 462 536.34
165 6.41322 815 151 33.5806
651 7.20953 527 185 33.5103
460 4.93241 1714 201 117.24
952 6.63512 1458 283 212.737
367 9.98588 1964 939 3462.34
403 6.18656 1791 321 330.606
517 2.28232 1349 342 214.331
895 8.93291 1345 110 31.7514
650 5.44209 978 792 1064.83
389 8.4279 1002 491 465.183
330 5.39244 1216 814 1395.33
882 3.16487 821 647 515.639
444 1.70862 1226 352 187.247
135 4.28318 1016 427 302.279
154 6.28438 1052 747 1055.63
840 7.38268 1430 842 1894.03
944 1.00102 1558 984 1509.21
389 2.22077 1811 542 716.349
130 6.79108 1284 743 1298.54
669 4.62823 656 471 242.364
258 2.56762 678 461 203.098
54 5.23926 1151 891 1571
4 7.16806 1694 626 1231.69
381 8.69763 1028 277 152.975
99 5.15559 673 170 33.3033
837 4.73458 1888 847 2269.12
299 8.21337 1761 664 1486.47
604 3.62219 868 297 119.363
125 5.37221 1989 435 651.175
223 5.6505 921 420 284.652
863 5.16354 1832 496 772.028
18 8.65332 1928 489 893.09
247 4.28599 590 829 661.751
466 6.36058 1664 341 348.961
937 8.75888 1420 260 186.46
158 9.51556 609 641 495.057
40 9.44132 1168 720 1195.86
325 1.48885 970 411 192.176
129 7.42224 1841 783 2111.27
433 5.64924 1760 989 3016.04
415 4.31782 736 766 706.193
228 7.17846 1292 421 425.023
485 7.48452 757 292 120.968
753 3.29555 1112 872 1283.48
761 9.75643 1545 143 62.8491
448 2.18598 1634 240 126.085
982 6.02282 1844 429 604.013
227 7.69184 853 795 1016.79
18 1.81761 1764 822 1501.21
877 2.28969 750 426 185.075
849 3.70813 1152 174 54.7289
439 7.3973 1373 505 654.455
272 2.92436 667 862 726.58
351 7.45777 1982 941 3286.47
685 9.30372 866 972 1610.72
464 9.22888 785 374 215.779
842 3.99738 708 836 792.588
801 6.11269 1770 128 51.8002
650 2.60683 1910 442 528.416
183 1.27268 1446 904 1305.44
4 3.76972 518 176 25.2928
781 1.38139 733 448 167.759
448 3.55923 999 366 207.606
38 9.84389 1597 851 2305.2
487 1.13972 1548 884 1278.4
748 6.06366 966 131 29.5533
688 4.88783 694 380 169.272
396 2.9362 1521 843 1586.52
984 7.5291 1878 485 829.056
989 5.43227 644 889 883.048
729 9.28423 629 841 875.41
507 1.96314 1945 832 1740.8
140 2.05086 587 516 205.046
891 6.73295 1742 441 619.37
284 5.20994 1044 977 1710.87
381 8.96731 1238 946 2163.37
737 8.99259 1281 929 2160.13
330 8.79519 1301 163 67.2053
231 8.21378 665 631 506.927
534 8.85401 984 806 1244.69
963 8.95439 1633 758 1831.52
270 7.57939 1089 628 807.273
968 9.72574 687 910 1130.94
482 1.76159 1058 374 184.38
207 6.23807 1420 209 111.342
861 1.73111 777 687 454.118
518 4.19046 1606 250 162.834
769 2.83095 1283 905 1525.7
608 3.9718 1852 923 2522.84
356 7.46513 1999 329 405.276
479 2.32818 937 544 379.063
106 1.04728 708 422 128.613
439 2.01993 831 670 486.937
833 2.26482 794 962 995.683
909 8.13357 792 985 1467.89
274 7.36595 1776 881 2573.9
883 2.06753 856 344 133.249
734 9.97101 546 965 1016.26
404 6.82424 1079 581 668.015
302 7.81152 1979 310 359.964
456 6.40627 1461 779 1601.73
450 1.91151 1377 522 480.786
592 2.22816 1897 824 1736.18
614 8.55443 828 377 227.386
24 9.70583 1396 919 2342.73
188 2.64848 1486 196 81.2334
978 8.89435 558 827 743.845
29 3.15734 1938 208 125.712
435 4.32904 1673 930 2367.82
128 8.83947 1762 347 412.955
850 7.3038 1669 826 2122.06
765 5.12663 976 691 796.818
205 5.46556 1444 741 1377.72
989 8.62547 1291 855 1826.9
427 7.24425 1494 744 1538.18
162 6.21121 1716 567 989.251
225 7.04861 1912 954 3215.96
269 8.94846 1007 318 198.75
871 4.27627 1536 920 2120.5
980 2.6156 1983 506 719.728
490 9.35249 1976 361 507.542
88 8.45835 1376 445 525.151
942 4.13447 937 303 139.053
421 1.12497 692 703 359.482
314 2.61101 1086 517 411.265
721 3.22699 1865 455 582.549
507 6.87818 981 644 747.587
287 5.27309 1408 642 999.361
961 8.96936 963 318 190.165
224 2.49916 1436 923 1710.02
370 5.25815 1058 771 1082.26
15 3.75715 1589 480 576.565
258 5.49293 523 838 638.984
34 5.66908 545 275 72.2721
594 7.80337 1370 284 209.095
864 8.03667 1814 652 1469.08
365 3.4537 1372 597 752.211
203 2.79463 967 679 644.81
850 9.34721 1369 447 539.057
342 6.03151 1310 247 142.295
191 2.96434 1791 556 814.951
42 6.47152 1534 100 27.7808
126 1.11262 1860 561 612.512
541 3.2807 1013 925 1313.96
568 2.64656 1598 717 1168.75
202 3.07655 1170 815 1156.44
486 6.70145 1758 893 2560.13
963 8.06775 911 461 369.16
470 1.60506 1692 122 30.3588
458 2.24476 987 113 17.0288
705 2.55822 765 403 174.926
305 1.87998 1248 293 136.512
507 6.3909 1445 137 48.969
267 8.92416 1201 975 2226.96
885 3.54863 1391 646 899.79
41 9.72877 883 881 1362.52
330 1.25473 1842 623 785.391
92 6.78173 664 731 649.788
344 6.58884 707 530 361.209
918 2.78575 969 127 22.583
511 1.64568 911 807 721.644
40 4.15792 1257 916 1707.42
742 5.4564 931 279 125.874
601 4.65599 1239 330 225.06
547 4.71996 555 539 269.904
855 9.68522 1638 719 1681.8
810 8.98028 1986 407 642.591
362 1.05063 827 777 509.992
778 5.5855 1107 385 286.667
580 8.35241 1865 221 175.055
116 5.51612 1755 579 1024.69
848 7.37317 775 510 376.477
482 2.71799 1223 480 404.141
72 7.14121 1926 443 700.681
374 1.19125 1806 145 40.8571
44 1.34697 529 325 63.1036
621 9.49583 1462 155 69.46
695 4.06228 1444 818 1554.42
975 4.7692 568 988 930.614
847 2.71058 855 288 101.629
726 4.96008 1010 681 794.164
239 6.95028 1569 973 2736.14
865 6.41445 1157 932 1816.19
630 6.83914 1037 725 1000.21
787 4.27488 865 939 1243.89
280 6.78512 1453 700 1304.01
838 4.41688 687 348 136.871
914 2.49068 788 658 476.389
112 9.86624 1037 607 761.929
986 6.9951 1987 705 1821.9
880 8.90676 876 704 846.49
685 3.57074 1263 728 1039.37
286 8.72281 1086 896 1691.98
402 2.75913 636 700 449.002
282 7.50849 969 268 130.534
573 2.65054 1829 862 1934.35
499 3.65351 816 145 26.8105
860 5.03178 1137 640 792.518
847 2.32213 960 426 237.96
280 3.62882 1952 390 463.093
290 6.81433 952 491 420.787
916 5.43734 1171 681 942.426
END
