Delay, Zoom, Max Iter, Resolution, Estimated cost
0 5.06694 1239 502 532.278
0 5.13539 1289 497 544.637
0 4.83775 1245 481 485.252
0 4.01666 1242 464 428.87
0 4.83534 1310 519 594.372
0 5.01198 1211 493 500.368
0 4.93108 1296 490 526.792
0 4.81425 1264 476 481.863
0 4.32691 1284 484 492.137
0 5.03828 1252 501 534.948
0 4.9493 1269 516 572.55
0 4.86686 1202 517 542.082
0 5.15217 1211 518 556.295
0 5.6551 1258 511 575.66
0 5.19095 1277 528 610.64
0 4.68216 1191 497 491.425
0 4.69658 1209 496 497.244
0 4.97327 1257 498 528.913
0 5.28618 1216 523 573.136
0 4.67075 1262 496 518.298
0 4.74855 1324 515 588.738
0 5.24676 1271 489 522.714
0 4.95056 1195 495 496.203
0 4.92805 1250 502 533.201
0 4.68682 1245 546 620.154
0 4.91708 1334 501 566.443
0 4.84837 1137 505 488.761
0 4.78005 1261 563 671.266
0 5.03243 1217 521 562.172
0 5.24704 1363 472 522.26
0 5.2094 1339 514 607.328
0 5.23391 1267 484 510.152
0 5.1273 1244 506 544.615
0 5.51996 1270 514 584.47
0 5.42097 1203 509 540.468
0 5.06729 1219 532 588.158
0 5.15559 1227 514 555.067
0 4.87873 1270 507 551.152
0 4.45992 1341 491 533.21
0 4.70821 1248 502 526.115
0 5.20707 1266 519 585.377
0 4.7184 1236 488 492.675
0 4.69368 1229 502 517.689
0 4.97858 1200 504 517.31
0 5.3237 1275 486 519.849
0 5.16695 1213 512 544.775
0 5.52193 1243 481 500.993
0 5.01009 1337 474 510.62
0 4.99716 1316 479 512.92
0 5.05367 1282 503 552.578
0 4.5629 1194 527 550.218
0 5.47623 1207 490 503.813
0 5.15514 1168 504 508.006
0 4.84346 1308 487 522.764
0 4.74035 1258 503 533.386
0 4.57458 1216 491 486.739
0 5.12268 1203 509 532.807
0 4.4073 1269 500 521.614
0 4.68855 1224 520 553.063
0 5.31524 1260 481 503.016
0 5.42562 1201 456 433.146
0 4.72327 1227 525 566.215
0 4.83647 1255 525 582.694
0 5.4828 1165 502 510.544
0 5.29888 1287 517 593.121
0 5.17743 1233 523 578.104
0 5.0855 1330 512 594.916
0 5.0269 1209 491 495.873
0 4.58034 1214 506 516.253
0 5.33955 1211 486 494.124
0 5.25542 1245 509 554.992
0 5.22535 1311 521 611.407
0 4.74442 1263 498 525.029
0 4.85803 1209 514 538.677
0 5.01439 1225 493 506.214
0 4.32763 1218 520 538.894
0 5.16158 1205 452 421.664
0 5.57796 1258 524 603.262
0 4.86235 1329 525 617.901
0 5.78154 1288 485 533.846
0 5.14885 1217 483 485.976
0 5.14625 1244 485 500.816
0 5.12651 1237 510 550.124
0 5.2254 1193 472 456.644
0 5.02817 1272 505 551.924
0 5.42058 1241 513 566.327
0 5.0385 1189 482 470.232
0 5.27666 1293 476 504.587
0 4.50444 1299 476 486.703
0 4.81838 1172 495 483.278
0 5.34966 1260 481 503.833
0 5.39655 1220 466 458.89
0 4.78869 1279 489 513.87
0 5.34564 1231 513 559.805
0 4.76965 1266 513 559.225
0 4.95349 1228 510 541.36
0 5.30077 1219 523 574.949
0 5.16573 1296 475 500.937
0 5.22109 1203 506 529.09
0 4.79432 1286 494 527.463
0 4.35823 1151 518 506.286
0 5.16591 1244 537 614.559
0 5 1328 495 552.833
0 5.22784 1168 493 487.8
0 5.13215 1184 511 528.769
0 5.01991 1322 484 526.683
0 5.0263 1297 529 617.475
0 5.27875 1196 487 488.603
0 5.35564 1218 471 467.129
0 4.84258 1223 508 531.831
0 5.10588 1203 481 475.403
0 4.88936 1324 510 581.732
0 5.05373 1230 500 523.861
0 4.59149 1254 493 506.536
0 5.20168 1222 495 513.849
0 5.26902 1228 476 479.046
0 4.76803 1243 482 484.669
0 5.13231 1309 472 498.769
0 5.37843 1259 505 555.673
0 5.59322 1237 505 551.328
0 4.88215 1258 460 449.496
0 5.09592 1346 483 536.08
0 4.80796 1234 524 569.893
0 5.17073 1226 514 555.027
0 4.58342 1249 517 554.578
0 4.23632 1279 494 507.819
0 4.91904 1191 486 475.942
0 5.32805 1267 510 568.985
0 5.3933 1248 519 582.185
0 5.38536 1322 508 590.622
0 5.02062 1366 499 578.488
0 5.47025 1198 526 576.076
0 4.8645 1165 490 471.893
0 4.99995 1266 502 542.033
0 5.29889 1187 474 459.824
0 4.70733 1217 521 552.591
0 5.18954 1273 504 554.608
0 5.15119 1181 504 513.56
0 5.70956 1203 508 545.339
0 5.19812 1303 504 567.916
0 4.92362 1204 476 461.651
0 4.74148 1260 496 519.5
0 4.57946 1255 508 537.889
0 4.88894 1223 490 496.025
0 4.67853 1168 474 438.273
0 5.33709 1222 515 559.828
0 5.49707 1194 498 515.282
0 5.1958 1131 486 458.315
0 5.18863 1262 479 496.601
0 4.69022 1249 505 532.319
0 5.15295 1266 533 615.752
0 5.24969 1251 520 581.87
0 5.05136 1191 512 531.827
0 5.15264 1301 483 519.616
0 5.39995 1346 488 555.303
0 4.09561 1240 515 530.258
0 4.53997 1287 500 533.157
0 5.17164 1336 513 602.501
0 4.84524 1147 509 500.818
0 4.82742 1314 514 584.508
0 5.22689 1284 505 562.642
0 5.29091 1222 480 485.258
0 5.0601 1332 512 595.051
0 5.29599 1249 490 516.986
0 5.43015 1288 503 565.333
0 4.78338 1295 496 535.148
0 5.67985 1240 467 474.426
0 4.94891 1211 469 451.371
0 5.2192 1285 478 504.292
0 4.7998 1268 520 576.436
0 5.02754 1245 519 570.557
0 5.38666 1242 501 539.727
0 5.39056 1225 484 496.916
0 5.24348 1295 544 659.022
0 5.10474 1278 509 565.52
0 5.11928 1298 511 579.311
0 4.87172 1201 521 550.186
0 5.31133 1163 535 574.285
0 4.70114 1252 493 508.847
0 5.32634 1244 483 501.029
0 5.82536 1247 504 559.18
0 5.29803 1236 467 464.749
0 5.22344 1157 475 448.469
0 5.29307 1196 476 467.099
0 4.55104 1178 509 506.051
0 4.3352 1210 529 554.304
0 5.2084 1260 496 532.144
0 4.78371 1286 498 535.733
0 4.65451 1314 509 567.798
0 5.41848 1234 494 522.141
0 4.58928 1301 490 519.079
0 5.37803 1245 490 517.326
0 4.89032 1272 507 552.356
0 5.00455 1258 475 482.341
0 4.86096 1222 524 565.949
0 4.91939 1199 481 469.339
0 5.05384 1320 533 638.854
0 5.01243 1327 501 566.249
0 4.74439 1247 542 614.025
0 4.38711 1269 480 480.136
137 4.66009 1281 505 545.043
152 4.89751 1242 516 558.858
138 4.77578 1193 502 504.789
138 4.75917 1216 510 530.572
134 4.96689 1287 527 606.244
133 4.97382 1286 497 538.96
133 5.03547 1196 475 459.291
133 4.75076 1345 516 600.473
130 5.48034 1281 509 577.08
132 5.35186 1241 498 531.987
138 4.66414 1222 509 528.328
133 5.46455 1225 506 544.974
126 5.29757 1250 515 571.585
131 5.52784 1276 503 562.566
124 6.00881 1190 487 502.029
146 4.89971 1249 487 500.669
121 4.59507 1237 495 503.834
131 5.49098 1276 483 517.853
139 4.67246 1285 501 538.489
135 4.55295 1300 491 519.718
132 4.48358 1184 479 448.677
137 4.52586 1167 481 447.037
128 4.95795 1273 452 440.912
136 4.95703 1313 519 599.551
140 5.27357 1259 525 597.591
121 4.57888 1243 507 530.632
122 4.75214 1167 532 553.858
144 5.00595 1253 457 444.735
121 4.53269 1301 491 519.51
133 4.90058 1285 503 549.527
147 5.68146 1152 513 531.901
132 4.45098 1250 491 496.764
139 4.65064 1276 481 492.277
148 4.88639 1211 505 521.619
125 5.15354 1307 495 548.298
132 4.65745 1247 529 582.12
140 5.45905 1268 538 637.548
143 4.53684 1169 476 438.82
141 4.90087 1216 489 491.483
139 4.90447 1250 476 478.81
135 5.19109 1196 510 533.582
136 5.63946 1159 511 529.993
134 5.26562 1199 502 520.141
134 5.05074 1254 510 555.576
152 4.6946 1194 508 515.067
139 5.00207 1228 530 586.113
142 5.21304 1230 536 606.775
131 4.69639 1260 504 535.065
134 4.9179 1210 470 452.194
135 4.84687 1293 495 533.983
131 5.03241 1331 509 586.835
159 5.19542 1236 506 542.926
124 4.69006 1268 499 527.647
118 4.91296 1209 505 521.484
138 5.02346 1285 526 604.755
126 5.39056 1294 507 575.978
139 4.76595 1290 475 488.436
156 4.81842 1158 498 483.311
126 5.12239 1217 530 584.392
141 5.00177 1196 477 462.374
142 5.27643 1294 496 548.298
133 5.08809 1347 495 563.246
145 4.70537 1303 505 555.799
139 4.89298 1194 504 512.439
122 5.2689 1200 489 494.039
135 5.06404 1231 473 469.436
140 5.14442 1159 451 403.434
139 5.60458 1286 480 518.083
138 5.01912 1269 481 499.299
133 5.18816 1280 494 535.712
134 4.86424 1207 512 533.785
131 5.18347 1109 461 404.112
135 4.99407 1250 501 532.892
140 5.17787 1339 502 578.412
144 4.68787 1216 486 479.928
136 5.06992 1329 530 636.504
149 4.66766 1300 507 557.752
127 4.94008 1172 496 488.356
136 4.9383 1283 546 647.764
147 4.54859 1238 500 513.113
137 5.06947 1228 494 510.937
152 4.45746 1317 496 534.309
130 4.78122 1242 499 519.413
139 4.69776 1294 504 549.545
135 4.74988 1266 483 495.198
152 4.64465 1242 494 505.241
125 5.08915 1202 477 466.75
123 4.93255 1279 477 492.7
138 4.752 1206 525 557.4
133 5.11427 1213 516 551.883
137 4.7528 1238 513 546.355
129 4.54823 1201 491 480.009
144 4.90968 1265 486 505.266
126 4.83139 1186 480 460.18
141 5.12758 1254 494 523.269
149 5.04255 1222 459 438.351
126 4.7603 1206 486 477.878
131 5.25475 1236 492 514.774
124 5.10139 1230 519 565.781
131 5.09479 1271 474 487.492
138 5.18628 1280 506 562.003
136 5.05573 1332 492 549.35
133 4.93395 1250 523 578.922
132 4.88082 1284 489 518.42
125 5.11137 1214 487 491.928
125 5.36888 1258 489 520.374
143 4.94394 1210 515 543.666
139 4.74344 1253 479 481.859
134 4.59964 1251 505 530.469
137 4.78028 1264 494 518.047
128 4.90408 1267 534 610.786
134 5.19175 1307 492 542.687
150 5.21917 1188 497 504.024
148 5.30488 1214 527 581.497
144 4.9548 1232 483 487.171
152 4.85148 1245 500 524.728
129 4.89495 1262 474 479.113
130 4.93632 1347 499 567.975
135 4.84168 1249 491 507.37
136 4.8637 1264 495 522.473
131 4.70256 1182 490 474.606
138 5.43854 1229 509 552.596
139 5.15467 1264 512 567.338
132 4.83582 1241 496 514.279
136 5.19522 1267 478 496.649
127 4.98993 1328 470 498.145
129 4.4831 1222 531 569.062
136 4.88954 1222 496 507.847
134 5.1517 1183 503 512.403
140 4.65397 1278 513 560.939
136 4.66006 1275 492 514.918
149 5.07932 1250 485 501.56
137 4.37635 1227 497 497.388
131 5.08692 1280 496 537.364
124 5.12827 1259 503 544.691
138 5.09474 1163 487 470.871
135 5.14932 1302 494 543.883
151 5.21152 1241 484 499.142
140 5.13506 1261 518 578.774
143 5.08606 1299 472 493.821
143 5.19039 1268 501 545.895
141 4.51422 1271 514 555.597
133 5.39912 1195 510 538.44
147 5.41739 1272 529 617.156
132 5.19689 1240 502 536.144
147 4.45985 1213 522 545.138
126 4.97917 1328 514 595.451
144 5.0742 1244 469 466.642
141 4.80799 1205 479 465.023
133 4.99061 1258 481 494.251
141 4.32121 1207 490 474
142 5.07254 1297 511 577.516
131 4.90599 1160 457 409.604
151 4.42163 1264 526 575.491
149 5.17564 1250 490 514.403
141 5.37455 1202 530 584.236
126 4.73877 1199 529 562.235
146 5.11848 1273 521 590.584
131 4.7962 1254 498 522.754
119 4.68795 1283 513 564.2
131 5.21324 1330 512 598.672
129 5.00668 1249 476 480.961
136 5.27743 1223 500 526.631
149 4.66474 1214 497 500.429
138 4.87064 1269 487 507.909
134 5.46362 1240 485 506.787
153 5.35005 1231 503 538.304
130 5.27057 1213 508 538.996
135 5.70196 1177 483 482.171
135 4.30387 1285 506 537.55
127 5.55028 1245 481 502.44
132 4.41199 1239 476 461.694
142 5.19149 1284 492 533.13
126 4.60354 1201 532 565.305
120 4.79794 1235 473 464.484
127 4.84667 1315 480 510.649
149 4.97985 1187 528 561.637
140 5.08434 1284 490 526.012
139 4.44093 1331 514 579.326
135 5.41122 1266 462 468.371
122 4.7114 1212 516 539.929
168 5.19651 1234 495 518.764
142 4.94395 1187 534 573.41
132 5.43014 1222 505 540.637
133 5.41615 1275 519 595.411
150 4.81215 1181 477 452.064
138 5.43609 1289 499 556.961
143 5.18789 1217 485 490.948
146 5.32844 1202 477 472.208
134 4.98438 1281 510 565.624
139 5.12019 1266 511 565.054
124 4.91778 1255 506 543.608
135 4.66143 1213 523 553.599
128 5.22981 1306 504 570.099
126 4.90967 1225 500 517.885
161 5.27517 1186 501 512.688
151 5.42415 1262 490 525.513
128 5.06351 1252 489 510.278
140 5.03526 1279 498 539.876
139 4.98186 1242 527 585.497
138 4.74331 1343 499 560.496
144 4.87508 1272 471 476.318
134 5.14993 1223 480 482.35
143 5.10188 1235 525 581.306
134 5.2956 1244 514 566.582
140 4.90585 1233 539 605.635
134 5.6604 1249 541 640.768
144 4.98735 1212 507 528.96
139 4.73216 1193 507 513.673
141 4.93299 1241 526 581.338
137 4.69256 1290 474 484.428
123 5.10394 1168 492 482.877
141 4.78482 1307 508 566.601
139 4.88655 1226 536 594.909
123 5.33359 1160 498 496.837
133 4.67706 1247 481 481.799
138 5.13851 1204 512 539.977
127 4.93352 1227 522 566.086
145 4.77752 1284 524 592.012
133 5.2982 1164 529 561.609
136 5.1872 1267 473 486.123
126 4.87456 1273 508 554.513
135 4.58491 1244 484 484.136
153 5.18536 1170 497 495.572
129 5.21648 1246 508 552.219
127 4.9812 1287 497 539.583
146 5.3386 1320 456 474.136
129 4.80128 1260 505 540.273
134 4.77674 1184 490 477.341
138 5.13527 1271 525 599.243
135 4.97028 1237 516 558.718
143 5.27476 1306 495 551.109
146 4.53677 1212 511 524.325
124 5.12174 1256 512 562.831
139 5.01554 1238 531 593.526
145 4.84937 1300 499 545.659
137 5.26584 1235 531 599.453
132 5.1331 1274 473 487.511
120 4.68709 1201 530 563.697
147 5.34641 1208 499 519.789
146 4.96736 1355 489 549.56
135 5.02773 1161 493 480.093
143 4.92055 1302 514 582.024
154 4.79202 1190 490 480.156
134 5.01268 1279 516 578.944
131 5.20266 1232 506 541.36
153 4.81796 1219 502 516.964
128 5.14801 1276 495 535.147
141 5.04822 1302 499 552.156
136 5.56926 1282 484 524.291
134 5.42278 1196 486 489.901
140 4.80836 1227 512 541.016
149 4.93315 1272 466 467.679
137 5.40499 1253 463 465.436
136 4.96438 1316 482 518.491
136 5.25968 1250 486 508.105
133 5.32217 1265 513 574.63
129 5.51723 1311 482 530.488
148 4.89198 1203 473 454.718
126 5.19872 1255 436 409.362
130 4.88796 1189 506 514.216
123 5.28813 1266 511 569.688
146 5.2034 1245 520 577.785
132 4.92605 1237 486 494.505
161 5.52828 1357 481 547.098
142 4.60741 1229 517 546.442
133 5.48811 1287 528 624.096
131 4.53278 1266 495 513.807
134 5.10132 1259 508 554.831
132 5.32126 1314 518 608.554
122 4.8437 1268 508 551.432
144 4.69667 1328 460 469.781
144 5.32307 1162 497 495.451
141 5.00162 1230 517 558.609
148 5.12603 1311 480 516.447
123 5.085 1231 495 514.661
152 4.91065 1328 507 577.289
133 4.87663 1208 518 547.179
145 4.86224 1315 508 572.435
138 5.03392 1247 493 515.817
119 4.5889 1289 532 606.221
144 4.13216 1239 511 522.88
123 5.03732 1241 507 542.998
145 5.10122 1237 506 540.849
121 5.54004 1203 522 571.52
137 5.45885 1243 483 503.721
131 5.0019 1211 521 558.531
136 4.97465 1232 506 535.221
130 5.20006 1235 481 490.317
147 4.89766 1292 501 548.052
140 5.24799 1288 485 521.106
143 4.54704 1194 502 498.799
138 4.67974 1185 519 533.123
131 5.44061 1129 501 491.848
133 4.53321 1253 515 550.468
131 5.20848 1230 525 581.997
136 5.29051 1264 480 501.927
129 5.58287 1282 491 539.894
125 5.09855 1252 500 534.431
135 4.72968 1244 506 533.449
151 5.06289 1363 503 587.764
129 4.63091 1331 500 554.251
124 4.8567 1250 510 548.272
142 4.50139 1224 494 493.855
151 4.82672 1240 462 445.613
135 5.13538 1218 487 494.136
141 5.09415 1163 509 514.36
143 4.98933 1330 491 544.456
135 4.78648 1186 512 522.322
135 5.403 1259 497 538.822
140 4.58219 1305 515 574.928
126 5.67188 1240 483 507.315
132 4.79718 1202 486 477.245
115 4.83572 1232 506 531.34
137 4.8119 1305 490 527.121
133 5.47189 1244 475 487.856
142 4.8767 1212 503 517.659
139 5.15048 1212 494 506.316
120 4.9152 1239 471 464.939
137 4.67424 1182 497 487.497
151 5.17723 1278 501 549.847
131 5.06149 1287 489 524.49
118 5.10507 1243 473 474.987
137 5.18238 1257 502 543.11
116 5.14117 1304 560 699.712
132 5.00489 1260 513 563.507
139 5.17111 1277 492 529.696
134 5.47203 1259 507 562.508
137 5.08808 1307 517 596.179
134 5.04185 1155 517 525.621
138 5.02827 1259 525 590.412
118 4.61837 1349 524 616.532
131 4.99772 1242 486 498.344
128 4.81295 1259 501 531.659
133 5.15835 1309 470 495.186
132 4.80094 1252 494 513.701
145 5.27338 1188 495 501.282
128 4.49461 1335 531 622.103
147 4.75037 1225 528 572.62
143 5.34703 1220 511 550.521
139 4.96547 1263 522 583.66
149 5.12435 1316 502 566.98
130 5.21759 1234 505 540.489
149 5.31548 1281 501 554.818
140 5.00268 1221 506 531.205
127 4.90536 1276 507 554.531
131 5.69833 1182 542 609.647
140 4.81988 1236 529 582.134
140 4.81571 1231 449 417.587
146 5.08171 1205 494 501.675
138 5.22905 1251 499 535.289
146 5.05858 1203 490 492.192
136 4.52506 1156 518 513.546
130 4.72159 1354 510 589.573
136 4.63726 1240 537 595.818
135 5.02326 1255 493 518.846
128 4.82241 1298 493 531.032
133 5.05497 1273 515 575.229
127 5.39406 1287 503 563.951
139 5.08576 1215 505 528.723
135 5.12741 1242 518 569.838
132 5.04955 1244 515 561.971
123 5.30954 1280 517 590.194
119 5.11142 1191 504 516.89
135 5.16931 1207 540 603.062
137 5.06141 1331 487 537.991
142 5.19285 1232 503 534.704
139 5.05903 1212 502 520.471
138 4.60387 1204 506 512.687
153 5.14637 1266 527 601.772
138 5.28076 1212 517 558.075
144 5.06188 1233 503 531.677
138 4.6403 1246 517 555.03
135 4.96009 1259 517 570.561
116 4.58232 1292 460 454.119
134 4.92145 1163 499 490.01
142 5.06328 1242 494 516.601
140 4.96574 1118 489 453.4
139 5.24193 1266 503 550.769
146 5.17763 1254 509 556.9
154 4.78209 1292 498 538.185
148 5.05732 1233 503 531.555
125 5.03808 1265 471 477.705
144 4.99814 1260 502 539.414
133 4.85831 1282 510 562.356
136 4.72035 1320 509 572.477
150 5.0921 1297 500 553.461
137 4.56462 1234 501 513.976
138 4.55077 1253 510 540.379
142 5.45194 1272 507 567.794
139 4.94717 1297 494 536.289
128 5.50174 1247 486 512.641
137 5.11816 1201 530 576.588
125 5.44064 1344 520 630.766
120 4.95876 1229 494 508.477
127 5.49869 1350 510 611.066
146 5.01445 1287 498 542.679
136 4.24873 1248 499 505.987
128 4.5908 1301 511 564.574
138 5.23864 1307 507 577.594
123 4.74423 1287 508 556.702
122 4.57936 1333 494 540.26
127 4.72059 1294 492 524.347
140 4.86199 1261 487 504.476
150 5.22546 1257 505 550.773
124 5.40678 1255 527 604.016
119 4.97442 1276 506 554.329
148 4.91611 1349 485 536.783
131 5.18876 1251 490 515.145
131 4.78651 1258 490 507.443
128 4.88276 1262 476 482.855
134 4.45328 1212 503 505.563
159 4.76051 1227 486 486.205
143 5.08026 1239 493 513.707
132 4.99842 1189 466 438.636
120 5.36349 1250 508 557.885
125 5.28429 1277 532 622.725
140 4.43707 1241 493 496.803
128 5.07104 1242 496 520.995
143 5.20348 1261 490 519.636
138 4.68426 1338 494 545.498
136 5.14446 1175 496 494.695
128 5.18051 1205 504 524.751
138 5.03267 1262 481 496.887
140 5.63396 1214 473 475.533
148 4.93246 1291 518 586.488
132 4.75374 1366 470 506.044
143 4.99538 1295 511 574.374
141 5.40305 1202 519 560.98
134 4.91723 1278 504 549.187
128 5.11355 1251 516 569.152
133 4.80287 1259 500 529.253
130 4.71921 1267 485 498.863
121 5.03409 1244 479 485.77
128 4.3793 1251 495 503.134
143 4.89533 1298 497 541.774
142 5.0554 1247 492 514.285
140 4.90975 1268 484 502.307
133 5.05245 1260 497 530.183
139 4.89329 1228 511 541.782
136 4.40652 1214 457 416.849
141 5.68137 1233 493 525.774
138 5.12409 1287 486 519.697
133 4.99391 1340 509 589.645
147 4.64032 1248 502 524.131
131 4.81176 1272 498 530.701
157 5.15266 1290 501 554.341
125 5.07625 1251 500 533.409
144 5.07995 1256 474 481.382
145 4.30985 1244 484 476.306
121 5.20781 1176 474 453.573
144 4.83781 1277 531 606.582
120 5.10444 1280 481 505.795
150 5.69408 1305 521 621.825
143 5.59834 1244 478 496.858
142 5.48561 1343 515 619.507
150 4.93544 1278 496 532.396
137 4.8807 1254 480 487.839
148 5.00554 1299 536 634.231
142 5.67666 1322 490 556.77
141 4.12386 1326 488 510.079
137 5.20992 1220 502 527.831
138 5.26285 1254 482 501.451
132 5.38066 1263 516 582.048
139 4.684 1282 469 471.097
121 5.81519 1240 504 555.802
132 5.0239 1190 524 555.807
137 5.06131 1297 505 563.715
142 4.47572 1270 527 582.285
132 4.68099 1296 513 569.697
142 4.91954 1234 503 528.241
134 5.30497 1259 490 521.347
133 4.92785 1280 503 548.17
130 4.32616 1264 484 484.449
121 4.80447 1221 503 519.501
136 4.65887 1221 485 479.147
124 4.82855 1312 485 519.651
135 4.56882 1267 480 484.525
154 4.61405 1220 463 435.208
137 5.22536 1199 536 591.836
138 4.82087 1135 506 489.118
143 4.79442 1223 529 575.224
151 4.84564 1190 525 552.785
121 4.65295 1226 509 529.726
128 5.21292 1291 511 578.84
149 4.99006 1234 526 579.764
143 5.02007 1236 493 510.908
136 5.10682 1282 517 585.322
141 4.78568 1260 490 508.227
134 5.17813 1213 508 536.59
137 4.86745 1327 526 619.491
132 4.87598 1246 496 517.452
127 4.60339 1223 499 506.454
128 5.04805 1268 488 514.286
138 4.43557 1300 514 565.653
147 4.91175 1297 525 604.593
140 4.74329 1281 507 551.899
143 4.86469 1282 501 542.866
139 4.74465 1169 489 468.554
133 5.32423 1192 481 476.071
127 5.05238 1252 504 541.76
141 5.44963 1237 520 580.788
130 4.92957 1347 520 616.57
133 4.60817 1167 491 468.02
133 4.43343 1243 506 524.08
143 5.33586 1249 520 583.328
146 4.99427 1277 489 518.641
141 5.49029 1326 480 531.464
142 5.07278 1204 482 476.988
140 5.11935 1263 505 550.532
132 4.78361 1184 522 541.925
133 5.07502 1233 505 536.268
140 5.14855 1256 476 487.11
152 5.32253 1297 544 662.534
136 4.80612 1261 513 558.114
137 5.10054 1204 525 566.677
134 5.0159 1261 499 533.893
137 5.38486 1299 478 513.814
138 5.0509 1230 447 418.629
117 5.63553 1187 510 540.581
138 5.20875 1216 493 507.376
152 4.86993 1236 476 472.587
153 5.15088 1164 494 486.273
151 5.42292 1221 497 523.041
143 4.93256 1298 514 580.599
142 5.17402 1299 510 579.051
128 5.54941 1300 512 594.417
134 5.34923 1324 482 531.617
140 5.17493 1242 484 498.654
137 4.79355 1281 473 481.671
146 4.67414 1321 495 540.446
136 5.25691 1312 501 566.659
131 4.61347 1259 490 503.012
139 5.10168 1269 517 579.239
153 5.12168 1217 507 534.753
126 5.29915 1337 484 540.022
130 4.83077 1252 517 563.549
136 4.67751 1345 497 554.824
146 5.01561 1327 510 586.871
120 5.19274 1219 511 546.022
137 5.58849 1328 507 596.458
138 5.09752 1212 511 540.343
139 4.70274 1284 480 494.738
144 4.80263 1148 524 530.025
120 4.91992 1294 508 565.004
148 4.93571 1213 492 497.207
149 4.74055 1279 502 540.142
131 5.4113 1193 492 500.547
122 4.93746 1223 474 465.339
122 4.59299 1194 461 421.757
137 5.50177 1225 490 511.921
132 5.14722 1235 471 468.926
144 5.14271 1307 490 536.99
146 5.05795 1256 521 580.936
132 4.86981 1203 511 530.096
145 4.81221 1206 483 473.322
151 5.79214 1284 493 550.138
130 4.5666 1271 495 516.842
142 4.42349 1153 502 478.195
124 5.20489 1175 506 516.369
132 5.22787 1264 490 521.488
136 4.94575 1270 478 491.623
139 5.19458 1239 488 506.191
139 5.41167 1288 497 551.455
126 4.61116 1217 474 454.937
147 4.9589 1326 490 539.764
139 4.86557 1222 490 495.009
139 4.77173 1243 502 525.83
131 4.99272 1209 507 527.796
152 4.79616 1208 485 477.629
137 5.27348 1223 538 609.605
130 5.30801 1274 510 571.586
149 5.05824 1176 495 491.006
149 5.11431 1316 486 531.149
137 5.43798 1309 500 567.922
137 4.84776 1214 486 483.315
139 5.04605 1348 493 557.938
144 5.13272 1242 475 479.284
138 4.89917 1352 464 491.961
137 5.09638 1241 487 502.493
130 4.78582 1210 459 428.261
134 5.34705 1203 480 478.983
137 4.67295 1223 487 484.278
133 4.91533 1276 527 599.456
127 4.7849 1266 496 523.207
146 5.411 1216 494 514.346
136 5.25146 1163 497 494.187
136 4.53524 1283 496 522.887
141 4.80646 1295 504 553.238
147 4.9176 1229 508 536.558
124 5.16429 1259 492 522.055
142 4.58693 1261 520 566.536
128 4.98595 1184 508 518.743
133 5.07613 1229 504 532.443
135 5.14171 1262 513 568.292
127 5.02383 1219 508 535.111
133 5.45213 1249 474 487.316
141 5.07336 1275 521 590.181
124 5.0618 1344 544 677.867
120 4.92623 1279 489 517.631
145 4.95798 1279 499 539.908
139 5.28526 1258 490 520.445
128 5.30421 1254 503 547.176
135 5.10576 1274 499 541.843
134 5.08654 1232 486 496.558
148 4.90324 1192 495 493.739
125 5.28055 1237 505 543.446
142 4.93813 1255 485 499.952
137 5.24056 1172 503 509.841
144 4.71497 1164 524 534.855
144 4.62357 1212 491 486.49
136 4.74234 1261 518 567.083
134 5.39147 1308 484 530.607
137 5.15843 1274 510 567.472
123 5.00994 1235 480 483.677
130 4.8517 1280 477 490.995
138 4.98708 1247 481 489.841
147 4.70678 1200 502 505.84
147 5.28959 1234 486 502.319
126 4.44701 1306 520 582.003
141 4.5555 1186 500 491.756
148 5.47524 1319 518 615.254
139 4.95007 1227 498 515.672
138 5.20202 1266 496 534.513
145 4.81327 1286 525 596.347
134 5.3682 1186 506 525.278
126 5.5128 1258 479 502.624
140 5.31556 1197 524 567.132
131 5.31614 1282 517 591.301
135 5.08397 1243 510 551.623
143 5.50962 1273 475 500.086
124 4.61347 1197 482 462.753
140 5.46492 1263 493 533.388
138 4.96594 1257 499 530.839
136 4.84158 1226 494 504.128
136 5.36486 1282 486 523.716
127 5.33612 1131 502 492.288
127 5.02011 1187 531 569.208
137 4.79434 1304 511 572.291
139 5.1557 1229 490 505.267
148 5.09256 1213 500 517.628
142 5.86657 1250 518 593.125
136 4.58244 1279 497 524.781
141 5.09542 1277 530 612.381
128 5.53131 1218 511 554.298
131 5.18042 1183 476 459.517
128 5.36485 1178 481 471.379
143 4.97274 1241 483 491.184
145 5.17461 1254 497 530.872
150 4.74008 1294 464 466.862
140 4.31474 1156 487 448.251
132 5.25473 1156 519 535.747
126 4.80708 1254 504 535.74
125 5.39426 1210 514 553.659
117 5.34531 1198 527 574.93
127 4.96368 1310 509 575.549
132 4.67038 1189 480 457.312
151 4.82227 1316 512 580.691
157 4.75872 1287 487 512.031
140 5.70144 1307 481 530.99
135 5.06572 1239 496 519.598
134 4.76228 1220 509 530.322
143 4.90678 1261 515 565.485
126 5.49869 1249 517 580.975
129 5.03053 1250 467 463.879
145 4.73327 1318 509 572.015
133 5.56104 1305 509 590.039
144 5.19766 1193 518 549.248
133 5.15414 1235 508 545.68
125 4.79077 1224 498 510.099
151 5.26077 1320 493 552.155
136 5.1879 1266 503 549.328
148 5.34944 1318 545 676.596
127 5.31689 1237 505 544.386
119 4.76656 1314 510 573.563
131 4.56756 1236 498 508.748
158 4.65694 1232 499 511.722
150 4.64234 1285 487 507.958
143 5.16011 1245 489 509.868
143 4.70311 1263 472 470.569
132 4.63768 1293 481 498.474
147 5.38472 1244 511 562.342
117 4.62528 1274 490 509.345
151 5.09516 1235 456 438.4
124 5.00076 1217 491 498.49
142 4.76071 1334 465 483.914
142 5.26727 1149 476 448.19
131 5.56929 1210 499 525.994
130 4.64084 1262 523 575.298
131 5.17881 1241 461 452.109
145 5.02389 1237 534 600.021
134 5.07072 1248 475 480.113
138 4.83449 1252 511 550.654
123 4.71466 1265 496 520.795
141 5.01622 1287 493 531.885
138 5.18638 1268 494 530.644
135 4.51559 1190 510 512.166
149 5.16202 1313 522 612.798
140 4.99594 1374 501 585.811
149 5.25737 1182 476 460.844
143 4.95644 1168 515 525.135
151 4.85863 1243 496 515.732
147 5.47363 1223 508 548.621
135 5.23513 1323 486 537.143
139 4.98553 1263 491 516.928
130 4.76967 1252 484 492.281
123 5.56215 1212 517 565.379
142 4.90491 1274 515 571.258
142 4.94341 1288 482 506.909
133 4.93016 1236 511 546.364
125 5.09595 1202 548 616.249
139 4.68981 1208 495 494.646
136 4.59089 1265 471 466.376
131 4.96392 1258 490 512.217
142 5.31403 1216 499 522.433
142 4.54326 1262 532 591.972
127 4.76973 1272 508 550.978
124 5.37918 1254 520 586.854
136 5.0878 1278 506 558.401
137 4.22989 1252 514 537.946
144 4.80034 1262 492 513.603
139 4.69015 1188 488 472.804
140 5.07359 1153 454 405.271
129 5.27037 1244 511 559.313
134 5.14226 1299 501 557.922
129 5.22438 1287 474 496.783
144 5.56599 1242 477 493.275
130 5.20337 1326 515 603.597
135 4.54147 1291 517 571.849
131 5.01483 1266 527 597.819
141 5.27824 1234 532 601.582
122 4.95713 1258 492 516.226
135 4.85315 1215 499 510.083
121 4.69199 1261 497 520.592
134 5.1186 1236 496 519.711
133 4.78418 1226 506 527.292
128 4.46267 1268 523 572.137
138 5.12375 1259 491 518.896
125 4.78089 1274 501 537.065
129 5.29985 1218 506 537.715
132 4.72468 1278 508 552.218
135 5.20026 1293 506 568.098
133 5.84194 1193 530 591.998
131 4.49361 1271 492 508.443
142 4.65377 1171 522 532.161
135 4.84716 1304 471 487.579
129 4.65125 1235 486 486.433
137 4.91377 1213 497 506.785
150 4.73349 1252 516 558.426
145 5.00014 1244 501 530.499
126 5.57569 1293 480 520.235
149 4.3489 1237 478 463.063
140 5.1735 1261 477 491.709
139 5.13689 1219 510 542.398
130 5.32809 1230 491 511.98
119 4.79075 1224 482 477.847
140 5.18734 1307 527 622.511
142 5.02486 1201 486 482.56
134 5.29253 1303 459 473.176
146 4.93399 1188 482 467.324
131 4.87105 1253 469 465.128
131 4.9287 1313 478 507.819
136 4.71081 1182 504 502.342
130 5.06582 1219 461 441.612
134 5.06921 1302 507 570.606
130 4.53476 1186 487 465.96
138 5.53624 1291 463 482.435
119 4.53561 1220 479 463.722
132 4.89171 1202 493 493.567
132 5.38788 1220 507 542.972
137 5.07574 1276 518 583.931
147 4.60723 1205 528 558.807
134 4.55529 1286 507 548.247
130 5.5435 1222 499 530.597
129 5.08787 1237 471 468.303
134 5.32799 1273 469 483.456
142 4.89579 1214 525 565.43
135 4.92662 1220 493 501.874
146 5.15072 1251 513 563.589
134 4.52499 1269 500 525.245
138 4.82733 1307 453 451.584
124 5.00086 1231 453 429.199
123 4.96108 1337 513 596.6
139 4.81022 1234 498 514.805
143 4.77815 1241 537 600.95
141 4.67581 1235 490 495.152
138 5.43813 1250 501 544.5
146 4.42499 1222 520 543.857
131 4.99408 1318 481 517.916
142 4.9615 1208 533 581.9
131 5.54237 1289 527 624.23
137 5.30501 1256 490 520.106
123 4.75953 1249 509 542.846
134 4.82515 1239 520 564.019
137 5.10404 1258 485 505.394
143 5.08366 1269 525 596.766
130 5.41639 1288 515 592.252
132 4.73459 1219 509 529.087
155 4.80429 1213 529 570.824
148 4.66426 1282 475 482.697
132 4.55065 1238 499 511.123
142 5.07622 1262 531 606.89
136 5.21323 1278 508 566.312
131 5.33282 1217 498 521.232
134 4.96022 1199 543 599.4
141 4.75833 1257 498 522.931
145 5.02537 1271 499 538.386
120 4.52195 1256 482 483.022
139 4.559 1271 491 508.301
146 4.98823 1216 479 473.728
119 4.47117 1240 509 530.215
150 4.91182 1264 498 530.166
130 5.08582 1170 503 505.118
150 4.72979 1239 530 582.904
126 4.86773 1271 509 555.623
149 5.05507 1250 527 591.468
134 5.05382 1323 482 523.632
148 5.20816 1265 519 584.946
160 5.40171 1269 514 580.857
126 4.83846 1248 519 566.335
145 5.0655 1211 516 549.632
125 4.93451 1379 509 604.95
150 4.79897 1331 524 614.394
130 4.50071 1229 500 507.97
118 4.70285 1273 512 558.082
131 5.29005 1248 498 533.426
142 5.07928 1198 524 561.11
132 4.81234 1268 498 529.049
152 4.38366 1278 484 491.532
135 4.97831 1237 513 552.468
141 5.06008 1295 466 479.238
128 5.34751 1200 466 450.334
131 4.60938 1213 484 472.728
138 5.81784 1258 455 459.61
123 5.24215 1245 518 574.425
150 4.85873 1251 480 486.107
140 4.96517 1386 486 555.194
154 5.32596 1242 478 489.912
129 4.94836 1282 491 523.7
144 5.50273 1274 518 595.007
156 5.36483 1198 495 507.694
122 4.93745 1179 508 515.261
129 5.10514 1259 487 510.004
141 5.04388 1326 459 475.69
138 5.20729 1193 530 575.26
142 4.5833 1283 519 574.087
135 4.80668 1197 525 554.88
132 4.85614 1192 495 492.515
146 4.90068 1137 474 431.787
131 5.29076 1308 527 626.102
125 4.92753 1229 540 606.598
131 5.34118 1290 521 604.948
143 5.30469 1270 485 515.218
107 5.31972 1284 497 547.382
131 5.25145 1275 515 581.733
132 5.47605 1281 517 595.246
132 5.46069 1222 521 576.247
134 5.19153 1264 487 514.214
137 5.23 1325 504 578.398
146 4.78835 1274 468 468.833
142 4.85756 1302 471 487.1
140 4.73654 1286 487 511.015
121 4.87151 1301 505 559.946
135 4.85628 1181 503 503.874
128 5.3734 1244 501 540.262
144 5.13951 1166 503 504.736
132 5.29046 1206 538 601.619
153 5.48451 1208 492 508.547
136 5.05591 1236 485 495.359
131 4.57584 1300 511 563.659
140 4.95728 1263 478 489.205
135 4.58751 1260 515 555.272
126 4.90579 1251 506 541.536
144 4.86831 1267 490 513.312
129 4.66829 1253 492 506.266
125 5.09663 1294 510 574.619
129 5.35451 1255 485 510.331
131 5.05859 1254 465 462.041
122 5.14106 1241 494 518.19
137 5.15677 1213 507 533.92
140 4.91323 1196 497 499.668
121 4.77081 1308 485 516.46
149 4.97136 1202 489 487.607
125 5.09804 1222 490 500.956
138 4.87626 1160 495 479.803
131 4.88938 1189 494 490.152
133 4.84859 1308 506 564.504
136 5.13995 1229 468 460.557
133 4.95526 1146 514 513.213
141 4.65773 1218 473 454.581
122 5.2098 1288 504 561.697
130 4.9483 1228 500 520.198
143 4.72012 1281 506 549.027
132 4.42452 1260 515 550.021
131 5.43998 1200 497 514.45
149 4.9339 1244 506 539.296
133 5.07803 1145 509 505.991
138 5.24053 1345 481 535.036
134 4.71129 1236 522 563.497
122 4.86242 1291 551 661.16
141 5.00537 1301 481 511.531
132 5.10103 1220 521 565.505
128 4.96909 1273 479 495.446
139 4.44268 1272 538 606.618
142 5.51474 1280 497 550.621
117 4.83354 1205 531 572.251
137 4.99918 1185 485 473.554
130 4.99136 1265 482 499.089
125 5.02165 1177 464 431
134 4.30372 1299 492 513.748
138 4.78871 1305 487 520.037
129 5.10158 1237 484 494.85
143 4.41483 1265 484 487.444
133 4.7418 1271 505 543.235
139 5.156 1293 456 460.375
137 5.03666 1239 537 608.157
132 5.03587 1306 513 585.001
129 5.20669 1312 506 576.626
142 5.16477 1269 504 552.196
134 5.12749 1227 498 520.326
135 4.80647 1261 503 536.577
125 4.74373 1297 491 524.093
136 4.85295 1221 530 578.264
139 5.32314 1261 475 491.117
121 5.55493 1284 502 564.531
136 4.9373 1205 531 575.385
142 5.12492 1254 484 502.233
140 5.19028 1204 483 481.763
141 5.04486 1262 489 513.87
134 4.71256 1258 541 616.081
142 4.96188 1278 475 488.938
128 5.14762 1325 534 646.699
147 5.38059 1322 511 597.486
129 4.52831 1313 509 563.305
144 4.93413 1280 489 518.249
135 5.01543 1253 523 582.75
140 4.34586 1174 485 452.361
144 4.96213 1232 489 499.539
150 5.36992 1287 475 502.347
131 4.8048 1192 497 495.144
139 4.71709 1285 474 483.204
140 5.02537 1282 491 525.773
142 5.30505 1192 512 538.924
133 3.93614 1233 487 466.446
143 5.26166 1284 512 579.318
128 5.41381 1222 515 561.837
132 4.3644 1214 500 497.717
137 4.86915 1258 512 556.483
127 4.87751 1324 517 597.438
133 4.71946 1205 523 551.719
124 5.1812 1230 494 514.611
141 4.92598 1259 535 609.902
147 4.96009 1230 521 566.077
132 4.74963 1312 526 608.626
135 5.38684 1212 473 469.468
134 4.66733 1275 500 532.016
143 5.06642 1174 495 490.373
129 4.57491 1193 521 537.68
132 5.03581 1266 490 517.372
119 5.06163 1287 515 581.75
136 5.48249 1289 499 558.146
144 5.4218 1277 506 566.992
142 4.85643 1329 515 594.4
137 5.25478 1249 504 545.873
129 4.87915 1213 483 477.767
136 5.21962 1292 529 621.02
129 5.41074 1322 551 695.661
147 5.44624 1301 510 587.478
131 5.13586 1203 511 537.352
139 4.49809 1220 505 514.307
149 4.95602 1308 531 625.173
149 4.93788 1177 485 468.873
146 5.04433 1373 474 525.281
121 4.81365 1242 479 479.447
133 5.19994 1210 512 544.305
133 4.87558 1326 498 555.113
120 5.37349 1284 504 564.334
133 5.15153 1225 503 530.591
128 5.32376 1289 496 547.409
137 4.31002 1309 498 530.613
124 4.37876 1220 519 539.381
120 5.03375 1286 508 564.807
134 5.18231 1274 501 548.262
134 5.13291 1155 503 499.812
143 5.17765 1253 481 496.919
131 4.78068 1265 510 552.597
147 4.86413 1309 502 556.498
133 4.90407 1260 483 496.929
136 5.06399 1182 498 499.656
156 5.44987 1290 473 501.139
133 5.28522 1232 498 526.466
141 4.87336 1300 500 548.544
129 5.02406 1288 492 530.352
140 4.70524 1274 512 558.595
150 5.09225 1230 516 559.004
132 4.99012 1228 513 548.781
153 4.91756 1307 479 507.321
151 5.00286 1250 537 612.502
126 5.30137 1310 514 596.805
169 4.66662 1217 517 542.911
147 5.05071 1301 506 567.391
155 4.59837 1208 486 474.382
119 4.43471 1263 517 555.959
151 4.84411 1214 490 491.209
122 5.30351 1209 476 472.41
127 4.94886 1246 503 534.191
139 5.34912 1283 528 618.172
136 5.43408 1297 508 580.762
148 4.84125 1279 490 517.43
132 5.31726 1198 517 552.586
131 4.88415 1345 466 493.253
138 5.11705 1285 513 577.943
138 5.04906 1326 506 578.246
130 5.02031 1267 480 496.472
140 5.01875 1254 512 559.034
137 4.82326 1279 497 531.809
133 4.87869 1216 497 507.104
131 4.82198 1225 501 517.552
134 5.02104 1300 481 511.547
150 5.57186 1227 505 546.351
134 5.32957 1231 508 548.53
138 4.72888 1278 490 513.896
140 5.49915 1247 502 546.886
132 5.32317 1253 499 538.562
136 5.00703 1211 499 512.492
131 4.83863 1324 489 533.377
141 4.70241 1252 475 472.401
134 5.27623 1219 504 533.31
124 5.07449 1196 482 473.859
151 5.18392 1268 498 539.207
147 5.02703 1253 503 539.35
137 4.81167 1190 499 498.483
139 4.47446 1260 464 447.801
123 4.91498 1212 520 554.354
151 5.48265 1286 475 504.575
125 4.80239 1263 512 556.71
133 5.05756 1213 522 563.192
149 5.08814 1219 503 526.334
151 4.16388 1299 519 566.662
137 5.36822 1252 519 583.368
139 5.0271 1251 503 538.491
117 4.73806 1220 499 509.016
140 4.89937 1201 547 607.352
145 4.85952 1195 511 526.284
145 5.22815 1311 458 472.547
140 4.66508 1326 530 621.606
134 5.19072 1229 502 531.228
142 5.14095 1242 484 497.821
126 4.58315 1254 465 450.418
121 4.78042 1229 492 499.635
144 4.65404 1267 500 528.285
130 4.26808 1214 489 473.245
129 5.00366 1299 500 551.844
152 4.67336 1178 500 491.706
116 5.06044 1240 499 526.187
135 4.43975 1250 499 512.742
151 4.99592 1252 487 504.379
138 5.08924 1295 525 609.163
135 4.82925 1253 522 574.914
138 5.36087 1217 481 486.894
132 4.6419 1092 503 460.484
130 5.59417 1279 514 590.571
124 4.68271 1218 521 552.292
129 5.04226 1222 475 469.437
144 4.78634 1256 506 540.258
151 4.63743 1258 480 482.959
140 4.98385 1261 478 489.099
128 4.78634 1230 476 468.198
127 4.49149 1188 498 486.842
125 5.35881 1255 482 504.139
122 5.01868 1219 472 461.835
143 4.49358 1246 510 535.58
133 5.00874 1324 513 592.246
145 4.96757 1226 488 495.214
132 4.63812 1232 513 540.268
141 5.0754 1298 517 591.698
131 5.09556 1273 479 498.634
130 4.62738 1258 481 484.699
147 5.08676 1172 516 532.499
136 5.33969 1239 512 561.091
140 4.59553 1336 485 522.406
144 4.97864 1290 532 619.617
144 4.84929 1191 477 456.797
154 5.47542 1330 517 617.998
141 4.44796 1270 530 587.97
134 4.99795 1222 515 550.587
133 4.78301 1256 517 563.901
145 5.11076 1177 507 516.897
136 4.95577 1211 501 515.25
131 4.56361 1282 479 488.075
130 4.84387 1231 503 524.86
145 4.73752 1263 507 543.973
130 5.42202 1289 501 561.071
130 5.0893 1350 485 541.956
126 4.40733 1262 498 514.596
143 5.15833 1333 515 605.449
153 4.87712 1286 515 575.798
146 5.12905 1301 517 594.653
135 5.0088 1257 493 519.29
124 5.51041 1235 528 599.487
126 4.8932 1209 500 510.68
137 5.46516 1212 514 556.39
141 5.47373 1239 478 492.094
140 5.26497 1256 494 527.624
145 5.07145 1173 450 405.024
131 4.7164 1182 456 411.341
142 4.50796 1225 516 539.468
147 4.42068 1271 470 461.994
142 5.05868 1192 464 437.312
125 4.90893 1226 502 522.442
142 5.24873 1271 482 507.904
129 5.32001 1184 499 508.829
139 5.26807 1303 498 556.35
124 5.4303 1185 499 511.888
141 4.54881 1207 515 530.737
136 4.88987 1234 498 516.987
135 4.85349 1235 487 493.852
145 5.19931 1199 476 466.162
138 5.07039 1277 517 581.978
129 5.30108 1281 493 536.874
138 5.17754 1295 503 561.627
118 5.13104 1212 508 534.907
123 5.13749 1266 464 466.29
127 4.77009 1265 479 487.18
136 5.14417 1120 506 490.737
128 4.84083 1251 508 543.956
146 5.52821 1251 520 589.465
134 4.69395 1222 506 522.984
132 5.06619 1289 482 510.494
132 4.79208 1335 519 604.311
142 4.72823 1284 502 541.887
129 4.67408 1254 511 546.735
137 4.92989 1177 464 428.971
129 5.19682 1190 524 560.609
141 5.26255 1235 451 432.365
125 5.55206 1204 510 546.294
133 5.44659 1292 489 536.366
144 5.44911 1246 499 538.704
139 5.41697 1219 501 530.478
135 4.66016 1187 538 573.213
132 4.83321 1205 483 473.461
123 4.91845 1225 486 489.514
142 4.6457 1317 534 626.062
128 5.04973 1302 527 615.907
139 4.84843 1257 519 570.722
144 5.3453 1202 511 542.354
141 4.86999 1281 495 529.676
141 5.27629 1173 522 550.497
137 5.07321 1182 465 435.833
131 5.28279 1277 502 554.433
139 4.8239 1195 501 504.929
136 4.78585 1314 520 596.899
159 4.81407 1245 481 484.638
149 4.74156 1170 477 446.145
119 4.77165 1317 477 503.023
135 5.26861 1259 483 505.681
130 5.02953 1231 517 559.858
149 5.15482 1269 483 506.89
138 4.94597 1264 549 645.46
143 4.79569 1214 509 528.669
147 5.01766 1124 495 468.332
126 4.58171 1347 525 616.684
133 5.18036 1262 503 547.391
145 5.05559 1237 510 548.178
136 5.12086 1391 453 487.925
151 5.73557 1234 534 618.812
129 4.7644 1217 474 458.819
143 5.0708 1343 527 635.976
138 5.82721 1270 494 547.162
130 4.74772 1303 464 470.305
154 5.20263 1209 470 458.348
143 5.07953 1310 480 514.858
144 5.30637 1251 512 565.634
118 5.25388 1307 504 571.198
136 4.86574 1293 503 551.935
137 5.43993 1196 499 516.869
145 5.35852 1350 491 562.734
145 5.05248 1313 507 574.942
128 5.12764 1319 487 534.907
134 4.77885 1234 478 473.484
145 4.7306 1304 497 539.49
143 4.58071 1292 496 527.932
139 4.94964 1262 485 503.041
141 5.59434 1233 492 521.642
141 5.09876 1333 506 582.751
152 4.86504 1242 482 486.803
148 4.72969 1273 505 543.729
129 5.57836 1254 493 532.306
126 4.74599 1235 504 525.88
135 4.24383 1275 514 548.31
124 5.20157 1251 488 511.268
132 5.22461 1241 499 530.896
135 5.63617 1310 488 546.252
134 4.82131 1296 503 551.909
142 4.63095 1281 478 487.522
133 4.93124 1270 481 497.439
142 4.95651 1222 516 551.551
144 5.44775 1208 535 600.314
135 5.18655 1200 496 506.265
144 5.08354 1189 527 563.41
146 5.24051 1176 469 444.757
132 5.22598 1249 498 532.215
134 4.66977 1212 507 520.058
134 4.73733 1215 482 472.959
129 5.44201 1192 502 521.402
137 4.65774 1273 473 475.108
136 4.51182 1291 498 529.679
144 4.92597 1181 509 517.86
139 4.99958 1276 487 514.144
138 4.8035 1204 503 512.241
147 4.97662 1226 505 530.565
125 5.20587 1282 486 519.76
138 5.1846 1239 488 505.944
133 5.04053 1178 483 467.865
119 4.89304 1315 540 647.876
139 4.83996 1297 539 634.858
132 5.18163 1274 495 535.191
147 4.50203 1247 458 432.492
134 5.13944 1227 467 457.833
135 5.05977 1254 481 494.414
152 5.12076 1242 491 511.813
134 5.26702 1270 480 503.744
128 4.68521 1316 497 543.094
138 4.30184 1176 465 415.407
144 4.80973 1180 466 431.033
138 5.11084 1265 494 527.421
128 4.94375 1262 512 560.437
150 4.82384 1298 448 438.547
135 4.93223 1304 507 567.495
129 4.69094 1166 509 504.868
128 4.79731 1266 508 549.197
141 4.65761 1194 498 493.971
141 5.19722 1289 490 531.012
107 4.97368 1268 487 510.242
128 4.90257 1242 471 465.757
143 4.97866 1246 463 453.305
146 4.98456 1191 505 515.628
133 5.21034 1305 474 503.389
135 4.96482 1269 508 555.38
140 4.44398 1348 478 507.508
152 5.26862 1148 499 492.152
129 5.30847 1213 493 508.553
138 4.42922 1282 523 577.308
136 5.11188 1287 464 473.424
131 4.78332 1239 495 509.942
132 5.00043 1230 493 507.919
129 5.21924 1241 511 556.593
133 4.87121 1307 484 516.708
125 5.64585 1290 504 574.008
136 4.51748 1178 470 430.638
146 4.93732 1231 479 478.313
148 4.6306 1271 514 559.31
148 5.46605 1224 475 479.885
135 4.73576 1251 490 503.228
135 5.19677 1242 508 549.919
123 5.5346 1227 466 464.446
140 4.9459 1162 489 470.761
129 4.96085 1261 513 562.681
113 5.22688 1277 498 544.169
127 4.41898 1214 480 460.206
132 4.88149 1222 509 534.591
138 4.88427 1242 493 509.793
138 4.88612 1192 496 495.291
127 5.01507 1298 533 626.973
152 4.80487 1268 526 589.976
144 5.34403 1261 490 523.14
130 5.15753 1300 516 592.732
136 4.8599 1311 491 533.071
140 5.0666 1286 527 608.856
137 4.89029 1190 496 494.568
146 4.48199 1239 492 495.305
141 4.58914 1317 489 523.316
133 4.87308 1222 498 511.507
139 4.8803 1160 486 462.613
128 5.06251 1325 501 566.832
147 4.9256 1253 498 525.93
152 5.24369 1276 537 632.756
132 5.05434 1173 517 534.15
154 4.89034 1182 475 450.528
134 5.19216 1238 502 535.156
148 5.11287 1206 482 478.738
141 5.28118 1205 498 514.829
136 4.8423 1254 496 519.845
136 5.19406 1288 502 556.821
147 5.11413 1265 487 512.664
139 4.80461 1203 532 572.567
136 4.74439 1226 496 505.562
162 5.28419 1265 499 542.715
142 5.02535 1306 494 542.18
136 5.33193 1214 501 526.208
132 5.13642 1200 526 567.959
138 5.14351 1241 474 477.138
152 5.11153 1272 525 599.009
133 5.42094 1278 497 547.408
136 5.3668 1186 483 478.579
139 5.15448 1279 545 650.451
135 4.25684 1194 495 476.605
129 5.35247 1289 519 600.165
146 4.83801 1215 480 471.599
131 5.19752 1258 507 554.833
141 4.77631 1251 485 494.101
127 5.11411 1245 465 460.001
123 5.91052 1315 524 639.676
146 4.31682 1302 478 486.439
139 5.40555 1212 492 508.383
141 5.08695 1401 491 576.364
136 5.13553 1157 499 492.81
143 4.9818 1208 464 441.452
145 4.69701 1253 512 549.137
144 4.97802 1222 516 552.163
141 5.12143 1177 505 513.098
143 5.13726 1191 513 536.202
137 5.42373 1260 501 548.491
121 5.21442 1201 470 455.576
128 5.10446 1279 501 548.304
143 4.94321 1225 484 486.119
133 4.73955 1275 503 540.57
151 4.94393 1291 492 529.406
147 5.03733 1254 518 572.753
132 5.1601 1243 503 538.614
143 5.30979 1236 525 587.686
146 5.05839 1272 509 561.559
141 4.91324 1291 494 532.866
135 4.68942 1294 478 494.08
130 5.01145 1210 451 418.387
130 4.69612 1230 515 545.366
140 5.4847 1212 464 453.812
140 4.71624 1215 518 545.615
153 5.02455 1201 517 546.076
138 4.87485 1326 525 616.914
142 4.64418 1222 511 531.894
138 4.44672 1260 472 462.618
136 4.90379 1204 478 465.056
147 5.33012 1306 502 568.299
139 4.61264 1250 512 545.243
150 5.12834 1221 507 536.688
145 4.99425 1263 507 551.413
140 4.45111 1246 478 469.304
121 4.96784 1216 535 590.35
140 5.10316 1251 456 444.257
143 4.76235 1167 525 539.679
148 5.06918 1272 489 518.577
134 4.49563 1299 529 600.812
126 4.47045 1247 501 516.557
129 4.63179 1191 526 548.899
133 5.19215 1229 481 487.746
147 4.7254 1239 515 550.244
133 4.82364 1293 509 563.917
117 4.83246 1224 486 486.9
142 4.93581 1240 482 487.826
128 4.72042 1232 488 491.135
119 4.72884 1300 482 505.811
125 4.43513 1226 478 461.334
130 5.27364 1279 510 572.891
146 5.02827 1231 491 504.931
129 4.59646 1271 505 538.853
133 5.15438 1285 482 511.147
154 5.10033 1265 521 586.343
133 4.58249 1286 501 536.182
137 5.41349 1284 499 554.223
137 4.91129 1307 509 572.671
133 4.32964 1290 514 557.724
131 4.78641 1225 509 533.192
131 4.64478 1148 470 422.731
143 5.06744 1210 504 523.983
131 4.82196 1282 490 518.11
147 4.33922 1251 491 493.831
128 5.11005 1235 514 557.428
126 5.4643 1205 470 462.505
133 5.03937 1222 521 564.68
125 5.01579 1238 519 567.01
118 5.11109 1302 496 547.259
139 5.28594 1257 471 480.5
121 5.42009 1251 504 551.022
147 5.07103 1229 547 627.011
121 5.57448 1262 523 602.779
140 4.62878 1238 494 503.165
145 5.07208 1213 512 542.216
128 5.32245 1291 539 647.4
129 4.93735 1268 508 554.154
139 4.99281 1279 497 536.549
123 5.08289 1214 491 499.331
132 5.68868 1246 510 568.772
115 5.53898 1224 494 520.762
138 4.94355 1193 508 521.544
144 5.38367 1210 530 588.375
133 4.35216 1242 499 506.785
153 4.76461 1278 478 489.988
130 5.12505 1288 526 609.266
141 5.36872 1240 507 551.38
136 4.96216 1281 505 553.954
131 5.19577 1288 524 606.746
137 4.68261 1192 442 389.013
144 5.29312 1295 499 555.822
142 4.52007 1219 471 447.591
151 5.05248 1239 511 551.133
142 5.53211 1284 522 609.784
149 4.37535 1232 508 521.735
131 5.1492 1189 516 541.9
127 5.43866 1323 506 587.873
134 5.27412 1292 474 499.908
131 5.35141 1258 510 565.565
125 5.05515 1274 472 483.565
128 4.94815 1239 503 531.171
138 4.71884 1253 480 483.221
143 5.26 1268 517 583.281
131 5.0046 1269 508 556.515
136 5.32688 1255 493 526.62
146 5.24996 1181 489 485.775
141 5.19964 1208 493 503.815
128 4.85823 1222 492 498.864
142 5.05657 1211 478 471.447
137 5.04983 1222 512 545.627
129 5.31072 1230 516 564.979
127 4.6219 1225 492 493.667
137 5.04129 1280 485 512.615
132 4.7782 1329 452 455.954
136 5.30941 1295 505 569.709
122 4.75511 1215 515 540.462
136 5.07216 1219 475 468.991
126 5.45058 1255 504 553.561
132 4.88287 1378 501 584.078
131 4.79216 1197 480 463.472
142 5.15976 1242 532 602.016
125 4.7093 1150 514 508.287
135 5.20446 1251 503 543.257
136 4.88668 1228 508 535.253
152 5.50624 1264 498 545.718
157 4.90373 1211 510 532.484
137 4.55492 1187 519 530.268
131 4.58435 1237 504 522.003
133 5.19313 1227 515 558.254
153 5.14991 1149 471 436.33
128 5.12656 1285 510 571.473
153 4.23168 1173 508 492.36
131 5.25607 1184 454 419.912
122 4.98986 1226 472 463.804
132 4.61093 1330 441 430.355
108 4.69513 1354 518 607.328
141 4.38661 1186 508 502.597
143 4.35163 1280 513 551.99
136 5.43415 1323 490 551.169
133 5.15929 1223 458 439.35
135 4.67489 1257 511 548.068
128 5.19178 1282 510 571.969
127 5.268 1425 517 655.752
128 4.84462 1136 520 517.669
140 4.36607 1249 458 429.696
138 4.72653 1244 496 512.484
133 5.4181 1225 510 552.443
147 4.79799 1251 501 527.856
131 5.54198 1241 496 532.351
143 4.66569 1276 492 515.484
143 4.46797 1249 500 515.247
145 4.95272 1180 524 549.129
134 5.59526 1295 511 591.028
139 5.04079 1275 461 461.316
128 5.02551 1212 488 491.012
152 4.84008 1249 502 530.313
140 5.29882 1216 519 564.743
131 5.25084 1287 495 542.469
130 5.12673 1250 501 536.465
139 5.17074 1282 499 546.999
126 4.84593 1247 524 577.067
137 4.94043 1227 530 583.78
125 5.06978 1252 491 514.623
158 5.09962 1245 505 542.154
130 5.26431 1151 502 499.287
135 5.02529 1232 527 582.073
133 5.28316 1311 529 632.081
128 4.9805 1175 493 484.712
129 4.79367 1323 513 585.163
130 5.05849 1253 487 506.389
134 5.55321 1214 483 494.077
147 4.56129 1270 464 453.638
135 4.49637 1125 531 524.298
147 4.90375 1209 518 548.414
133 5.12915 1161 507 510.336
124 4.78367 1294 512 569.799
155 4.63978 1280 484 499.695
126 5.15992 1216 479 477.828
147 5.22957 1222 526 581.01
140 4.61906 1152 506 490.966
135 4.43193 1290 498 526.787
140 5.54863 1243 501 544.176
142 5.59881 1217 461 452.124
148 4.80119 1220 477 466.718
136 5.07361 1191 543 598.848
129 5.02037 1305 492 537.251
145 4.94531 1259 495 522.636
147 4.94575 1223 487 491.425
150 4.76247 1224 511 536.255
145 5.57164 1323 499 575.176
133 5.70075 1286 502 569.058
129 4.8129 1223 502 518.519
141 5.14058 1210 493 503.19
125 5.23496 1267 514 575.383
149 5.14353 1257 470 475.168
151 4.69519 1246 532 589.505
145 4.93627 1291 495 535.668
136 4.71287 1251 500 523.32
125 5.33285 1221 514 557.088
139 5.55166 1299 508 584.774
137 4.79077 1221 482 476.677
133 4.86031 1284 526 599.191
138 5.04601 1185 482 468.828
131 5.10207 1257 468 470.165
122 4.63428 1196 506 510.155
136 4.69058 1163 512 509.513
135 5.26293 1240 508 550.792
127 4.87763 1294 507 561.534
136 5.50339 1269 520 597.276
145 5.23926 1248 491 517.275
127 5.8474 1213 496 527.293
149 5.06039 1171 518 535.467
147 5.05133 1112 512 496.55
136 5.03696 1244 494 516.746
136 4.72525 1219 538 590.791
133 4.71487 1312 526 607.468
143 5.4792 1273 501 555.562
135 4.55227 1203 500 498.712
132 4.81646 1203 516 538.988
137 5.1145 1213 477 471.617
136 4.9355 1303 504 560.464
136 5.36954 1320 499 568.598
130 4.99244 1238 489 502.755
151 4.6712 1195 486 471.203
154 5.17053 1232 492 511.015
128 4.80342 1262 515 562.838
133 4.68334 1263 489 504.524
141 5.05921 1201 481 473.504
148 5.4197 1318 492 553.208
134 5.34092 1216 482 488.062
124 5.35803 1346 530 653.722
124 4.81437 1125 508 488.478
134 5.39483 1191 482 479.234
129 5.01398 1297 475 497.534
128 4.8748 1302 513 578.372
139 4.69184 1271 481 491.475
128 4.14135 1256 475 458.274
145 5.87586 1316 480 536.394
122 5.50862 1280 496 548.255
123 5.13124 1246 496 524.245
148 4.44049 1158 496 469.331
149 4.9531 1247 505 538.998
124 4.97847 1247 484 495.751
140 5.1212 1234 535 603.753
139 4.94818 1272 528 600.873
141 5.40992 1189 517 550.82
138 5.02695 1196 492 492.542
129 4.66076 1228 570 665.676
136 5.63732 1202 501 528.304
143 4.66572 1366 470 503.595
147 5.03761 1229 522 570.046
123 5.27752 1247 524 589.754
137 4.58068 1217 509 523.694
142 4.68925 1286 516 572.194
136 5.03765 1261 511 560.499
126 4.72598 1172 481 454.047
139 5.53165 1193 511 542.929
130 5.46244 1186 511 538.05
133 4.72243 1296 499 540.262
141 4.76766 1242 474 468.327
146 5.28005 1182 506 521.33
146 5.00068 1255 503 539.487
141 4.67984 1233 463 441.47
133 4.95464 1251 486 500.844
135 4.68843 1308 466 474.639
125 5.20827 1299 485 524.548
137 5.13788 1207 498 512.107
140 5.38877 1310 504 576.172
136 5.11457 1347 520 622.397
155 4.83982 1242 488 498.33
139 4.78842 1249 489 501.81
141 5.03185 1224 525 574.103
131 5.2994 1299 492 542.168
147 5.09788 1269 528 604.035
145 5.20233 1247 515 567.608
143 5.27423 1274 455 454.219
149 5.12088 1196 459 430.711
111 5.18648 1283 482 511.155
145 5.15502 1314 493 546.829
139 4.82653 1257 524 581.093
140 5.18302 1259 486 509.867
131 5.02182 1234 473 469.577
139 4.99492 1219 496 509.378
131 5.29382 1258 502 546.471
142 4.66618 1254 511 546.494
129 5.42238 1250 531 611.217
142 5.19425 1271 502 549.477
147 4.97542 1256 495 522.202
126 5.14425 1284 491 529.736
133 5.17382 1243 463 456.663
143 4.86273 1289 507 558.924
159 4.63219 1163 456 402.837
124 4.80885 1282 508 556.483
125 4.87669 1295 482 507.889
124 5.12331 1307 487 529.926
133 4.30298 1207 510 512.907
149 4.98704 1235 514 553.976
126 4.48973 1225 486 478.053
138 4.9761 1309 507 570.964
128 4.8926 1234 500 521.223
136 5.17414 1326 464 489.271
141 4.32499 1296 500 530.059
155 4.99154 1298 519 593.755
143 4.81519 1257 537 609.913
139 5.2693 1269 521 593.073
137 4.7683 1221 508 528.846
124 4.84095 1362 478 524.342
123 5.04258 1245 485 498.631
124 5.41363 1287 447 445.774
154 5.0778 1258 496 527.886
137 5.21707 1285 499 549.519
128 4.56886 1273 496 519.816
135 4.89666 1236 473 467.306
132 5.4809 1210 507 540.834
135 4.79695 1226 485 484.767
126 5.37688 1174 488 483.823
140 4.95063 1235 464 450.594
143 4.831 1276 516 572.139
143 5.51546 1223 526 589.307
124 5.04633 1232 496 516.158
141 5.03793 1216 497 511.294
132 5.05753 1286 499 545.627
147 5.02234 1208 496 505.488
142 4.78158 1285 477 491.064
146 4.76274 1215 490 489.467
141 4.93935 1294 507 563.351
143 5.14906 1206 503 522.298
135 5.05779 1318 522 611.95
147 4.84167 1216 485 481.965
140 4.98274 1374 508 601.888
139 4.81123 1265 524 584.313
134 4.97586 1214 493 500.681
146 4.77296 1360 478 521.664
142 4.87747 1287 520 587.5
127 5.04752 1288 514 579.531
149 4.70509 1200 509 519.997
145 4.83028 1267 515 565.882
143 5.07565 1199 469 449.795
131 5.35521 1264 519 588.601
138 4.81614 1212 456 424.071
145 5.09205 1302 514 587.142
143 5.19073 1211 456 431.913
137 5.16923 1262 512 566.845
144 5.32578 1296 527 621.389
138 5.11497 1244 519 572.608
135 5.21856 1239 511 555.677
151 5.22717 1219 510 544.797
160 4.29177 1315 490 515.475
135 4.40811 1282 480 485.667
131 5.4918 1256 509 566.113
143 4.74609 1314 515 584.212
125 4.93524 1300 462 469.854
141 4.67781 1277 484 499.585
132 4.98042 1299 477 501.644
134 5.13579 1169 497 493.944
131 5.0849 1177 533 570.534
136 5.01647 1282 511 569.22
148 4.59519 1294 506 550.739
131 5.36203 1169 470 446.568
150 4.73497 1313 500 549.923
130 5.42267 1168 534 577.601
135 4.9252 1213 498 509.13
131 4.81297 1216 504 519.67
131 4.85883 1247 458 441.156
146 4.99899 1234 498 519.921
136 4.78199 1218 470 451.909
124 4.87197 1258 490 509.764
134 4.96449 1222 484 485.462
139 5.16306 1234 472 470.905
142 5.48129 1241 494 526.618
123 5.12522 1167 482 463.541
133 4.9621 1287 487 517.579
140 4.91207 1272 518 577.242
134 5.32358 1197 507 531.132
144 4.99584 1281 497 537.471
139 4.90093 1260 480 490.695
140 4.80844 1192 506 513.339
148 4.83918 1284 500 540.812
137 5.11599 1264 495 529.275
139 5.48092 1267 507 566.312
136 5.07881 1265 490 518.085
126 4.83874 1257 501 531.547
130 4.89242 1325 506 573.167
127 4.67378 1283 506 548.476
145 4.94901 1207 516 544.569
140 5.34389 1222 533 599.837
144 5.00115 1205 471 454.193
136 4.87813 1305 459 464.166
130 4.88896 1309 491 533.075
150 5.03561 1273 473 484.756
142 5.25144 1245 504 544.038
136 5.1586 1250 449 431.56
137 4.44523 1262 497 513.69
135 5.0475 1316 486 529.374
142 5.04913 1245 500 530.126
138 5.08034 1222 492 504.607
123 4.76554 1222 493 498.409
124 5.10405 1251 523 584.422
141 5.16972 1194 475 461.601
157 5.40375 1262 496 537.954
140 5.01189 1331 494 552.181
138 5.37347 1207 492 505.531
138 5.03934 1238 504 535.349
138 4.52198 1227 487 481.711
135 5.17393 1220 518 561.028
147 5.34095 1219 508 543.474
141 4.59785 1235 505 523.631
122 4.60184 1189 488 470.864
143 4.53551 1272 506 539.526
126 4.0359 1266 476 460.656
136 4.39872 1226 492 487.691
128 4.46295 1282 515 560.902
134 4.57559 1293 466 466.225
146 5.03917 1235 508 542.557
132 5.22328 1203 482 480.141
146 5.31286 1229 510 551.523
124 4.98158 1277 525 597.428
141 4.86248 1242 496 515.423
129 5.17895 1265 506 555.218
140 4.5505 1281 524 583.192
142 5.03281 1185 495 494.129
135 5.47269 1222 506 543.841
134 5.61835 1241 454 447.532
156 4.79071 1281 513 566.496
149 5.33943 1253 524 594.334
149 4.81207 1267 505 543.589
136 4.44731 1301 503 542.495
140 4.95853 1190 526 558.186
138 4.61507 1290 485 504.979
132 5.17564 1271 511 568.839
135 4.63004 1278 487 504.842
146 4.98264 1314 487 528.996
147 4.6864 1156 487 458.09
144 4.99513 1247 493 514.799
141 4.81159 1224 515 546.13
137 4.7875 1225 487 488.125
128 4.7552 1237 490 498.125
137 5.68491 1244 528 608.551
132 5.3075 1278 505 562.179
132 4.92691 1277 519 582.202
151 5.25612 1210 524 571.669
137 4.67001 1172 496 481.316
135 4.36716 1207 473 442.921
131 4.8181 1227 518 554.059
129 5.29089 1259 487 514.638
142 4.78565 1232 534 590.184
149 5.32724 1213 469 460.653
136 5.05934 1190 523 554.682
136 4.85194 1284 500 541.179
126 5.22746 1217 504 531.188
120 5.16553 1237 486 500.528
151 4.8603 1314 479 508.504
126 5.08743 1217 499 517.128
124 5.39245 1219 497 521.448
130 4.72736 1279 536 615.341
149 4.89246 1228 470 458.31
142 5.07053 1194 523 556.86
157 4.34044 1407 504 585.255
140 4.96649 1240 474 472.516
146 5.35687 1193 533 585.96
124 4.85989 1296 544 646.877
121 4.25698 1291 482 488.617
131 5.10785 1278 503 552.351
125 4.80855 1243 463 448.191
124 5.08004 1236 509 546.26
135 5.40588 1217 490 506.347
145 4.72617 1227 500 513.656
123 4.44298 1201 510 514.701
120 5.03467 1259 468 469.321
140 5.06024 1288 482 509.945
142 5.00888 1287 512 573.457
127 4.888 1263 473 477.297
140 5.21805 1195 491 494.8
142 5.02603 1240 494 514.799
132 4.98094 1294 518 589.326
139 5.09899 1232 460 445.126
145 4.82989 1274 500 536.334
140 4.86651 1181 503 504.147
139 5.36904 1358 492 568.657
133 4.89769 1222 501 518.36
145 4.92957 1223 519 557.66
133 5.04343 1256 525 589.458
134 4.43583 1219 476 454.888
121 5.51084 1276 537 640.696
130 5.25565 1280 493 535.291
131 5.03814 1194 489 486.016
124 4.66727 1315 496 539.96
125 4.82065 1249 478 480.319
128 4.68514 1235 532 583.975
138 4.83271 1214 523 559.259
142 4.93445 1281 508 559.751
144 5.35717 1309 544 669.756
145 5.13119 1294 541 647.709
132 4.57627 1290 488 510.119
125 5.13629 1254 483 500.441
126 4.45735 1203 490 476.32
137 5.27021 1314 492 547.665
END
