Delay, Zoom, Max Iter, Resolution, Estimated cost
0 5.47787 1265 492 532.382
0 4.78694 1196 523 549.615
0 4.83455 1268 498 529.678
0 5.61859 1249 514 577.344
0 5.0585 1258 550 648.457
0 4.59375 1266 468 460.893
0 5.35434 1386 538 693.504
0 4.75092 1141 515 507.429
0 5.86297 1132 558 623.198
0 5.55801 1280 520 603.937
0 5.02451 1337 484 532.783
0 4.57773 1203 481 462.204
0 4.8828 1268 492 518.315
0 5.26478 1254 486 509.855
0 5.48029 1189 536 593.967
0 4.60077 1330 484 518.072
0 5.44673 1178 467 446.029
0 5.02112 1262 485 504.889
0 4.76089 1143 503 485.17
0 4.33039 1265 518 555.486
0 5.70181 1227 500 538.657
0 5.13801 1252 521 581.404
0 5.00817 1214 501 517.918
0 5.03426 1212 479 473.279
0 4.73123 1180 473 442.194
0 4.42366 1299 474 480.328
0 5.67719 1227 477 489.716
0 3.83167 1162 524 505.192
0 4.37974 1342 519 593.355
0 5.28395 1222 548 632.277
0 4.86184 1300 482 509.45
0 5.52657 1221 467 463.993
0 5.81873 1271 459 472.578
0 4.36784 1230 508 520.651
0 5.31201 1166 497 496.896
0 4.40348 1368 494 548.767
0 5.42397 1270 527 611.721
0 5.0945 1284 538 634.438
0 4.89641 1123 443 372.428
0 4.47492 1390 502 578.246
0 4.51546 1182 519 526.832
0 4.94799 1320 495 548.034
0 4.78902 1227 499 513.356
0 4.63109 1255 564 664.958
0 5.44046 1255 515 577.719
0 5.49813 1201 502 526.688
0 5.26068 1196 464 443.158
0 5.25992 1203 475 467.12
0 5.3386 1251 512 566.496
0 4.89018 1311 523 605.786
0 4.65333 1224 510 530.953
0 4.78124 1285 475 486.946
0 4.62112 1276 479 487.383
0 4.85653 1344 474 509.211
0 5.20614 1272 492 528.524
0 4.60378 1265 514 555.826
0 5.79284 1144 540 588.084
0 4.8503 1254 492 511.712
0 5.28091 1265 478 497.918
0 4.89556 1226 551 628.97
0 5.37443 1185 487 486.302
0 5.0762 1228 510 544.754
0 3.9247 1231 485 461.506
0 4.76658 1160 517 520.337
0 5.43947 1173 498 504.889
0 5.0947 1147 443 384.268
0 4.31564 1185 473 433.481
0 5.22849 1259 526 598.571
0 5.65873 1273 527 619.672
0 4.65651 1168 515 516.737
0 4.81698 1239 486 492.459
0 4.58014 1130 542 551.334
0 5.51148 1287 515 594.372
0 4.87327 1272 547 642.374
0 4.33293 1202 481 455.182
0 4.94794 1303 452 451.069
0 5.0396 1204 471 454.704
0 4.92052 1253 495 519.475
0 4.33112 1231 564 640.854
0 4.8379 1223 528 574.389
0 4.82055 1245 498 519.681
0 4.81618 1328 532 632.454
0 5.607 1292 505 576.193
0 4.83134 1244 511 547.043
0 4.43608 1184 493 473.957
0 5.19214 1209 471 460.066
0 5.13749 1171 505 510.889
0 5.33494 1284 444 437.176
0 4.92596 1358 433 430.925
0 5.01602 1276 454 447.201
0 4.59187 1162 511 504.285
0 4.78898 1203 514 534.028
0 4.36594 1173 423 344.226
0 5.00403 1175 470 441.071
0 4.99827 1330 453 463.656
0 5.06236 1292 517 588.577
0 5.57205 1280 439 430.712
0 4.67876 1278 480 491.772
0 4.63423 1300 486 511.546
0 5.21072 1188 476 462.141
0 5.34608 1272 447 439.192
0 5.20855 1330 505 582.282
0 5.33179 1358 494 572.287
0 5.28875 1248 486 507.997
0 6.00115 1284 441 444.049
0 4.02604 1217 471 433.286
0 5.19929 1164 469 439.341
0 4.40751 1250 518 551.471
0 4.80293 1349 508 585.38
0 4.83819 1180 536 571.123
0 5.03851 1188 504 513.706
0 4.50021 1281 452 432.673
0 4.13746 1238 545 594.501
0 4.79163 1333 473 501.172
0 4.73027 1136 531 536.479
0 4.98428 1221 465 448.185
0 5.51737 1238 453 442.485
0 5.80633 1316 479 532.6
0 4.43032 1321 502 548.094
0 5.11258 1162 459 418.294
0 5.07486 1256 505 546.267
0 4.94872 1298 496 541.1
0 5.06752 1267 499 537.836
0 5.24347 1281 513 579.717
0 4.43905 1199 500 493.775
0 5.41281 1210 500 524.36
0 5.65687 1255 477 500.446
0 4.61536 1153 527 532.915
0 5.05088 1221 501 522.035
0 4.14413 1245 525 555.027
0 5.87455 1107 507 503.367
0 5.25687 1222 481 486.489
0 5.6452 1163 506 521.597
0 4.88434 1265 443 419.254
0 4.66556 1160 557 600.62
0 4.68871 1274 511 555.906
0 5.38021 1250 509 560.521
0 4.66268 1290 516 573.127
0 5.15479 1190 491 491.21
0 5.74985 1221 485 505.39
0 4.65338 1380 453 472.293
0 5.49021 1272 515 586.879
0 5.52439 1273 490 532.525
0 5.08565 1231 519 565.796
0 5.33003 1316 498 563.558
0 5.42683 1323 499 571.409
0 4.61497 1207 471 445.601
0 4.8427 1241 479 479.806
0 5.68516 1150 487 478.596
0 5.51939 1368 452 486.837
0 5.81903 1234 491 525.032
0 5.93381 1185 497 519.065
0 5.82151 1257 484 519.732
0 5.62961 1224 503 542.093
0 5.03635 1150 510 509.129
0 4.76069 1311 520 594.724
0 5.09568 1266 491 521.053
0 5.05555 1209 470 455.022
0 6.32362 1378 514 655.663
0 5.17862 1280 547 656.523
0 4.6589 1312 515 580.521
0 5.11548 1267 508 558.75
0 5.49851 1224 487 505.184
0 4.49359 1249 468 452.085
0 4.80682 1303 486 517.614
0 4.65361 1241 498 513.301
0 5.17645 1330 504 579.071
0 5.4367 1306 524 622.285
0 5.95528 1210 502 541.212
0 4.82625 1282 445 427.415
0 5.32163 1236 509 552.721
0 5.55042 1142 496 490.069
0 5.55023 1180 479 472.255
0 5.16604 1239 512 556.427
0 5.62596 1315 543 678.597
0 5.3373 1106 508 493.01
0 5.65884 1286 534 642.744
0 6.13038 1110 461 421.665
0 3.74868 1243 552 596.102
0 4.71656 1181 520 534.459
0 4.16855 1258 499 507.449
0 6.34382 1319 495 582.498
0 5.34109 1246 531 606.957
0 5.49322 1269 435 417.779
0 3.79146 1210 436 363.151
0 4.31685 1321 521 586.328
0 5.07803 1217 516 552.703
0 5.10427 1383 525 651.046
0 5.29945 1313 514 598.117
0 5.43421 1266 530 617.048
0 4.64863 1244 513 545.853
0 4.66171 1342 503 566.535
0 4.56439 1225 466 441.423
0 5.28712 1253 495 529.056
0 4.84344 1264 545 632.674
0 4.94447 1273 478 492.752
0 5.67625 1395 488 582.718
0 4.87502 1325 482 519.608
0 4.76641 1253 506 538.386
0 4.78439 1348 472 504.474
131 4.4217 1194 478 448.933
124 4.82426 1269 501 536.207
157 5.08766 1074 532 518.727
139 5.16719 1212 464 447.054
118 5.12162 1231 500 526.07
120 5.21021 1237 507 545.908
110 4.77747 1181 498 491.825
148 5.18038 1298 477 506.307
117 4.66659 1296 475 488.032
145 4.50819 1153 454 393.076
149 4.615 1339 500 557.082
130 4.80086 1275 485 504.248
125 3.90579 1207 496 472.644
122 5.84185 1289 436 432.864
143 5.67436 1141 526 553.689
132 5.32881 1232 509 551.119
117 5.55378 1316 516 611.291
137 4.78179 1234 471 459.791
137 5.28628 1172 511 527.342
145 4.14544 1217 463 422.003
139 5.28518 1221 499 523.862
144 4.91482 1301 463 471.751
132 5.10129 1293 511 576.563
124 5.23871 1225 503 532.85
151 4.68225 1236 520 558.29
149 5.29646 1210 513 548.976
139 4.89562 1203 510 528.741
129 4.61294 1324 501 552.982
139 5.35793 1236 457 446.319
139 4.88527 1232 496 511.888
168 4.11705 1358 483 511.511
153 5.08109 1272 459 457.173
149 4.59319 1364 541 663.544
131 5.35041 1208 481 483.057
140 4.37906 1212 510 517.431
128 5.18579 1296 495 544.544
138 4.44692 1305 509 557.21
128 4.61244 1274 510 551.372
140 5.44818 1297 484 527.525
136 4.95902 1347 494 557.305
114 4.36228 1210 486 468.625
135 4.96975 1247 489 505.82
133 5.01866 1193 458 425.57
131 5.53878 1086 499 471.445
139 5.306 1279 531 621.999
145 4.53124 1136 511 491.289
145 5.24789 1285 495 541.549
139 5.13372 1210 459 436.03
134 4.69365 1232 525 567.595
150 5.74318 1319 482 539.066
134 5.22069 1306 498 556.36
143 5.10571 1235 471 467.962
116 5.16984 1162 475 449.233
114 4.71484 1139 470 421.053
139 5.50368 1346 486 553.388
142 4.9101 1261 468 467.061
137 4.24475 1240 433 378.453
113 4.93205 1302 452 450.352
152 6.05698 1198 501 535.923
122 5.27312 1350 495 569.632
130 5.39924 1204 514 551.041
136 5.764 1228 545 642.218
152 5.56659 1237 515 572.699
132 4.94836 1322 498 555.548
130 4.68076 1333 493 541.156
129 5.04699 1359 532 655.037
146 4.99633 1269 452 440.395
114 4.57633 1241 513 542.313
124 5.55462 1185 506 529.333
126 4.66086 1169 524 535.543
130 5.16996 1291 493 537.652
154 4.70892 1184 495 485.331
123 4.74908 1183 490 476.221
124 4.95831 1255 505 542.602
123 5.18718 1229 491 508.115
135 4.48759 1308 448 433.688
137 4.90869 1197 500 506.022
140 4.98684 1108 555 579.454
157 5.25698 1267 487 517.069
112 5.30234 1316 476 514.192
126 4.78155 1158 480 448.114
117 4.92919 1183 491 482.778
134 4.74069 1330 513 586.569
122 4.61554 1281 517 569.825
130 5.28269 1370 494 576.001
136 4.90895 1136 578 641.763
137 5.8422 1311 502 583.637
127 5.07999 1252 494 521.198
147 5.29427 1139 493 477.206
128 4.85253 1129 533 540.752
142 4.44897 1266 489 498.973
148 5.06775 1264 515 571.53
141 4.49657 1346 480 512.589
136 5.23826 1186 531 574.906
127 5.01805 1320 547 671.636
128 4.7094 1255 512 550.39
135 5.76294 1284 463 484.617
131 3.67306 1224 463 410.644
141 5.41145 1322 457 478.565
136 4.6763 1295 485 508.68
163 4.9631 1222 558 645.212
144 4.85159 1272 467 467.68
147 5.0564 1144 507 501.039
140 4.73839 1270 533 604.556
145 5.28701 1343 526 640.303
126 5.75592 1293 514 601.265
153 5.68124 1239 486 513.432
153 4.8533 1274 458 450.575
137 5.20031 1195 500 512.664
157 5.41448 1318 486 539.667
143 4.67759 1280 506 547.31
158 4.99692 1304 511 578.411
125 4.78626 1218 499 509.515
136 4.1748 1213 485 462.413
139 4.37164 1239 501 510.224
133 5.77354 1196 468 461.414
109 5.08767 1170 525 550.32
125 5.00008 1298 540 643.057
162 5.07742 1256 438 410.985
154 4.89566 1297 511 572.295
133 4.55919 1148 461 404.726
131 5.0494 1153 516 522.883
136 5.23736 1300 517 597.35
125 4.80116 1342 509 584.582
145 5.32757 1286 502 559.529
165 4.45277 1311 529 604.836
136 5.50315 1171 491 491.385
120 5.55031 1197 472 465.161
137 4.75257 1335 496 550.756
142 5.42491 1210 511 547.992
140 4.86542 1260 512 557.258
141 4.03717 1263 470 448.09
121 5.00035 1267 471 477.542
119 5.64703 1211 525 584.726
134 6.01015 1245 458 464.567
139 4.78979 1256 478 482.21
154 4.97175 1332 480 520.646
141 4.38117 1236 490 487.164
143 5.06825 1255 515 567.474
125 5.11362 1222 529 584.327
132 5.12311 1167 517 533.248
124 4.61345 1190 489 473.505
134 4.86057 1249 550 637.268
136 5.25322 1157 524 546.552
123 5.05059 1190 468 443.957
141 4.94847 1230 474 468.269
125 5.82992 1236 470 482.083
140 5.20579 1217 495 511.849
124 4.20932 1318 478 489.118
149 6.22642 1210 516 578.049
138 5.64513 1229 462 459.504
160 5.03788 1379 494 572.85
146 4.73368 1225 521 557.029
158 4.5141 1327 498 544.521
130 5.24652 1369 468 515.693
134 4.66812 1332 474 499.522
135 4.57608 1126 517 499.754
135 5.78964 1349 493 577.926
136 4.32153 1290 520 570.536
151 5.24895 1214 511 545.264
128 5.17773 1336 467 499.443
137 5.32535 1285 486 523.967
143 5.37302 1244 487 510.481
124 4.38631 1195 526 542.924
144 5.25179 1137 540 570.367
156 5.07647 1246 506 544.11
136 4.7139 1312 522 598.232
119 5.08533 1330 497 560.563
144 5.19544 1285 472 491.144
134 5.04478 1140 516 516.867
125 4.44933 1230 483 472.971
146 4.59282 1223 495 498.068
135 4.61111 1209 481 465.392
139 4.34621 1247 535 584.679
135 4.89376 1263 479 489.631
130 4.40738 1267 500 520.794
146 5.12335 1281 451 445.436
137 4.21543 1194 485 456.351
140 5.63576 1236 467 471.983
134 4.9861 1271 512 565.668
139 4.78804 1318 482 514.469
151 4.05219 1240 507 512.436
123 4.96497 1304 521 600.285
153 4.86396 1203 545 602.797
131 4.45146 1355 519 601.677
147 5.03556 1270 515 573.311
152 5.06401 1244 513 558.021
136 4.9936 1283 491 525.331
153 5.48572 1288 543 660.501
130 4.19228 1185 492 465.393
132 4.13828 1258 527 564.889
133 4.9418 1196 497 500.412
145 4.81148 1277 512 563.156
116 4.7871 1178 480 455.991
131 5.23233 1373 485 555.077
129 4.69376 1198 523 547.737
138 5.00128 1247 463 454.195
149 5.00616 1131 509 497.99
138 4.67049 1178 507 505.489
151 4.91611 1288 515 577.874
134 5.40454 1184 477 466.795
127 5.60347 1185 520 560.248
137 4.40701 1281 471 467.23
137 5.05877 1200 469 449.788
146 5.20316 1200 519 554.755
150 4.59999 1226 474 458.011
141 4.7475 1257 518 565.444
145 4.45773 1174 480 446.068
146 4.64722 1250 502 525.174
140 4.92132 1321 516 595.146
117 4.40329 1232 469 445.45
126 4.38564 1217 478 456.592
123 5.38051 1226 490 509.49
141 5.12673 1307 508 576.711
163 5.22688 1262 504 550.814
126 4.42562 1207 529 555.958
134 4.92491 1231 491 502.254
128 4.96874 1303 478 504.997
152 5.08324 1305 477 506.596
137 5.56079 1226 449 431.333
121 4.4539 1210 484 467.335
103 4.96977 1320 515 593.882
136 4.73164 1244 470 460.293
137 5.44841 1381 492 580.418
150 4.41308 1389 435 432.293
141 5.50456 1228 510 555.992
126 4.71185 1223 498 507.494
118 4.95058 1082 544 542.633
126 5.16493 1258 479 494.453
154 4.62647 1136 462 403.777
138 4.89376 1319 470 492.306
135 4.83142 1241 493 507.957
134 4.97577 1211 513 540.785
124 4.56269 1309 521 589.548
129 4.70681 1152 510 501.208
117 3.80073 1269 517 535.875
121 4.92635 1284 490 521.786
143 5.83368 1212 516 569.874
135 5.38062 1285 488 529.661
136 5.39361 1297 514 593.45
149 4.57219 1294 487 509.487
145 5.23627 1306 516 597.756
149 4.80583 1192 472 446.608
140 4.69624 1345 495 550.94
135 5.24136 1269 496 536.801
157 5.07685 1093 436 354.38
144 4.6112 1241 534 588.788
138 5.93786 1246 504 561.361
126 5.47051 1186 501 517.389
120 5.53635 1323 478 526.949
131 5.11477 1191 522 554.563
124 4.87891 1167 523 538.927
133 5.16613 1211 451 421.984
140 5.46848 1185 549 620.697
140 5.13729 1348 462 492.217
140 5.4804 1141 492 480.251
131 4.97257 1227 447 415.943
130 4.98958 1150 490 468.861
118 4.61058 1238 514 544.172
122 5.19572 1186 467 443.758
131 5.48349 1308 503 575.516
149 4.78754 1225 538 595.716
142 4.71862 1356 519 611.367
124 5.04915 1300 491 533.798
152 4.97609 1182 474 450.637
138 5.09773 1258 505 547.763
134 5.51912 1164 505 517.072
130 5.01514 1169 572 650.321
165 5.00154 1259 512 560.771
141 4.81244 1268 505 544.029
143 4.64563 1248 440 402.779
141 4.81729 1313 434 416.176
132 4.85772 1282 454 445.624
126 4.7818 1274 482 497.127
128 5.58467 1168 530 573.175
145 4.68397 1158 535 553.723
152 4.58314 1248 479 475.661
130 4.43062 1296 497 527.072
145 5.26262 1232 491 511.217
162 5.70224 1322 483 541.579
127 4.64327 1271 485 498.332
137 3.92208 1277 500 508.73
135 5.80755 1185 473 467.668
160 5.35239 1197 536 594.436
131 5.21207 1220 532 592.865
132 4.79761 1359 509 591.874
133 4.51477 1264 482 485.896
127 4.78092 1339 479 515.982
149 5.34873 1218 520 569.194
152 5.17139 1186 485 478.057
123 5.42008 1274 502 556.708
147 4.55605 1290 470 472.633
132 4.67589 1267 501 531.047
129 4.7719 1343 509 584.094
164 5.16146 1325 510 590.277
137 4.80715 1249 504 533.606
118 4.72665 1279 541 626.851
123 4.99504 1152 548 587.61
134 3.49985 1274 488 468.457
149 4.40282 1278 546 626.249
145 5.00637 1373 492 564.843
135 5.0332 1344 525 630.431
132 4.05834 1169 487 445.915
142 4.26131 1234 470 444.198
130 5.25447 1296 534 635.842
145 5.08497 1219 517 555.952
135 4.81 1217 516 545.071
126 5.03518 1510 494 627.183
144 4.52363 1248 511 539.488
149 4.79916 1315 500 552.683
146 5.61537 1323 484 542.169
126 5.16741 1381 488 563.456
131 5.54132 1279 422 397.142
112 5.09792 1223 531 588.775
145 4.5397 1291 505 545.555
132 4.99483 1279 526 601.053
128 4.93996 1099 532 526.822
145 5.64381 1194 484 489.918
145 4.42052 1339 495 539.861
122 4.39513 1158 528 530.404
135 4.80714 1273 530 601.419
118 5.44436 1205 501 525.048
123 4.1827 1318 459 450.242
139 4.95558 1187 476 455.888
126 4.85411 1217 531 578.583
141 6.11799 1151 470 454.256
126 5.08765 1278 454 449.524
134 5.09019 1216 453 425.888
158 4.87324 1201 523 554.462
148 5.28082 1390 475 540.271
130 4.97457 1265 488 511.151
126 4.14916 1082 503 442.926
153 5.07237 1247 471 471.722
146 4.64378 1152 505 489.708
117 5.36434 1225 516 564.105
146 3.73185 1222 484 449.98
117 4.81076 1265 505 542.693
148 4.94436 1258 495 522.195
127 4.42814 1281 507 542.067
136 4.57359 1323 465 474.943
142 4.75519 1252 515 556.923
125 4.73612 1363 481 528.336
135 4.37506 1368 516 597.709
118 5.13563 1182 489 483.484
140 4.53874 1206 510 519.748
138 4.61742 1365 453 466.216
132 4.76645 1282 483 501.909
146 5.12517 1446 511 645.553
133 4.89745 1340 473 506.648
160 4.98273 1303 506 566.3
145 4.13857 1292 509 541.213
144 4.51877 1180 466 424.089
126 5.46101 1196 501 521.524
141 4.54635 1207 488 476.478
140 4.79681 1220 496 504.52
107 5.47693 1223 476 481.753
127 4.33114 1202 504 499.699
157 4.45645 1283 526 585.35
145 5.45099 1185 517 550.007
154 5.0999 1364 535 666.651
120 4.74338 1209 520 547.936
109 5.20758 1185 471 451.272
127 5.58297 1277 526 617.194
143 5.04583 1325 542 662.845
144 5.17977 1192 533 580.524
133 5.48941 1086 481 437.07
150 5.01692 1169 503 502.934
143 4.858 1160 553 598.251
144 4.43978 1212 496 491.196
122 4.76775 1293 501 544.687
124 5.05599 1252 485 501.774
133 4.76557 1204 527 561.138
146 5.8433 1251 454 455.535
121 5.49898 1335 526 642.795
133 5.28126 1345 536 665.689
137 5.15247 1327 472 506.131
131 4.91807 1253 504 538.468
168 4.62821 1293 494 525.502
144 4.70719 1277 512 559.97
152 5.60301 1280 512 586.673
132 5.21824 1265 491 523.789
128 5.2577 1384 508 614.6
98 4.73468 1244 404 340.152
141 5.75964 1310 466 500.787
127 5.32685 1311 534 645.423
128 5.68004 1134 525 548.338
146 5.1281 1241 466 460.817
145 4.25832 1272 528 577.75
125 5.92193 1229 468 477.113
133 4.39236 1226 506 515.643
159 4.87175 1296 515 580.111
166 4.84695 1295 445 432.225
140 4.76338 1276 525 590.119
136 5.18189 1185 501 509.951
106 5.26109 1354 460 493.099
125 4.04849 1263 542 596.344
132 4.61303 1164 497 478.427
140 4.24397 1328 545 642.074
133 4.52883 1252 535 593.429
143 4.96638 1357 511 600.977
136 4.96667 1187 472 448.515
125 5.01891 1246 560 664.506
132 5.33657 1264 481 505.121
138 4.84537 1314 517 591.917
135 5.74315 1248 486 518.549
126 4.68013 1242 553 634.389
131 5.45495 1167 491 488.631
149 5.63826 1177 513 542.417
130 4.9273 1205 513 536.758
141 4.51366 1365 513 594.349
138 6.05283 1328 499 589.246
119 5.30632 1216 480 483.229
129 5.67993 1126 478 451.345
159 4.81685 1281 496 530.317
145 4.92324 1296 563 695.163
138 3.55559 1225 501 476.869
141 5.53649 1192 503 525.736
143 4.78133 1300 525 601.803
143 4.96787 1138 503 488.368
141 4.14262 1149 529 520.014
125 5.56026 1325 521 627.64
143 5.42508 1254 465 470.278
127 4.60735 1159 513 507.374
131 4.93653 1239 497 518.262
172 5.39902 1249 462 461.821
149 4.94182 1111 565 600.752
141 4.68589 1226 527 568.898
141 4.73133 1254 519 565.774
142 5.72601 1281 508 581.111
144 4.6105 1256 532 591.426
123 5.14775 1324 529 634.171
140 4.70371 1227 486 484.694
140 4.74931 1323 513 583.757
130 5.56877 1340 446 465.328
138 4.29686 1268 506 530.209
149 4.12763 1289 510 541.694
150 4.06929 1229 533 561.956
161 4.77942 1155 472 432.129
153 5.28416 1217 510 545.394
148 5.58841 1298 491 546.767
130 5.1493 1332 453 467.886
127 4.68635 1208 522 549.973
153 4.8115 1311 508 569.152
139 5.19291 1336 515 607.84
144 4.31489 1295 467 461.757
131 4.40256 1119 440 356.09
112 4.52638 1276 510 549.523
123 4.13182 1319 525 587.547
158 5.13137 1305 484 522.825
155 4.99943 1165 468 433.502
133 4.28797 1148 494 457.281
109 5.26868 1249 496 529.034
147 5.01392 1226 479 478.251
135 4.56256 1218 486 477.332
150 5.95968 1180 556 647.567
145 5.09627 1311 516 595.936
128 5.68134 1240 498 539.537
123 4.40915 1199 528 549.645
165 5.32171 1180 494 497.038
131 4.07879 1085 481 404.286
133 5.19919 1237 503 537.04
130 5.21573 1048 498 446.344
148 4.41828 1206 498 492.083
131 5.02694 1327 544 668.114
138 4.74164 1229 499 512.871
138 5.23016 1346 498 573.663
164 5.39258 1304 488 537.792
118 4.70134 1227 505 523.264
138 4.73459 1080 520 489.236
144 4.2489 1231 499 499.1
145 4.6767 1255 492 507.311
129 4.65132 1247 509 538.75
143 5.15606 1267 505 553.279
116 5.5143 1233 529 600.891
146 5.2893 1241 504 543.273
149 4.73395 1253 484 491.716
136 4.84549 1219 471 455.756
132 5.57442 1220 489 509.415
132 4.13725 1271 556 635.225
119 4.50357 1262 512 547.039
137 5.29758 1162 516 533.411
144 4.61966 1264 496 517.634
132 5.13718 1325 548 680.702
126 4.97068 1295 495 538.285
133 5.49867 1222 485 500.228
128 5.60411 1141 579 668.821
141 5.07749 1322 433 422.763
149 5.34691 1252 505 551.768
147 5.56466 1242 461 460.71
130 4.96684 1218 504 524.753
134 5.60648 1244 485 511.702
132 5.79966 1196 533 599.152
145 4.2205 1189 530 542.855
99 4.75997 1154 510 503.542
154 4.75257 1392 438 447.818
140 5.73431 1330 470 516.636
138 5.0811 1328 507 582.348
146 5.07324 1260 472 478.687
149 5.12254 1172 508 517.035
140 5.07028 1069 473 407.786
139 4.88028 1150 449 391.451
156 5.14032 1415 496 595.617
134 5.36792 1201 534 592.411
135 5.82478 1299 476 519.561
111 4.89219 1136 480 442.201
154 5.20871 1399 515 636.992
142 5.00942 1139 502 487.894
134 5.58105 1126 473 440.031
133 4.55853 1215 508 520.121
142 4.63188 1287 506 548.898
132 5.03426 1126 508 494.549
138 4.66337 1268 475 477.403
138 4.65203 1356 505 576.694
153 4.86114 1216 475 462.773
124 4.7865 1188 498 494.982
135 5.07414 1158 480 454.996
134 5.18905 1194 480 471.817
143 5.46615 1266 430 406.762
129 4.63468 1333 484 520.237
139 4.69135 1289 496 529.993
158 4.98934 1172 478 454.707
114 5.50819 1269 478 504.799
140 5.10346 1209 504 524.494
143 3.86459 1326 504 534.576
111 4.47046 1372 476 513.032
130 5.3269 1209 472 465.019
139 4.00883 1360 524 598.604
123 4.54876 1194 518 531.154
131 4.67454 1200 516 533.493
134 5.28991 1287 507 570.155
139 6.1172 1276 477 518.685
143 4.11776 1171 510 491.789
149 5.49575 1270 525 609.085
136 4.90656 1147 484 454.298
145 4.46264 1212 516 532.327
163 5.04762 1275 508 560.369
134 4.91734 1287 517 581.957
148 4.446 1188 527 543.734
136 4.69711 1185 530 556.496
150 5.30036 1345 522 631.942
133 4.78477 1248 509 543.155
132 5.44753 1213 512 552.078
130 5.24019 1250 515 570.017
139 4.84 1259 493 515.561
158 5.37187 1258 529 609.073
126 5.0078 1209 514 542.889
135 5.13742 1402 509 621.397
156 4.36302 1258 518 553.513
134 5.04787 1345 530 643.452
151 5.50804 1222 503 538.276
139 5.44576 1359 483 550.4
153 4.50682 1342 501 557.095
140 5.03636 1231 470 462.853
141 5.16538 1194 445 405.049
129 4.9208 1163 490 472.478
135 4.70972 1275 440 412.962
141 4.14675 1339 504 550.227
130 4.49844 1331 498 545.665
126 5.11197 1232 536 604.752
135 5.32655 1176 533 576.786
138 4.87587 1223 502 520.259
122 4.80484 1272 514 565.141
121 4.28817 1260 507 528.663
141 4.85474 1172 527 548.844
141 5.75374 1229 498 536.427
126 5.31875 1380 511 621.89
120 5.23323 1220 519 564.823
136 4.19299 1288 489 499.718
145 4.93623 1317 510 580.076
125 4.97485 1210 518 550.897
146 4.79086 1120 508 485.693
140 4.83804 1326 473 499.782
131 4.9871 1068 504 460.608
112 4.39436 1190 484 457.981
127 4.3929 1161 499 474.903
139 4.74595 1252 470 463.615
130 4.9354 1295 494 535.135
127 4.14837 1277 499 514.443
125 4.67815 1230 492 497.246
126 4.16929 1145 519 499.657
132 4.95662 1268 473 480.904
121 4.77107 1295 486 513.445
149 5.22955 1317 501 568.07
144 5.39272 1142 476 448.105
135 5.11145 1262 491 519.815
126 5.4637 1392 498 599.818
151 5.98224 1338 533 675.406
137 4.44821 1127 505 473.71
137 4.69054 1190 480 458.209
139 5.27184 1225 510 548.656
139 5.1652 1255 511 561.39
137 4.78402 1228 497 509.527
127 4.84571 1324 525 615.033
165 3.98974 1238 438 380.229
137 5.51114 1125 468 429.045
138 4.89358 1182 520 540.026
149 5.23776 1274 519 589.952
114 4.80662 1296 511 569.156
147 4.31848 1225 459 422.053
133 5.35523 1156 509 517.765
118 5.33284 1219 507 541.13
148 4.45435 1150 543 559.064
120 3.91508 1085 478 394.849
131 4.45123 1231 527 563.589
127 4.44913 1255 508 533.827
136 5.4573 1269 512 577.824
169 4.90951 1268 475 483.793
154 4.73428 1255 510 546.846
123 5.1852 1263 510 563.311
105 5.53973 1233 483 501.506
153 5.47302 1286 469 491.692
158 5.40314 1289 532 632.1
123 4.99422 1166 497 489.18
136 5.42332 1227 486 502.612
137 5.02859 1335 486 536.503
125 4.35022 1334 526 604.751
125 5.21493 1172 543 593.418
131 4.13287 1173 491 457.057
144 5.55474 1277 502 561.449
128 5.55369 1196 513 549.107
144 5.24717 1214 456 434.168
118 5.72668 1260 505 564.87
140 4.31813 1204 519 530.344
130 4.87857 1211 507 525.542
144 4.82414 1310 547 659.84
145 5.53461 1312 511 597.165
139 4.96413 1347 479 524.112
114 4.90253 1290 481 504.516
142 5.50988 1289 573 736.879
165 5.60125 1274 497 550.167
129 4.53114 1198 520 536.511
141 4.59811 1359 512 592.3
152 5.88957 1351 527 664.156
132 5.3607 1252 504 549.941
141 5.1869 1139 512 512.041
114 4.97564 1215 491 497.03
130 5.23595 1191 531 577.265
130 5.30372 1238 532 604.265
144 5.0905 1288 530 617.505
136 5.04465 1365 499 578.769
138 4.46708 1266 494 509.774
146 4.86889 1221 516 548.581
131 5.45377 1165 508 522.128
152 5.26767 1243 503 541.432
156 4.99156 1286 490 524.362
141 5.52245 1459 489 607.791
154 4.59693 1249 442 405.658
144 5.97254 1340 494 580.819
145 5.46221 1246 456 450.132
121 4.9242 1302 471 488.809
127 5.35714 1168 558 628.767
126 4.71147 1283 577 714.685
139 4.69321 1230 506 526.387
129 5.23389 1238 484 498.474
141 5.09996 1300 466 482.051
134 5.1218 1258 493 522.666
130 4.93099 1111 466 408.438
128 4.90597 1300 498 545.099
119 4.77184 1237 531 585.502
154 4.59198 1352 511 586.745
122 4.68938 1278 500 533.921
134 4.66436 1340 520 604.663
125 4.71218 1220 491 492.126
146 5.13746 1261 511 563.304
125 5.38501 1386 490 576.102
147 4.94421 1333 483 526.821
130 5.49108 1295 500 563.214
139 5.24304 1160 507 512.74
144 4.9887 1271 501 541.696
147 4.29724 1125 488 437.551
135 4.91313 1374 502 585.639
150 5.34058 1181 474 458.402
125 5.75498 1269 508 576.385
148 4.91106 1209 513 538.083
147 4.93893 1241 525 579.308
146 5.58338 1291 518 605.136
152 4.40565 1383 490 545.907
123 5.21553 1263 428 397.316
130 4.43404 1267 493 507.12
116 5.80558 1083 490 458.65
138 5.17997 1267 495 532.207
123 5.1784 1323 506 580.659
107 5.57669 1189 497 512.9
151 4.7261 1130 512 496.026
135 4.50881 1218 494 491.646
125 4.49787 1230 437 388.278
125 5.18389 1267 465 469.742
129 5.00507 1263 471 476.149
129 4.94363 1197 491 488.857
110 5.42131 1235 438 410.857
125 4.85095 1353 504 579.391
125 5.08281 1152 515 521.282
136 4.63488 1203 483 467.568
110 4.73406 1230 526 570.101
127 5.39676 1204 506 533.96
142 5.53359 1158 496 496.559
139 4.8666 1272 538 621.191
116 4.97619 1279 449 437.541
140 4.56732 1261 488 498.396
136 5.02152 1179 480 462.018
135 5.17439 1155 461 420.687
152 5.18585 1211 465 449.023
145 5.7487 1300 518 613.775
133 4.92461 1274 511 562.998
115 5.09837 1139 506 497.93
137 4.50792 1303 499 536.63
147 5.47228 1181 528 572.281
145 4.15382 1248 477 459.568
153 5.58208 1327 495 567.967
128 5.37873 1236 471 474.544
122 5.12646 1153 519 531.024
137 5.0652 1194 567 654.323
160 4.61151 1216 502 509.863
141 4.20548 1405 518 612.171
140 5.8735 1204 484 498.907
135 4.99087 1253 563 674.452
150 5.14854 1294 510 576.1
112 4.40846 1095 494 439.385
133 4.89846 1279 463 463.377
128 5.12988 1239 444 417.696
139 5.37478 1235 490 513.092
147 4.75302 1239 460 439.655
134 5.07632 1284 500 547.481
151 5.40483 1265 496 539.259
130 5.2724 1280 528 614.487
124 5.04136 1299 502 557.335
134 4.70731 1230 535 588.911
113 4.83068 1209 483 474.968
129 5.20978 1313 522 614.229
147 4.23595 1285 531 589.477
136 5.10648 1213 457 432.725
151 4.36627 1225 502 506.31
136 5.21151 1318 494 552.243
136 5.0398 1228 517 558.785
147 5.10092 1132 519 520.691
128 4.52239 1315 512 570.637
132 4.7716 1254 529 589.078
127 4.29888 1195 488 464.824
122 4.05509 1193 496 471.943
116 5.17133 1283 503 556.253
133 4.56421 1205 515 530.327
124 5.07752 1308 491 537.85
132 5.55035 1264 505 562.284
137 4.72272 1221 548 613.878
154 5.35381 1230 507 546.552
138 4.6689 1322 470 487.46
143 4.81164 1289 501 544.29
142 5.14269 1287 491 530.933
175 4.57012 1333 543 652.408
131 5.52445 1276 498 551.353
129 5.05421 1287 492 530.75
153 4.93393 1132 517 512.311
144 4.09567 1282 510 537.627
124 4.964 1283 534 620.429
118 5.84977 1197 486 499.617
142 5.20031 1198 520 555.889
154 5.07768 1302 493 539.758
152 5.27634 1229 525 583.428
124 5.26368 1256 534 616.49
132 5.00946 1240 458 442.128
159 4.528 1286 449 429.309
139 4.71777 1195 524 549.184
132 5.35404 1253 480 499.055
136 4.45702 1315 513 570.68
145 5.36662 1300 444 443.282
135 5.23053 1316 505 576.766
134 4.90753 1321 465 482.967
126 4.72228 1292 481 500.435
157 4.3591 1377 522 615.119
163 5.57877 1294 442 441.527
140 4.89633 1271 454 442.701
128 4.81652 1284 485 508.234
137 5.46935 1269 521 598.647
135 4.60206 1259 555 644.899
126 3.95341 1228 518 526.205
134 4.48575 1141 507 484.471
131 4.64891 1289 522 585.627
123 4.93261 1237 517 559.793
119 4.33941 1289 469 464.26
135 4.30551 1272 476 470.934
127 5.05622 1203 523 560.653
159 4.526 1265 405 343.547
142 5.00813 1199 476 461.742
125 5.04917 1293 493 535.258
131 5.40141 1190 503 521.625
124 5.50988 1322 491 554.918
126 5.41291 1250 461 460.488
173 4.94869 1239 539 609.941
140 5.7383 1290 536 651.826
136 5.47935 1292 497 554.89
103 6.19838 1276 453 469.302
139 4.39172 1307 526 594.002
134 5.40113 1180 541 598.337
116 5.03832 1244 545 628.993
130 4.75934 1207 461 430.312
127 5.11539 1317 540 656.273
135 5.81145 1285 532 641.645
143 4.25477 1262 518 551.578
115 4.75536 1215 514 538.373
129 4.85415 1180 517 531.802
125 5.33399 1304 521 611.306
135 4.34238 1322 553 662.1
135 4.00578 1137 479 418.1
141 5.98985 1243 508 570.148
132 5.44577 1155 506 513.39
119 4.80224 1336 538 650.21
134 5.1467 1226 508 541.504
139 5.30431 1316 452 463.691
135 4.84288 1251 495 516.528
121 4.66763 1225 525 563.555
129 4.92637 1329 447 449.444
133 5.53803 1278 495 545.918
125 5.25649 1212 503 527.646
117 5.04727 1174 516 532.349
132 4.88154 1055 517 476.156
147 5.50156 1223 556 658.031
158 5.34038 1270 532 620.959
128 4.95546 1346 514 602.785
143 5.65626 1171 517 548.534
145 4.59813 1264 462 448.553
144 4.90058 1301 508 567.486
131 4.59878 1202 513 525.942
140 5.32726 1216 514 554.661
137 4.21126 1264 554 630.178
131 4.77289 1216 463 437.613
160 5.23367 1424 523 669.484
154 5.18893 1314 498 558.905
123 4.53525 1281 470 468.773
144 4.63053 1370 519 614.659
138 4.43338 1317 534 618.432
137 5.15863 1217 496 512.735
150 3.93236 1299 510 538.785
122 5.05233 1225 481 482.799
127 5.22393 1240 528 593.898
111 5.47577 1215 508 545.085
153 4.70999 1316 496 541.652
127 5.6299 1200 506 537.829
134 4.99164 1293 478 501.712
151 5.51162 1359 547 708.048
141 4.43373 1213 557 619.732
138 5.07252 1156 550 596.3
149 4.75005 1284 524 591.129
132 5.65188 1272 447 445.332
152 4.8916 1226 499 515.748
113 5.21479 1406 517 645.352
129 5.23251 1298 500 557.721
125 4.19718 1265 527 570.189
131 4.62503 1252 515 552.921
162 5.24952 1412 512 636.698
157 4.88688 1242 511 547.774
138 5.45867 1375 483 557.21
131 4.5525 1277 482 491.966
137 4.84404 1192 487 476.417
141 5.45952 1298 537 650.222
133 4.97586 1337 500 567.178
137 5.78961 1221 519 579.717
134 5.01181 1301 455 457.876
130 4.96893 1169 490 476.102
113 4.73233 1274 465 461.434
120 5.42477 1340 493 564.863
153 5.0874 1317 503 568.626
144 5.13275 1268 516 577.436
153 5.08914 1205 460 435.157
130 4.25293 1171 485 448.62
152 5.23881 1278 532 621.855
140 4.38292 1327 465 471.072
133 4.89322 1310 488 527.101
136 4.78876 1185 464 428.668
123 4.62895 1203 528 558.565
133 4.95299 1175 440 385.548
130 5.42754 1368 503 600.374
141 5.18143 1321 537 653.095
127 4.13015 1189 483 448.237
103 6.37917 1272 490 551.188
156 5.5233 1159 476 457.504
152 4.21464 1316 498 530.278
140 4.71986 1162 442 380.004
149 4.57605 1266 530 590.503
143 5.03572 1345 530 643.057
134 5.13424 1200 540 598.53
141 4.22986 1275 531 584.665
106 5.03144 1120 496 468.881
132 4.73236 1152 490 463.319
149 5.22332 1298 494 544.175
123 4.41673 1255 558 642.843
141 4.46373 1243 485 482.346
117 5.09303 1194 450 412.721
123 5.11963 1315 511 586.908
139 4.15276 1346 539 632.836
129 4.45442 1161 433 358.9
125 5.32607 1241 494 522.84
130 4.15003 1311 494 517.665
129 5.31269 1269 487 519.264
147 5.19553 1172 511 525.041
142 5.33516 1249 508 556.697
146 4.89077 1209 477 464.718
142 5.62228 1154 521 548.148
133 4.39525 1070 496 432.494
132 4.80135 1243 510 543.592
149 4.89636 1259 518 570.873
127 5.64773 1244 529 609.866
156 4.88725 1120 524 519.43
137 5.0736 1221 506 533.116
141 5.35817 1265 436 415.779
132 4.27925 1305 438 408.423
124 5.06105 1272 450 438.978
129 4.6789 1283 522 583.877
133 4.68085 1126 521 510.522
144 5.3719 1299 476 509.215
134 5.15124 1357 522 632.998
144 4.77792 1292 466 471.137
148 5.76673 1243 523 598.71
130 4.59601 1149 491 460.483
123 4.92958 1284 519 585.474
142 4.3478 1361 486 526.643
118 4.42044 1314 539 628.147
143 5.37919 1142 477 449.706
153 4.46208 1273 540 612.32
158 4.72425 1186 521 539.016
127 5.117 1404 518 643.832
144 5.06031 1264 470 475.836
118 4.71295 1200 458 421.196
150 5.20562 1213 525 573.874
139 5.02273 1321 523 614.604
151 5.80409 1252 470 487.79
154 5.20945 1272 541 639.145
143 5.46181 1075 499 465.044
130 5.1475 1293 496 544.456
162 3.91701 1209 503 487.266
147 5.11603 1364 550 705.123
148 5.46514 1226 418 372.214
127 5.39983 1283 490 533.657
119 5.4057 1329 525 634.754
152 4.32559 1429 490 561.332
144 4.74409 1211 536 583.16
159 5.71974 1268 512 584.15
144 5.41471 1253 484 508.844
139 4.95402 1320 494 545.993
138 5.23974 1168 510 522.321
142 4.84426 1270 507 550.146
135 5.35595 1108 514 506.081
132 4.46917 1297 483 499.319
132 4.96484 1224 498 514.804
133 5.27372 1337 496 566.445
133 5.55409 1331 558 723.012
148 4.82708 1278 507 553.105
120 5.60451 1328 532 657.198
140 4.75417 1205 485 475.36
128 5.44331 1269 525 607.15
139 5.04082 1406 528 667.33
144 5.45469 1285 476 505.661
141 4.38436 1211 503 503.07
128 4.69691 1180 513 519.164
133 5.0979 1217 477 472.781
137 5.21542 1181 471 449.92
146 3.93507 1223 507 501.407
112 5.24124 1236 541 622.012
120 4.12317 1063 468 376.062
131 5.06027 1230 497 517.764
139 5.13133 1238 464 455.839
123 4.66707 1203 491 484.057
127 6.5446 1195 483 506.233
146 5.55362 1096 515 507.125
132 5.00118 1226 533 591.775
149 4.254 1260 544 607.345
148 5.4228 1118 479 444.855
138 5.23391 1298 467 486.564
126 5.30951 1340 504 587.177
149 4.94678 1163 478 450.227
129 4.39662 1259 502 521.317
154 5.68385 1223 480 494.422
123 3.53003 1126 522 474.885
128 4.54552 1280 439 408.897
139 5.47219 1373 480 549.849
109 4.93791 1355 491 553.221
139 4.84705 1168 495 482.365
147 5.8777 1269 503 568.037
124 4.30417 1136 450 375.86
125 5.11316 1246 494 519.559
136 4.644 1289 514 567.658
137 4.92394 1283 477 494.02
132 5.67033 1231 527 599.531
126 5.14335 1149 511 513.422
146 5.31488 1184 464 439.846
132 4.9552 1187 508 519.234
135 4.90647 1207 486 482.019
124 4.90909 1259 521 577.89
126 4.63471 1248 535 595.118
135 4.50041 1172 502 488.286
142 4.93117 1296 551 666.12
141 4.71786 1231 548 618.74
141 5.02127 1209 572 672.783
158 5.06718 1276 459 458.291
149 4.93486 1279 538 626.848
139 5.79778 1355 519 643.563
117 5.98923 1278 506 581.581
144 4.62122 1221 486 480.108
130 5.09592 1297 474 497.493
153 4.45049 1334 475 496.144
143 4.86258 1315 438 425.554
124 4.25568 1149 482 434.837
138 5.53093 1231 542 630.237
122 4.50395 1267 500 523.776
133 4.73924 1216 474 457.814
124 5.38221 1258 503 550.939
143 4.93099 1346 533 647.35
132 5.08497 1268 503 547.404
125 5.36726 1256 512 569.526
125 5.44411 1214 467 459.604
143 4.9142 1392 489 563.011
123 4.33888 1213 487 471.051
115 4.47617 1304 461 457.511
128 4.87756 1325 519 602.525
146 5.12295 1314 472 500.442
136 4.49135 1324 533 621.515
165 5.15171 1326 484 531.772
141 4.71322 1247 479 478.758
141 4.73193 1302 526 603.403
124 5.67053 1218 543 629.772
140 5.53859 1201 481 484.429
132 5.36239 1201 463 445.236
136 4.59141 1198 515 528.066
129 4.92445 1190 496 495.453
105 5.42184 1210 487 497.656
124 5.0299 1295 510 573.136
122 5.43414 1121 513 511.885
154 5.13429 1358 511 606.54
148 5.47059 1379 477 545.33
156 4.81131 1254 501 529.501
153 4.85605 1260 483 495.673
144 5.22539 1189 495 500.548
140 4.96858 1322 485 527.473
148 4.62248 1252 505 531.58
110 5.11085 1290 539 640.296
145 4.92304 1189 524 552.465
155 4.59302 1182 486 464.031
131 4.47774 1259 505 530.116
132 5.33084 1311 508 584.213
125 5.73556 1315 434 435.578
128 4.93293 1196 441 393.815
133 4.55865 1414 466 509.36
129 5.53228 1221 505 542.715
136 4.96895 1315 524 612.466
121 5.04354 1259 508 553.223
143 5.38909 1262 449 440.533
146 5.19369 1263 508 559.133
117 5.31727 1207 476 471.937
123 4.0872 1224 484 462.043
134 4.89889 1313 504 563.687
143 4.66643 1257 504 532.904
137 5.1728 1228 523 575.63
120 5.03922 1334 534 647.576
145 4.773 1355 542 668.243
146 5.14727 1271 456 452.347
119 5.05579 1252 491 514.26
160 4.92289 1266 511 559.413
136 5.06402 1259 535 614.227
137 4.64021 1128 525 518.135
152 5.30207 1285 537 639
130 5.0441 1269 538 625.44
126 4.46042 1186 548 587.442
149 5.36037 1202 523 568.528
147 4.65888 1232 520 555.759
134 4.89385 1281 475 488.352
157 5.20133 1243 468 467.207
136 4.98898 1194 502 510.919
128 5.02628 1299 509 572.548
136 4.86458 1284 530 608.476
131 5.77573 1295 496 561.232
136 4.6952 1296 489 518.047
141 5.49258 1223 451 432.786
152 4.58422 1265 504 533.815
131 4.459 1219 524 552.013
134 5.22043 1224 535 601.78
110 4.99262 1156 518 526.792
147 4.38243 1227 498 499.575
136 5.86769 1233 490 523.543
131 4.79787 1217 532 579.021
157 5.04579 1326 488 537.749
128 4.59512 1267 493 511.893
135 3.8199 1232 544 576.805
121 4.8359 1338 493 547.791
145 4.37584 1315 485 507.615
142 4.59052 1141 510 493.198
125 6.2998 1175 493 513.856
129 4.50944 1240 464 441.596
129 5.03592 1212 517 551.396
123 4.75118 1348 476 512.136
121 5.72278 1206 522 577.577
127 4.3191 1195 456 406.368
138 5.49496 1337 457 485.852
128 5.12593 1246 520 576.054
119 5.24744 1272 487 518.872
132 4.36468 1207 441 384.96
158 5.11033 1194 519 549.466
135 5.18427 1171 528 559.77
138 4.47086 1179 504 494.267
145 4.7543 1303 479 501.384
136 5.17688 1236 521 575.072
133 4.66143 1367 480 525.511
150 5.06867 1222 505 531.314
152 4.81603 1168 492 475.748
125 4.82988 1359 454 471.69
133 5.08857 1308 494 544.744
140 5.43487 1246 461 459.48
139 4.90974 1203 474 457.068
142 4.59014 1286 509 553.684
139 5.34646 1406 454 500.792
124 4.4258 1211 489 476.639
132 4.56084 1178 443 383.54
132 4.36057 1240 490 488.131
138 4.89009 1244 519 566.065
112 5.56447 1350 485 554.266
130 4.76749 1151 449 389.435
151 4.66133 1194 514 526.332
129 4.52946 1347 466 484.409
113 5.13113 1175 487 476.591
145 5.16987 1238 499 528.203
153 4.40074 1245 492 495.309
124 5.12752 1248 496 524.989
112 4.1349 1297 531 591.147
119 5.38007 1152 479 457.475
118 4.67725 1286 461 456.412
119 5.11202 1247 556 658.65
132 5.07326 1132 492 467.277
142 4.92163 1144 527 537.62
133 4.54568 1226 514 536.903
124 5.21554 1319 542 665.41
142 4.44627 1267 423 373.606
138 5.08522 1234 501 528.504
124 5.39491 1213 495 514.772
150 5.27294 1205 481 480.091
128 4.91807 1252 497 523.196
148 5.15719 1103 481 436.993
159 5.1847 1264 492 524.652
137 4.54882 1241 528 573.585
144 5.91871 1238 525 604.726
150 5.27605 1135 488 465.529
152 5.6738 1172 488 489.515
118 4.46924 1232 468 445.295
162 5.29654 1214 538 605.785
130 5.11886 1192 493 495.172
121 5.03465 1283 540 636.745
152 5.38413 1343 494 567.356
134 4.08731 1287 521 562.947
144 5.46679 1238 474 483.348
131 4.50367 1227 524 557.095
146 5.15624 1209 494 505.206
139 5.16557 1260 468 472.77
127 4.55259 1185 497 485.382
132 5.09001 1314 489 536.26
140 4.95208 1222 508 534.458
128 4.77343 1197 487 476.605
146 5.80249 1129 479 456.845
151 4.49928 1291 538 617.734
123 5.248 1267 505 555.759
138 4.6857 1161 512 508.499
131 5.50496 1144 488 474.245
107 4.30091 1265 500 516.614
121 4.36999 1197 451 399.409
142 5.03655 1217 465 447.909
154 4.3203 1167 499 475.254
110 4.90713 1098 418 324.38
135 3.67161 1420 515 589.355
112 5.56445 1179 504 522.728
131 4.41739 1347 495 542.985
141 4.99665 1298 500 551.221
140 5.12025 1233 510 548.175
133 4.68484 1198 433 375.258
137 4.59395 1305 509 561.986
143 4.49038 1308 507 555.531
135 5.09467 1311 523 612.166
127 5.47734 1284 485 525.098
162 5.84449 1236 504 554.694
151 4.11139 1248 499 501.552
134 5.35381 1223 524 580.496
154 4.91405 1238 502 527.697
144 4.78671 1195 478 458.715
137 4.58646 1230 505 521.173
128 5.70558 1257 465 477.353
144 5.79239 1326 485 549.85
127 4.79884 1295 494 531.284
150 4.9192 1305 498 547.574
139 4.31452 1206 521 535.208
141 5.26471 1200 469 454.362
129 4.93528 1225 481 479.914
156 4.73044 1218 514 538.968
120 4.99345 1230 491 503.626
127 4.93465 1153 523 534.017
149 5.35418 1352 475 527.329
121 4.8935 1295 462 467.028
135 5.33728 1171 505 515.837
155 5.86772 1295 528 638.462
141 5.96313 1354 498 596.2
145 5.59708 1214 473 474.759
141 5.25836 1170 524 552.83
133 5.39366 1323 540 668.138
157 4.11642 1260 531 573.592
144 5.21688 1389 499 593.988
141 4.85336 1243 508 540.838
152 4.4233 1331 556 677.159
140 4.21267 1291 483 489.278
169 5.24522 1163 482 464.668
138 5.54316 1183 509 534.449
137 6.29885 1216 501 549.166
141 5.11815 1404 536 689.394
115 5.34784 1262 508 562.828
134 4.96289 1274 499 537.933
153 4.95283 1249 509 548.441
142 4.9679 1104 496 460.683
132 5.24873 1263 497 536.609
132 6.04211 1267 510 586.985
132 4.74846 1253 532 594.554
139 5.79228 1402 496 608.032
128 5.2465 1336 535 657.672
117 5.69663 1275 496 550.685
154 4.94262 1357 466 499.176
151 5.32112 1347 494 567.366
129 4.52748 1319 455 452.158
148 5.26169 1320 485 534.404
146 5.00624 1341 479 522.906
141 4.48424 1228 522 552.672
138 4.33446 1453 504 604.168
146 5.78241 1301 509 593.944
130 4.67023 1267 456 439.795
141 4.65547 1295 514 570.667
123 5.16845 1378 520 638.417
108 5.42268 1230 484 499.688
160 4.97241 1192 559 631.933
153 4.86135 1154 465 420.886
151 5.11382 1250 479 490.07
147 5.47695 1339 489 556.651
130 4.85502 1275 496 528.908
139 5.29534 1308 510 586.487
133 5.5506 1322 489 551.417
131 5.23964 1334 521 622.563
139 4.54216 1217 541 590.305
136 5.2919 1294 505 568.796
137 5.29085 1187 475 461.589
161 5.02267 1357 524 633.768
136 5.10917 1280 499 544.488
128 4.568 1319 511 571.641
148 4.36281 1184 493 471.876
133 4.67983 1214 509 525.328
128 5.03761 1238 488 501.854
137 4.88873 1306 501 553.731
110 5.2222 1106 467 414.357
130 5.5481 1232 465 464.621
152 4.40959 1164 507 492.012
141 5.64244 1178 497 509.636
149 4.22326 1286 500 522.646
134 4.87381 1217 486 485.179
141 4.91155 1291 502 550.216
147 4.33571 1303 478 487.377
142 5.40992 1171 498 503.341
134 4.66087 1192 511 519.321
134 5.91242 1383 481 566.916
145 5.02475 1281 466 473.211
135 5.55227 1151 493 488.014
118 5.1521 1223 532 592.583
127 5.18304 1256 500 538.379
150 4.69274 1332 472 495.993
132 4.98831 1125 506 489.079
144 5.15733 1294 511 578.612
134 4.85949 1288 513 571.69
136 5.06739 1156 479 452.166
151 5.67523 1297 468 498.261
134 4.31991 1188 487 460.806
143 4.7361 1237 545 615.583
157 4.7342 1253 468 459.75
137 4.96617 1281 472 484.021
107 4.92013 1353 536 657.691
138 4.93024 1209 509 530.255
132 4.4121 1172 455 399.046
152 4.63082 1255 543 616.352
134 4.31717 1178 491 464.386
163 5.19545 1276 528 610.296
128 5.74134 1215 523 584.587
144 5.28083 1303 530 630.531
133 4.12198 1154 475 420.527
133 4.85002 1255 504 537.398
130 4.91297 1271 495 526.73
147 4.67831 1287 533 610.622
121 5.32261 1360 514 620.208
157 5.89766 1336 473 529.26
145 4.60575 1242 454 425.798
130 5.23822 1154 516 528.235
121 4.14743 1243 480 463.311
130 4.61054 1336 499 553.473
136 4.93115 1327 494 548.237
135 4.93469 1263 468 468.402
154 4.49923 1303 543 635.116
123 5.22542 1214 503 527.726
148 4.67454 1193 502 501.992
129 4.97859 1106 494 458.055
124 4.90865 1213 540 598.112
125 5.10164 1281 509 566.76
134 4.91922 1303 504 559.988
136 6.10445 1221 470 481.623
155 4.5599 1356 530 631.897
143 4.94534 1167 463 423.835
141 5.11308 1121 496 471.227
145 4.75854 1379 483 539.652
140 5.40111 1393 470 533.109
153 4.57805 1281 480 490.137
141 5.02287 1366 484 544.294
138 4.49509 1311 497 535.204
155 4.70159 1218 472 453.765
134 5.35785 1234 498 529.135
145 4.09825 1260 485 477.948
131 5.32906 1241 506 548.627
137 4.74912 1223 522 558.728
137 5.03028 1232 493 509.518
148 4.97816 1231 484 489.382
131 5.56924 1206 501 528.465
138 4.28047 1217 550 600.621
129 4.6074 1279 475 480.031
141 4.46669 1108 543 539.038
129 5.01012 1216 469 454.663
161 4.73149 1310 491 528.991
147 5.50429 1251 516 579.804
141 5.3061 1225 492 511.445
130 4.44998 1133 475 421.375
158 4.52041 1271 523 575.431
133 4.82527 1369 500 576.185
166 4.67995 1230 480 473.333
130 4.9623 1196 548 609.028
137 5.06927 1257 511 559.613
142 4.93022 1279 488 515.624
125 4.73313 1265 564 674.065
129 5.45914 1265 492 531.927
138 4.63358 1236 552 627.408
143 4.80543 1256 533 600.069
115 4.67091 1350 534 642.654
140 5.0839 1227 479 480.336
135 5.30889 1353 550 706.014
137 4.89082 1313 436 421.663
123 5.14906 1233 498 523.427
166 4.664 1185 518 530.605
154 4.01411 1251 517 536.206
117 5.26111 1245 498 531.408
132 4.08289 1250 501 505.443
147 4.56142 1247 516 550.856
151 4.64776 1261 488 500.673
133 4.56534 1255 491 502.085
148 4.96925 1227 446 414.013
153 5.5565 1192 529 582.014
161 5.02598 1221 458 435.72
142 5.32419 1243 491 517.295
130 5.34405 1195 476 467.835
106 4.89346 1127 473 426.024
128 5.15813 1109 489 454.128
147 4.89319 1385 502 589.711
159 4.35891 1236 536 582.14
138 4.96669 1271 485 507.075
123 5.13018 1286 514 581.028
133 5.56895 1197 496 514.097
133 5.27969 1206 486 490.689
125 5.10257 1287 510 571.68
140 5.04972 1298 493 537.343
166 4.93872 1354 539 666.209
147 4.56792 1301 515 572.699
139 5.60494 1248 482 506.981
109 5.43094 1234 486 505.657
115 5.08702 1164 499 494.597
135 5.41241 1309 526 627.78
131 5.20632 1366 483 547.012
131 5.14621 1216 518 558.428
135 4.25524 1217 510 515.622
119 5.32661 1331 489 549.478
149 5.41986 1282 510 578.195
109 4.30012 1322 515 572.743
130 5.40249 1361 468 516.472
144 4.95711 1302 510 574.09
142 5.78151 1226 496 531.459
114 4.93998 1251 473 474.048
123 5.12656 1191 509 527.593
119 5.14292 1246 471 473.002
142 4.46161 1259 478 474.495
131 4.88729 1240 505 534.136
121 5.12098 1293 483 515.614
149 5.57032 1163 458 425.917
150 4.95973 1305 494 539.947
126 4.54864 1318 484 511.87
142 4.73901 1221 471 453.89
129 4.95868 1250 474 476.135
133 5.5209 1196 534 594.106
124 4.87537 1306 531 621.594
126 4.92571 1245 526 582.991
114 4.35609 1225 505 512.063
107 5.74228 1358 485 561.914
120 4.74709 1197 492 485.746
144 5.00105 1194 522 552.782
121 5.56025 1315 455 475.081
145 4.7344 1232 495 505.714
148 4.68065 1310 480 504.139
154 5.59065 1267 473 495.344
143 4.67574 1219 488 484.753
128 4.76762 1271 529 596.935
141 5.07122 1260 462 458.572
146 5.53492 1098 513 503.689
120 5.10675 1308 489 534.257
130 5.11265 1295 497 546.556
157 4.54121 1197 476 449.444
127 4.79041 1245 437 399.519
128 5.32291 1318 480 524.175
152 5.2286 1355 496 572.827
133 5.12913 1322 529 632.63
144 4.64891 1237 527 572.82
147 4.73363 1183 499 493.459
114 5.22031 1375 496 581.049
152 4.87751 1292 504 554.047
135 4.40303 1277 520 567.589
135 5.02364 1269 515 572.513
129 4.77527 1131 511 495.855
156 4.62489 1275 480 489.14
135 4.97477 1200 511 531.676
131 4.80013 1177 529 553.759
145 4.8918 1219 483 480.45
135 4.72901 1255 498 521.264
149 5.40711 1293 487 531.43
124 5.77974 1367 468 527.526
148 4.70006 1352 505 576.531
152 4.44075 1308 509 558.287
153 4.4532 1314 438 415.602
121 5.68363 1195 471 465.151
155 6.1747 1292 504 587.66
126 4.59362 1194 431 368.664
141 4.69862 1349 458 473.12
133 5.65449 1337 513 616.592
124 4.97274 1264 458 449.838
143 4.1682 1263 537 590.002
111 5.40656 1228 496 523.529
152 4.4072 1284 528 588.542
154 5.15278 1161 516 529.232
138 5.13214 1061 485 426.845
147 4.23803 1321 495 526.677
146 4.89379 1285 509 562.515
129 4.02395 1302 465 451.75
137 4.50644 1199 490 476.105
130 4.89579 1151 469 427.821
144 4.47057 1345 495 543.891
107 5.28353 1220 469 462.351
123 5.19714 1338 513 604.155
160 4.75242 1124 547 563.965
157 5.01639 1209 495 503.716
137 4.59229 1213 506 516.179
115 4.72968 1197 485 471.573
161 4.95089 1315 415 383.805
135 5.38549 1219 536 606.299
143 4.93476 1225 531 584.858
119 4.95964 1166 472 440.421
111 5.22878 1199 503 521.29
118 5.30907 1306 457 470.511
123 4.65122 1237 507 530.236
122 5.26016 1264 534 620.312
132 5.27225 1345 476 524.769
127 4.24731 1271 505 527.731
134 5.49732 1317 490 550.256
141 5.50056 1202 553 639.743
137 4.82121 1280 482 500.528
128 5.48772 1369 461 506.061
138 4.74826 1316 541 645.748
128 5.62026 1183 536 594.692
106 5.36438 1222 527 586.973
126 4.7202 1219 516 543.311
151 5.26609 1174 505 515.412
137 4.63636 1242 480 476.788
135 5.18962 1223 505 534.943
151 5.03106 1324 489 538.739
134 5.49414 1234 500 536.759
130 4.44279 1179 497 479.836
127 5.46768 1271 449 445.286
108 4.57297 1298 554 661.385
134 5.03585 1279 561 685.132
144 4.76651 1324 525 612.421
144 5.70968 1266 525 612.954
121 4.94472 1281 546 646.97
127 4.59278 1160 494 470.503
127 5.07618 1236 470 465.667
157 6.257 1199 485 506.638
142 4.56675 1444 445 474.561
120 4.63329 1200 536 574.324
130 5.41066 1116 513 509.05
105 4.91339 1359 511 600.209
122 4.39546 1354 475 501.932
139 5.38308 1346 477 530.135
150 5.04292 1140 507 498.947
120 4.2054 1204 492 473.251
126 5.40388 1265 485 515.583
155 5.30556 1270 520 592.286
144 5.19085 1309 452 458.713
127 5.15901 1307 540 652.695
145 4.20093 1167 529 530.143
126 4.14567 1327 559 670.756
128 4.54597 1356 512 589.232
124 5.21037 1138 451 397.404
140 5.20642 1385 499 591.977
157 4.93844 1240 498 520.821
149 5.39938 1288 526 617.336
117 4.92593 1272 477 489.835
140 4.32339 1292 537 609.464
136 5.11689 1243 454 437.851
117 5.51598 1208 520 568.889
138 5.34785 1298 504 569.803
154 5.58168 1212 513 557.15
140 4.80204 1292 528 605.631
135 5.2014 1157 515 526.618
154 5.39934 1196 526 573.239
153 5.191 1113 480 439.851
156 5.27722 1134 521 530.181
145 5.00609 1275 553 662.645
136 5.6601 1335 497 578.006
118 4.66579 1245 520 561.84
136 5.49285 1212 511 550.609
132 4.76959 1292 483 505.91
134 5.40896 1245 513 567.847
145 4.20194 1159 520 508.779
119 5.62752 1268 443 435.555
126 5.10367 1259 475 485.144
129 4.53578 1225 502 511.416
143 4.60141 1291 513 564.969
123 4.79235 1264 504 539.584
154 4.9676 1233 453 429.164
148 5.49099 1262 463 470.634
115 5.04497 1295 497 544.705
116 4.33277 1208 502 498.266
139 4.71302 1232 458 432.429
133 4.87422 1359 520 620.261
131 5.19736 1381 507 609.077
132 5.0349 1139 485 456
134 5.27055 1342 481 534.613
139 4.8651 1233 555 640.749
125 5.52855 1404 478 559.015
128 4.84571 1395 487 557.602
143 4.69308 1172 522 533.782
128 5.0277 1249 488 506.059
127 4.75159 1223 516 546.031
131 4.9164 1389 499 585.077
130 4.91135 1198 532 573.423
149 5.1574 1279 512 574.148
144 4.92553 1236 466 454.263
131 4.97889 1233 512 548.553
145 4.93363 1216 491 496.359
124 5.19416 1257 495 528.373
165 5.49694 1363 471 526.159
144 4.63534 1216 509 524.886
124 3.95144 1219 517 520.263
144 4.43619 1225 466 438.131
131 5.50756 1231 498 531.503
141 5.44538 1275 479 507.853
149 5.2769 1321 499 566.543
134 3.99905 1286 472 458.961
136 4.97866 1299 527 612.267
127 5.31297 1212 491 504.127
155 5.49993 1300 461 480.821
145 5.26613 1224 526 582.986
115 4.96979 1321 526 619.993
137 5.49194 1143 486 469.677
125 5.36495 1311 447 453.059
118 5.57487 1286 546 669.467
142 4.64728 1303 539 631.116
121 4.48297 1249 471 457.615
116 5.15203 1250 508 552.25
124 5.3805 1254 538 628.224
133 5.43116 1282 476 503.935
133 5.02403 1201 516 543.951
107 5.51737 1227 530 600.313
115 5.74625 1106 519 524.144
137 5.24533 1310 538 652.089
132 5.29245 1286 550 670.528
123 4.94592 1277 463 463.799
111 5.13671 1216 464 447.857
134 4.72626 1317 524 605.533
147 5.39267 1239 552 653.805
141 4.6364 1252 510 542.584
133 4.43147 1204 474 445.407
129 5.34458 1263 527 606.103
124 5.5398 1242 526 599.12
128 4.8024 1215 561 642.966
153 4.87441 1260 496 523.222
139 4.01434 1262 499 503.918
130 5.72283 1386 477 554.272
121 4.41918 1463 477 547.693
140 4.96949 1277 513 570.074
139 5.03507 1148 499 486.524
145 6.00034 1200 486 503.998
136 5.30313 1345 481 536.641
137 5.28274 1310 467 492.215
149 4.76057 1263 519 570.744
136 5.58474 1287 504 571.128
140 5.7942 1381 516 648.252
143 5.27195 1208 530 584.312
114 5.14027 1335 454 470.803
125 5.2408 1138 445 387.47
158 4.33427 1273 506 533.526
134 4.68217 1219 522 554.852
149 5.02513 1267 499 536.685
133 5.02622 1265 557 667.678
145 5.1152 1298 509 574.669
133 5.43588 1264 467 478.352
140 4.72539 1259 514 556.956
120 5.47162 1201 471 463.088
129 5.01652 1297 483 514.501
144 4.17549 1339 530 609.589
132 5.17476 1298 518 596.922
133 4.95011 1273 488 513.735
127 5.45513 1140 447 395.613
147 5.18754 1293 486 523.752
147 5.00111 1228 549 628.859
149 4.8095 1253 531 594.281
127 5.15171 1149 448 394.791
152 5.07625 1242 440 410.1
135 5.24303 1265 471 482.564
130 5.58313 1373 494 585.311
163 5.1839 1236 489 506.773
129 5.31263 1156 556 616.559
105 5.33413 1206 470 460.099
114 4.30182 1263 514 545.116
138 5.33701 1265 510 568.327
162 5.53842 1320 515 610.354
159 5.3025 1343 543 682.864
148 4.71351 1346 531 635.067
142 5.08001 1166 469 437.511
135 5.07524 1359 520 626.71
149 4.95404 1179 487 473.948
132 4.89304 1261 516 567.274
141 5.31798 1200 529 579.522
146 4.99529 1305 477 504.346
120 5.1746 1262 506 553.783
140 5.43177 1316 488 543.726
135 4.94917 1332 468 494.363
140 5.00781 1238 441 409.22
123 4.3769 1204 511 515.966
133 4.88232 1334 485 529.874
128 4.91813 1290 474 490.338
149 5.32458 1310 526 625.685
141 4.51092 1294 492 518.167
135 5.33711 1291 477 507.379
116 5.58694 1371 483 558.815
127 5.62601 1313 532 650.393
140 5.79438 1356 515 634.057
135 5.13429 1261 469 474.437
113 5.05371 1222 478 475.661
127 4.96139 1158 471 435.587
140 5.18991 1338 491 553.253
150 4.68749 1246 521 565.138
154 4.64393 1188 554 607.773
144 4.43082 1267 457 435.679
127 4.93057 1280 520 585.932
160 5.08499 1240 491 510.079
141 4.83684 1223 482 478.638
114 5.63081 1165 489 487.667
138 4.18754 1216 531 556.112
125 5.57874 1173 519 551.836
144 5.46698 1314 536 656.012
147 4.99532 1384 469 517.087
136 4.0437 1228 469 434.011
155 4.3794 1345 537 636.633
136 4.74267 1276 538 619.007
135 5.26955 1313 520 611.29
156 5.03782 1303 522 604.375
130 5.21347 1127 522 527.311
130 4.5188 1230 479 467.068
131 4.74374 1213 495 498.169
136 5.19089 1285 478 503.598
125 5.12099 1337 526 632.317
117 5.05353 1236 486 497.344
138 5.35825 1279 534 630.6
149 5.30087 1246 547 642.861
113 5.47306 1152 525 551.923
138 4.95136 1244 479 483.716
159 4.52356 1172 503 490.894
150 4.81464 1174 474 443.809
128 4.8917 1354 481 529.245
123 4.71402 1223 486 483.389
128 4.75381 1219 463 438.237
126 4.8875 1263 470 471.25
147 5.01193 1213 506 527.974
130 4.55389 1301 512 565.59
129 4.59415 1188 507 507.595
138 5.30734 1330 502 578.119
145 4.41278 1146 512 494.1
133 4.47931 1209 497 493.108
119 4.93486 1223 544 612.847
123 4.54093 1309 484 508.149
131 4.9383 1264 512 561.167
143 6.00869 1207 487 509.199
135 5.76949 1280 519 607.209
155 5.68599 1297 475 513.519
149 4.84602 1307 547 659.097
125 5.10726 1262 475 486.387
137 4.37181 1307 479 492
118 5.84367 1238 524 600.541
133 4.73676 1226 478 469.338
137 5.87122 1250 448 443.739
123 4.8368 1348 488 540.774
137 4.7528 1274 455 442.295
148 5.36187 1244 493 522.864
127 4.58052 1331 526 611.641
148 5.11288 1234 472 469.739
143 5.4983 1277 532 628.956
140 5.2455 1345 501 580.594
131 5.0703 1254 494 521.776
134 4.93774 1209 533 581.665
129 5.03718 1254 468 467.516
125 4.92568 1273 526 596.101
126 4.83817 1303 498 544.403
110 5.82034 1363 503 608.645
141 5.7973 1297 463 490.241
135 6.15688 1175 507 540.445
147 4.62236 1330 480 510.168
154 4.85672 1299 475 494.245
144 4.00201 1202 485 453.029
139 4.19973 1237 519 540.856
132 4.56128 1304 471 479.942
130 5.2646 1268 513 574.417
119 5.29813 1168 545 598.141
133 4.72641 1286 480 496.154
159 4.40525 1245 458 429.333
122 5.98487 1292 496 564.842
144 4.13357 1249 500 504.698
114 4.37805 1297 480 490.462
140 5.16532 1284 535 629.585
136 5.4171 1173 478 464.67
145 4.35284 1230 478 460.553
131 5.17767 1284 514 581.482
119 5.6366 1319 517 617.329
169 5.50738 1329 461 491.713
127 5.14912 1304 454 460.071
149 5.39497 1149 527 552.696
142 4.92238 1376 498 577.461
135 5.06762 1304 506 569.185
132 4.43767 1214 542 587.424
131 4.09985 1348 529 608.377
142 5.06525 1240 511 551.933
129 4.96089 1204 512 535.155
119 5.62772 1257 509 570.022
170 4.54501 1385 493 557.964
126 5.69459 1188 540 608.129
129 4.62959 1205 436 381.519
113 4.94331 1184 500 501.429
113 5.84396 1360 467 524.007
136 4.77051 1218 496 502.978
135 5.15309 1254 521 582.766
131 4.46785 1246 469 452.245
128 4.94412 1234 484 489.713
146 5.24814 1190 472 455.996
127 4.39369 1224 508 518.921
119 5.04715 1341 490 548.337
136 4.2424 1317 461 455.553
128 4.7673 1295 510 565.292
122 5.53006 1395 543 716.81
160 5.3823 1305 455 467.651
151 4.29431 1245 520 549.71
134 4.4338 1302 517 573.095
142 5.79253 1175 490 497.336
128 5.17354 1187 458 426.716
137 4.8545 1180 513 523.614
122 5.30114 1279 508 569.152
144 4.14381 1219 497 487.006
153 5.43022 1210 541 614.375
161 5.42559 1354 477 534.339
115 5.98836 1324 510 612.056
130 4.99628 1243 516 562.178
141 5.04981 1191 533 576.303
145 5.00265 1325 514 594.821
149 4.80524 1178 523 541.877
121 4.47044 1254 501 519.457
127 5.15341 1135 496 478.065
125 5.38219 1257 440 421.238
127 4.98872 1221 495 507.997
138 5.48867 1167 486 479.468
164 5.66309 1191 482 485.066
116 4.12819 1207 481 451.205
120 4.67664 1270 463 454.637
144 5.60763 1306 560 716.233
146 5.17777 1217 443 409.397
132 5.24142 1094 492 455.341
148 4.73369 1330 480 513.335
134 5.31363 1222 544 623.96
154 5.10962 1194 508 526.403
123 4.45052 1236 507 523.721
136 5.48905 1209 512 551.303
152 5.22834 1288 509 573.412
118 4.69859 1237 469 454.929
128 5.89692 1163 482 478.41
124 4.4574 1301 505 547.145
128 4.8234 1253 539 612.779
158 5.21646 1296 457 464.839
136 4.67439 1251 513 549.714
131 4.99243 1327 526 623.534
149 4.4029 1217 537 576.862
165 4.90456 1237 515 554.658
136 4.88673 1154 493 473.733
144 5.15427 1356 426 421.333
128 4.62302 1287 480 493.692
131 4.64128 1274 483 495.342
118 5.02887 1185 526 557.846
136 4.71925 1267 483 494.759
END
