Delay, Zoom, Max Iter, Resolution, Estimated cost
0 5.67772 1328 550 704.687
0 3.96446 1317 490 505.364
0 3.05268 1271 453 387.235
0 5.14927 1065 558 567.619
0 4.88097 1263 515 565.614
0 3.60567 1454 479 519.422
0 5.87802 1138 470 444.757
0 4.51768 1192 585 675.093
0 6.21007 1162 467 454.406
0 3.57337 1250 556 600.14
0 4.85445 1241 496 514.788
0 5.03335 1284 513 575.073
0 5.66789 1167 443 401.573
0 6.22968 1228 503 557.532
0 5.7915 1289 481 525.707
0 4.53127 1284 474 477.793
0 5.14142 1326 477 516.24
0 4.14686 1366 507 568.028
0 4.98371 1121 502 479.553
0 5.75818 1312 483 538.78
0 4.14703 1291 481 483.197
0 5.25619 1178 504 514.878
0 4.10774 1262 461 432.771
0 5.3257 1282 483 516.319
0 5.4003 1263 524 600.784
0 4.74052 1326 576 737.254
0 5.52916 1436 481 578.971
0 3.81981 1028 491 392.079
0 4.11201 1262 473 455.722
0 4.74088 1188 536 571.983
0 5.89449 986 482 405.559
0 4.75319 1126 516 502.767
0 3.97865 1268 468 444.282
0 5.40064 1200 515 551.385
0 5.99271 1289 510 595.982
0 5.08967 1256 483 500.079
0 5.50833 1135 491 476.39
0 6.74544 1202 472 489.784
0 4.97406 1183 524 551.132
0 4.6393 1288 499 534.454
0 4.53387 1375 519 613.509
0 4.42041 1333 458 460.097
0 6.28833 1230 438 424.397
0 5.36263 1367 537 681.721
0 5.36417 1358 519 632.639
0 4.52339 1209 523 547.456
0 4.8312 1135 556 590.883
0 4.77744 1198 610 748.545
0 4.83945 1205 573 666.567
0 5.42794 1398 594 855.634
0 5.72593 1256 544 653.384
0 5.74514 1322 456 483.617
0 4.13932 1368 456 459.946
0 5.41612 1253 536 624.096
0 4.94797 1069 537 522.335
0 4.55302 1328 460 465.99
0 4.32639 1261 505 526.156
0 5.62382 1230 489 514.717
0 5.86928 1334 524 647.805
0 6.34434 1289 460 491.605
0 4.89564 1184 509 518.352
0 5.62663 1136 537 573.359
0 5.54753 1001 475 393.906
0 5.1283 1234 451 429.198
0 5.00482 1288 547 654.912
0 6.1519 1166 541 610.528
0 5.02223 1317 557 694.983
0 5.61833 1174 480 473.251
0 4.22474 1184 512 504.613
0 5.35107 1215 411 354.743
0 3.71568 1238 458 407.72
0 6.41483 1341 474 544.488
0 5.42603 1211 466 456.127
0 4.5504 1363 544 668.792
0 5.03108 1279 502 548.468
0 3.5181 1256 443 381.148
0 5.77149 1167 422 366.038
0 4.87615 1260 497 525.383
0 5.06298 1403 529 669.179
0 5.091 1429 564 775.843
0 5.8225 1310 503 585.031
0 3.9244 1276 489 486.29
0 4.32526 1262 550 624.556
0 4.32683 1114 509 472.225
0 4.38179 1305 492 518.587
0 5.62175 1325 514 612.56
0 5.41764 1411 516 651.37
0 4.0912 1233 431 369.184
0 5.02156 1439 532 692.703
0 4.90958 1137 500 480.679
0 5.27655 1281 569 714.324
0 4.72707 1193 484 467.994
0 4.53211 1272 505 537.29
0 5.91501 1345 453 489.071
0 4.52506 1340 469 487.992
0 5.01064 1275 536 622.675
0 4.52044 1273 505 537.349
0 4.98583 1336 523 620.412
0 5.55873 1299 469 498.591
0 5.00973 1141 433 363.633
0 5.46929 1277 472 494.433
0 3.96514 1081 557 536.023
0 4.21254 1144 470 410.538
0 5.02833 1255 497 527.435
0 4.92304 1249 534 602.706
0 4.38294 1260 513 544.398
0 4.7773 1409 481 547.393
0 5.00167 1257 471 473.805
0 4.51956 1144 454 390.266
0 5.87396 1149 495 498.014
0 4.95601 1410 525 658.781
0 3.87923 1272 526 559.13
0 5.57787 1200 608 774.728
0 5.26082 1306 500 561.924
0 5.30051 1193 498 510.172
0 4.31809 1138 464 400.658
0 5.297 1097 557 586.762
0 4.9409 1179 443 391.909
0 5.33523 1412 464 525.051
0 5.74664 1248 520 593.73
0 5.03362 1146 546 581.432
0 4.58021 1276 507 544.761
0 5.41635 1336 560 726.371
0 5.97335 1216 537 622.843
0 4.18428 1311 509 550.792
0 4.96847 1340 519 612.241
0 5.30433 1185 497 504.809
0 4.84487 1311 414 378.683
0 3.78218 1083 472 380.67
0 5.78814 1327 570 759.905
0 4.05309 1237 542 584.247
0 4.35325 1306 473 478.845
0 4.04918 1129 563 575.209
0 5.07675 1087 485 436.101
0 5.11806 1230 488 500.626
0 4.1102 1263 512 534.331
0 5.65656 1146 507 516.264
0 5.62963 1312 560 720.223
0 4.12764 1275 484 482.572
0 6.28134 1410 544 750.273
0 4.44372 1111 523 500.735
0 5.96871 1233 460 463.332
0 5.53876 1333 515 616.375
0 4.29576 1313 502 540.342
0 5.28357 1328 546 682.104
0 4.93365 1156 566 627.034
0 5.42918 1191 516 550.103
0 4.20286 1322 483 500.714
0 4.59531 1259 468 458.385
0 5.23865 1440 501 621.397
0 5.35827 1154 522 543.686
0 4.2614 1265 522 561.694
0 5.29555 1153 575 657.173
0 5.03971 1246 479 486.69
0 5.96033 1200 469 468.588
0 4.20121 1522 485 581.188
0 4.76615 1288 575 714.639
0 5.44252 1312 604 830.821
0 5.02791 1169 436 378.086
0 5.11796 1119 425 345.442
0 5.65889 1108 543 572.605
0 4.01497 1409 497 558.139
0 5.42481 1207 543 617.237
0 4.80235 1226 495 505.11
0 5.34344 1450 488 596.632
0 5.60533 1478 575 854.478
0 5.16604 1313 545 668.121
0 4.98617 1246 492 512.067
0 6.17974 1238 499 552.09
0 5.30043 1223 522 574.623
0 6.19858 1295 440 449.349
0 5.49088 1336 463 498.228
0 5.68978 1122 515 522.286
0 4.03118 1297 476 471.787
0 5.63242 1157 559 632.947
0 6.01877 1416 456 523.954
0 4.83428 1385 445 461.953
0 6.06362 1342 464 515.08
0 5.36978 1391 536 691.34
0 4.79201 1139 456 398.012
0 4.6097 1355 461 479.081
0 4.06389 1276 491 494.942
0 5.168 1488 483 594.752
0 4.12421 1270 523 561.14
0 4.92425 1262 520 577.502
0 4.08954 1328 494 522.311
0 4.10763 1199 532 547.565
0 5.76552 1260 419 389.509
0 5.06214 1301 524 608.828
0 3.41081 1228 463 403.517
0 4.3366 1419 517 620.943
0 5.08667 1248 524 584.745
0 4.82583 1302 517 585.9
0 6.01563 1188 465 457.053
0 5.44873 1121 556 601.698
0 6.20852 1236 514 585.494
0 3.83714 1448 521 622.589
0 4.53978 1198 478 453.57
0 4.20061 1157 599 673.89
0 4.77108 1198 525 554.277
138 5.14981 1335 484 535.331
147 4.99874 1365 506 593.733
115 5.03036 987 558 522.929
143 5.90681 1279 499 564.127
119 5.69539 1283 560 706.333
128 4.48387 1341 506 567.086
149 3.63167 1233 489 459.976
129 5.79491 1110 480 450.889
143 4.82358 1193 504 510.13
130 5.30413 1323 442 445.755
160 4.46433 1221 515 534.257
118 5.44421 1178 533 580.943
137 3.67429 1306 484 478.847
128 3.98074 1291 497 510.21
132 5.76178 1343 466 513.45
181 5.27716 1368 490 565.734
150 4.97208 1233 475 471.969
132 5.52086 1293 560 706.357
145 4.61277 1308 520 588.515
139 3.55455 1245 522 526.092
141 6.31744 1255 583 768.04
176 4.73736 1271 530 598.207
142 6.16521 1241 540 647.739
138 4.86042 1149 526 536.195
139 4.02635 1248 534 571.147
113 4.61288 1019 530 476.291
142 4.51374 1154 529 534.31
143 4.15674 1316 424 382.973
123 5.00632 1475 450 507.625
163 5.34884 1261 461 463.154
129 4.74672 1174 500 492.022
102 4.74201 1267 486 501.549
115 5.19917 1302 531 629.942
167 4.3785 1328 546 649.797
157 4.33576 1135 460 393.167
124 5.8766 1251 531 624.03
153 4.68374 1118 470 412.58
149 5.66954 1340 540 685.188
121 5.15542 1150 551 597.822
116 4.85549 1292 510 566.657
145 5.97137 1200 507 547.846
139 5.33766 1330 521 623.602
109 4.94633 1316 490 535.345
127 5.40622 1248 477 492.066
135 4.9931 1276 483 505.565
126 5.48881 1388 431 448.5
123 6.19437 1184 521 575.923
113 5.40368 1126 538 564.708
162 5.82203 1187 500 523.786
136 5.39886 1268 545 652.433
149 5.08213 1287 504 557.738
123 4.95562 1286 517 582.662
157 5.08108 1307 510 579.941
153 6.51582 1209 503 554.871
90 4.03707 1278 520 555.01
120 5.91246 1226 543 640.467
144 5.54447 1016 487 420.207
167 6.09063 1315 517 627.282
84 4.43637 1326 515 579.241
100 4.16199 1085 509 455.19
123 5.02608 1184 468 441.17
154 5.05007 1337 535 651.823
137 5.04269 1276 512 569.533
123 5.30235 1235 490 511.345
140 4.98253 1330 545 670.566
156 4.76751 1212 503 514.643
134 4.9064 1174 484 464.988
162 5.32995 1217 510 546.58
151 4.32552 1296 555 653.107
141 4.92921 1461 480 569.813
144 3.66577 1262 532 558.683
123 4.80785 1086 554 560.612
144 4.4058 1192 579 656.964
139 4.44942 1340 452 451.252
85 4.5982 1160 505 491.842
120 5.51279 1299 523 618.734
153 4.9991 1089 622 715.771
85 5.90697 1403 489 594.269
143 5.02618 1297 528 615.139
129 4.55505 1184 482 456.204
134 4.66642 1186 497 488.933
139 4.57055 1316 516 581.641
121 4.79413 1315 483 515.6
146 4.74685 1481 480 572.027
143 5.05279 1252 519 574.499
130 4.65338 1159 500 483.236
115 4.76461 1303 441 425.227
112 4.02896 1245 542 587.077
141 5.76543 1205 522 578.157
108 5.22418 1184 537 586.581
127 4.96125 1530 553 793.346
138 4.9221 1334 446 449.019
150 5.28313 1242 519 576.387
129 3.8649 1217 482 448.745
135 4.20084 1198 541 569.193
127 5.39972 1344 493 565.893
128 4.53825 1425 511 616.524
162 4.8771 1299 477 498.953
147 4.97418 1151 459 411.445
147 4.83485 1186 426 362.531
94 5.05116 1295 531 621.975
129 5.37962 1271 524 604.008
136 5.82497 1347 506 608.815
174 4.92915 1237 458 439.237
133 4.89784 1197 486 477.809
135 5.9161 1336 506 606.15
139 4.64171 1199 502 503.591
134 4.77576 1358 433 427.501
166 5.71022 1434 530 707.598
134 5.66162 1220 519 576.052
150 4.93251 1400 450 479.985
89 5.29766 1290 520 601.388
157 4.65395 1158 508 498.409
126 5.42877 1171 488 483.75
165 4.78409 1191 569 647.729
163 4.77694 1383 456 482.882
145 5.10112 1158 451 402.221
149 4.61815 1091 465 392.65
150 4.80767 1216 505 521.585
104 5.36017 1172 515 537.504
149 4.66605 1284 489 512.42
140 4.38393 1342 410 370.388
146 5.62157 1157 485 476.233
148 4.62862 1371 491 550.469
132 5.61163 1085 517 507.251
140 3.89597 1336 538 615.087
114 4.98311 1164 490 474.411
182 5.59627 1334 575 770.917
146 5.40896 1184 514 542.132
117 5.03926 1225 523 570.417
171 5.01164 1380 504 595.915
125 4.6117 1043 451 352.984
128 5.92817 1290 524 627.974
149 4.93719 1064 503 455.888
154 5.70284 1180 441 403.001
132 5.71833 953 441 325.693
154 4.59975 1171 504 494.585
132 5.879 1189 508 542.89
150 5.6245 1344 452 480.546
109 5.24726 1242 531 602.313
127 5.39754 1284 450 450.388
151 4.42532 1225 532 570.656
126 4.98649 1024 416 300.865
158 5.25052 1397 432 448.48
135 5.66994 1100 562 609.243
129 4.83138 1322 451 452.84
150 4.43374 1206 516 528.786
131 4.70522 1234 547 617.557
161 5.97577 1213 465 465.914
148 3.77284 1155 534 519.284
131 5.12149 1258 448 431.598
139 5.58166 1238 528 602.869
149 4.14878 1314 477 483.715
112 4.37478 1424 471 518.381
119 6.58946 1204 506 560.692
118 5.94149 1272 470 498.438
132 5.11731 1196 503 517.154
145 4.94842 1210 518 550.146
184 6.07727 1336 548 715.635
136 5.45366 1214 460 446.125
143 4.73919 1258 493 512.356
146 5.19657 1185 530 571.105
147 3.79356 1211 485 449.803
148 4.01674 1256 512 528.08
104 3.80914 1078 511 444.984
159 5.42737 1344 465 504.083
117 5.81265 1149 455 419.695
155 5.87095 1184 528 583.816
133 4.06184 1430 538 665.858
116 5.52904 1227 508 551.801
166 4.68292 1210 500 505.331
134 4.8288 1085 506 467.769
91 3.88034 1088 494 421.863
143 3.92181 1036 475 372.473
113 5.93523 1237 451 446.209
156 4.29315 1169 518 512.154
153 5.38823 1102 552 581.392
104 5.34236 1284 491 534.816
136 5.31965 1354 472 520.612
139 4.19802 1215 530 553.934
146 4.50739 1313 444 428.101
141 4.11324 1214 553 599.269
139 5.13888 1219 446 414.849
117 5.39848 1150 521 540.741
138 4.5613 1268 507 540.76
119 5.08164 1369 500 583.88
121 6.18448 1220 399 347.916
115 4.05451 1353 506 557.017
140 4.28624 1424 470 513.389
103 3.91842 1262 464 432.854
113 5.82938 1275 468 493.06
155 4.94936 1284 431 404.179
135 5.47645 1229 474 480.046
149 4.8614 1252 498 523.741
85 4.7268 1141 513 502.832
146 4.57124 1316 513 574.92
130 6.21358 1184 502 535.084
112 5.12435 1200 475 462.885
136 5.30205 1093 478 430.651
145 3.48059 1046 579 540.599
116 5.25035 1210 517 556.343
111 4.83385 1235 563 659.328
137 4.50942 1361 421 399.015
161 4.57653 1078 511 467.422
137 4.84582 1120 597 672.762
99 5.63459 1201 441 408.952
109 4.29308 1149 476 425.068
126 4.55135 1417 538 680.073
147 4.62659 1068 558 553.76
136 4.84043 1417 502 601.655
151 4.21498 1164 516 503.56
134 4.76577 1137 477 434.134
140 5.16674 1231 545 626.417
131 4.20399 1190 544 571.795
158 5.46086 1340 540 678.824
195 5.25108 1229 531 596.118
119 5.16866 1109 533 539.808
127 4.36934 1179 484 453.063
120 6.8334 1188 543 642.638
153 6.22246 1274 480 526.581
132 5.51941 1233 502 541.242
138 3.75083 1085 533 485.204
139 5.86434 1012 527 496.979
142 5.23275 1296 537 642.334
148 4.20214 1262 484 479.948
137 5.15696 1269 530 610.403
95 5.71829 1436 542 741.294
108 4.96747 1196 524 556.999
115 3.88759 1261 481 463.783
135 5.29891 1231 434 399.781
112 4.82047 984 533 470.497
168 5.3178 1273 513 578.145
147 5.34928 1233 437 406.953
150 4.52881 1205 507 512.931
94 4.01356 1299 480 479.92
138 4.31002 1249 419 358.402
137 3.20221 1300 570 635.857
139 5.7248 1070 518 504.665
126 4.50582 1328 491 529.465
127 4.59045 1282 550 644.476
114 4.15619 1431 554 710.926
147 5.04483 1102 447 374.949
156 5.45079 1313 502 574.562
141 4.21999 1162 521 512.647
133 5.84276 1110 520 530.24
139 6.30065 1337 473 538.242
132 5.63927 1235 547 647.117
123 5.35093 1285 529 621.536
120 4.8281 1273 501 538.007
133 4.61002 1244 507 532
142 4.76204 1104 410 311.369
140 5.11653 1267 505 552.198
172 6.02989 1327 459 497.728
171 6.00959 1333 479 544.051
93 4.90919 1147 519 522.45
115 4.76364 1328 471 494.329
151 6.4574 1372 521 674.096
139 5.48578 1356 512 618.242
148 5.12504 1346 512 603.26
123 4.98431 1140 520 523.297
154 4.94233 1381 512 613.239
133 3.40061 1360 524 571.919
150 4.93736 1225 539 602.695
126 5.05264 1216 535 592.909
110 5.40736 1345 419 409.209
158 5.13828 1167 598 713.965
125 4.80464 1102 487 439.519
121 5.45362 1075 504 474.232
158 5.73131 1302 517 611.89
152 5.81239 1342 475 534.227
145 4.50288 1175 497 479.902
152 3.86851 1205 437 365.322
127 5.12831 1345 401 369.829
133 5.26583 1324 505 581.259
147 4.54452 1286 547 637.773
138 4.8048 1345 525 623.423
90 5.33624 1292 460 472.204
140 5.29496 1271 494 534.69
134 4.41874 1281 510 548.194
127 5.12086 1304 509 577.487
161 4.16081 1206 557 605.832
127 6.1317 1443 446 513.1
140 4.4181 1268 424 375.041
112 5.48 1024 506 455.875
140 4.41803 1187 507 501.988
107 4.67418 1271 485 499.193
140 5.94322 1094 519 522.77
127 4.8568 1147 570 628.436
147 6.05136 1242 492 535.703
161 4.34004 1379 579 757.009
160 4.75101 1254 404 343.193
135 3.68514 1118 470 386.861
170 3.34842 1106 540 491.776
83 4.67449 1308 513 574.764
128 4.61047 1244 509 536.22
136 4.92897 1265 504 543.934
141 4.01851 1184 540 553.81
135 4.48747 1312 562 684.568
133 5.90415 1275 485 531.191
103 4.77577 1169 526 543.06
117 4.48751 1339 454 455.936
140 4.55124 1218 552 615.381
138 4.50844 1129 565 596.119
163 4.54782 1261 494 510.155
124 4.61833 1303 509 561.901
161 3.87385 1082 577 572.095
158 4.1136 1361 445 435.052
155 5.24458 1253 440 417.169
128 5.2068 1362 510 608.106
117 4.6622 1213 445 400.803
142 6.07046 1347 497 593.316
131 7.02282 1199 571 721.844
115 4.27813 1368 495 546.787
137 3.89468 1196 525 524.295
126 5.75539 1208 462 453.818
147 4.94111 1337 492 548.189
123 5.98376 1369 508 627.786
143 4.87332 1205 529 569.149
163 4.60638 1279 512 557.695
116 5.55035 1252 532 618.093
160 5.15553 1249 566 685.123
118 5.31557 1071 484 432.92
156 6.93676 1283 504 600.038
127 4.58597 1246 528 577.123
128 5.09439 1361 521 630.653
127 5.79941 1300 567 736.981
176 4.52852 1240 481 475.073
126 4.89806 1355 459 482.456
147 5.807 1279 522 614.75
149 5.23925 1399 519 647.882
147 4.92235 1168 524 542.688
148 5.90174 1320 469 514.202
111 4.77604 1196 477 456.916
142 4.92542 1094 463 396.911
155 5.36322 1160 552 611.277
136 4.69798 1220 494 497.768
178 4.60916 1217 498 502.116
149 4.56094 1318 496 537.947
129 5.69926 1286 498 559.989
147 5.83143 1293 467 497.929
183 5.49273 1322 493 559.013
149 4.58394 1378 436 435.165
142 5.18085 1312 445 445.416
151 4.3031 1195 465 422.151
121 5.46491 1394 468 530.518
144 5.62221 1251 492 529.911
106 5.19111 1379 538 684.635
129 4.00683 1373 544 651.25
113 5.09808 1151 519 529.355
133 6.16816 1167 495 511.885
116 6.05639 1296 564 734.722
146 5.73479 1191 482 486.578
154 5.16997 1299 544 658.701
134 6.10709 1204 432 401.268
144 5.91723 1161 481 476.009
144 4.78445 1233 545 615.208
121 5.62921 1324 541 678.315
121 4.67021 1306 580 733.404
120 5.68465 1143 469 441.16
127 4.46153 1342 578 739.531
129 4.86567 1320 495 545.678
173 4.0319 1173 467 410.719
170 5.62162 1348 488 561.737
119 5.51047 1261 561 691.014
138 5.35165 1096 485 445.616
135 6.00272 1048 483 434.783
137 5.00855 951 483 377.094
157 4.57569 1340 492 538.595
158 4.65437 1401 560 732.781
120 4.99275 1221 530 582.495
132 4.96154 1415 537 691.883
128 4.71849 1171 505 499.855
137 4.70246 1163 523 531.991
144 5.69266 1515 474 597.481
121 5.40433 1128 598 698.949
129 4.44972 1305 400 344.172
132 4.43486 1085 574 588.729
105 5.28695 1340 495 565.786
126 5.8497 1182 479 479.245
158 4.79857 1113 542 549.655
128 5.96707 1261 464 482.098
131 3.84067 1229 516 518.463
130 4.2698 1356 468 484.225
116 4.85784 1040 546 522.866
168 4.48859 1415 499 582.098
125 4.90029 1181 544 590.733
128 4.65316 1234 529 575.913
141 3.96304 1346 544 636.542
137 5.018 1365 461 493.309
160 4.76741 1319 523 605.499
146 5.59178 1066 509 482.639
137 3.89348 1163 514 488.647
151 4.97938 1222 482 481.828
147 5.13749 1199 498 508.703
102 4.91257 1279 513 569.283
110 5.09305 1351 509 597.474
116 5.36119 1227 515 562.755
141 4.81584 1308 484 515.582
162 3.95232 1291 583 700.693
118 3.94501 1182 437 360.269
149 5.2152 1312 506 576.864
126 5.70371 1261 461 470.631
125 4.52244 1352 465 483.925
122 5.39932 1247 486 510.237
161 4.17015 1216 472 438.908
166 5.40218 1406 421 431.758
165 6.51637 1361 526 683.075
125 5.06811 1351 487 546.259
130 4.4445 1227 460 427.829
148 4.8411 1351 548 683.6
181 4.55017 1250 515 549.688
148 3.97179 1116 496 439.008
149 4.4871 1272 493 510.719
161 5.33405 1215 480 483.465
148 5.80994 1416 528 696.421
131 3.66882 1303 546 607.733
147 5.26382 1203 466 449.67
139 5.28006 1330 553 700.642
152 4.83555 1287 506 555.056
120 5.33612 1105 507 490.6
130 5.33587 1211 507 537.655
76 4.33986 1129 541 541.082
112 5.7002 1178 496 508.869
119 4.83748 1306 536 632.084
138 6.31482 1253 463 483.585
135 4.90498 1281 579 726.033
130 4.52058 1175 448 390.34
121 5.50564 1248 486 513.142
152 5.31572 1336 541 674.732
127 4.69925 1328 579 744.387
130 4.96725 1224 462 443.12
121 4.75181 1173 422 350.283
163 4.35364 1223 528 558.772
155 4.98425 1068 527 503.533
127 5.36889 1361 528 656.362
107 4.12665 1240 471 444.423
128 4.95419 1399 451 482.318
144 4.98573 1399 422 422.971
141 5.73398 1200 452 431.112
144 5.14084 1104 501 474.136
146 4.03576 1286 453 423.802
122 4.95785 1232 507 536.873
122 5.41504 1149 495 488.067
112 5.19808 1446 470 548.077
138 5.16194 1380 482 549.14
150 5.92894 1231 502 550.007
130 4.01835 1218 510 508.165
134 4.59565 1200 571 650.392
132 5.61284 1273 550 673.58
139 5.69823 1186 500 520.577
144 4.72949 1301 539 633.026
102 5.94171 1178 470 461.608
137 5.2889 1186 463 438.151
129 4.91785 1231 447 416.117
141 5.72897 1275 498 555.913
143 4.71626 1135 492 459.809
137 5.31694 1185 535 585.304
132 3.89627 1324 523 576.058
137 4.23513 1343 514 577.237
149 6.78254 1182 510 563.04
138 4.37425 1384 516 604.67
104 4.06478 1261 507 521.551
153 4.26843 1125 392 281.828
145 3.9988 1293 465 447.866
140 5.64193 1404 420 433.768
138 4.68338 1152 457 401.927
153 3.95885 1339 448 429.335
105 5.22022 1167 525 552.502
177 4.72685 1086 558 566.242
112 5.71018 1287 444 445.687
133 5.25167 1297 513 587.189
117 4.86197 1293 505 556.222
98 5.43745 1123 518 522.923
112 5.3468 1310 472 504.339
159 5.32742 1055 465 393.849
101 5.18376 1230 503 533.599
147 4.67344 1364 484 533.491
124 5.56418 1267 553 676.273
167 4.62239 1096 456 379.42
154 4.77483 1219 460 433.071
138 4.96509 1293 491 528.651
140 5.3578 1439 540 725.504
132 5.32582 1055 505 464.487
145 4.61181 1148 524 524.474
116 4.3048 1119 429 336.499
129 5.82358 1251 475 498.237
159 4.40558 1105 562 573.77
131 5.05257 1109 474 424.457
121 5.09964 1263 524 592.157
126 4.84839 1255 582 716.545
92 5.61075 1123 440 380.259
145 5.1402 1161 521 539.203
168 5.87107 1328 503 594.282
161 4.99147 1348 552 697.532
132 4.98849 1424 496 594.844
161 5.07812 1150 471 435.154
125 4.3169 1135 550 561.416
147 4.72179 1140 453 391.638
157 4.57662 1082 516 478.385
131 4.01583 1377 481 510.937
163 5.51737 1249 525 599.601
117 5.16874 1459 535 715.513
111 4.73708 1163 554 598.062
124 4.4145 1252 462 439.565
102 4.148 1340 478 495.331
138 4.0889 1243 509 518.998
129 5.31473 1251 543 636.454
95 5.67502 1136 570 647.366
146 5.16505 1153 486 466.528
170 6.17242 1194 498 530.184
126 5.14998 1219 443 409.511
114 5.32817 1249 532 610.34
150 4.67034 1274 562 671.721
147 5.30198 1201 527 575.191
144 6.35466 1280 548 693.089
145 5.78137 1114 475 442.88
126 4.44338 1276 492 508.935
125 5.32204 1394 549 725.217
118 5.21094 1248 500 535.678
147 5.11297 1223 448 419.413
154 4.4097 1280 537 606.972
128 5.13943 1354 513 609.652
122 4.7718 1339 569 727.735
132 4.9255 1278 506 553.793
137 3.40213 1203 519 496.351
109 5.00701 1210 488 489.741
123 5.19139 1239 496 522.842
107 5.39239 1222 507 543.977
131 5.34899 1349 503 589.875
117 5.53087 1287 445 444.165
147 4.54051 1213 443 394.474
116 3.94527 1459 557 722.469
135 6.17062 1247 521 606.003
116 5.70373 1334 517 626.182
163 4.10565 1311 501 530.903
162 5.77521 1464 523 705.414
105 4.49589 1299 502 541.054
128 6.28803 1194 512 562.935
135 3.94306 1368 529 610.921
138 5.94948 1190 488 502.872
133 5.74374 1128 472 442.086
107 4.89267 1186 548 601.749
150 5.48567 1290 499 558.66
126 4.12605 1261 492 493.13
135 5.43729 1383 442 468.88
141 4.95733 1330 476 510.856
120 4.52832 1369 511 591.955
157 4.3203 1278 485 491.664
153 5.24193 1205 555 638.224
119 5.70013 1192 519 563.776
167 5.39926 1248 496 531.875
133 4.67899 1216 464 437.246
167 4.31283 1342 485 516.048
120 5.51588 1245 506 555.166
109 4.41778 1038 474 383.684
133 4.73687 1343 519 606.112
94 5.37991 1230 454 438.791
147 4.66116 1232 461 436.855
172 5.05058 1313 502 563.604
155 5.2318 1156 531 560.189
107 5.30702 1312 534 645.309
151 4.92281 1160 479 450.385
156 5.18232 1431 503 620.754
140 4.26635 1103 484 421.181
113 5.73998 1331 485 550.688
118 6.0496 1282 495 559.68
141 4.66393 1164 451 395.092
121 4.79626 1410 468 519.103
136 5.4844 1184 542 604.898
172 5.0719 1184 527 560.713
143 5.69125 1283 476 510.234
151 5.67981 1303 496 562.367
138 4.11244 1337 513 567.932
150 3.80226 1199 553 579.346
130 5.15594 1226 538 607.627
116 5.66285 1352 481 548.35
121 4.41602 1145 524 517.18
130 4.70114 1192 568 643.075
129 4.76227 1277 555 659.965
156 4.56509 1221 473 453.317
98 5.81891 1342 460 501.157
155 5.29914 1215 554 642.961
148 5.06326 1175 485 471.086
163 4.41434 1016 478 381.839
150 4.5268 1334 585 755.916
156 5.87959 1224 456 450.323
97 5.26382 1209 535 595.649
117 6.01784 1408 492 606.48
146 5.72315 1196 515 557.538
116 5.25483 1171 513 530.226
154 5.00354 1161 536 566.795
141 4.34861 1321 475 488.311
137 5.36217 1355 486 553.468
142 4.39275 1277 485 493.449
121 5.31322 1325 550 691.545
164 4.79956 1238 444 410.305
174 3.94813 1185 549 570.168
136 4.84616 1229 527 575.275
140 4.10278 1252 468 442.335
156 5.71782 1286 479 518.49
145 5.61781 1126 524 540.918
148 5.57551 1078 544 557.098
121 4.82199 1237 573 683.63
131 4.91699 1317 481 515.465
126 5.54454 1278 519 600.314
142 5.96777 1277 496 557.893
169 4.72278 1156 449 390.173
144 5.38792 1218 552 642.581
134 5.46873 1204 471 464.183
174 5.04659 1233 522 572.161
116 4.83435 1330 446 445.606
145 4.97497 1337 490 544.693
160 5.11639 1101 493 457.314
152 5.27571 1164 489 479.374
119 3.95065 1224 441 380.079
122 5.13759 1207 520 558.345
136 5.62159 1279 516 595.9
138 4.9752 1152 549 589.156
133 3.6787 1334 553 638.724
138 5.73418 1151 502 510.056
132 4.07992 1253 559 630.632
107 5.21352 1068 437 350.217
126 4.59543 1241 485 485.257
127 4.95515 1352 499 570.64
125 4.86627 1059 487 423.76
162 4.71401 1203 460 425.97
171 6.37978 1204 527 603.501
135 4.69848 1295 468 474.227
170 5.04874 1280 488 519.172
145 4.62553 1102 456 381.564
115 5.13624 1347 510 599.333
136 5.30499 1132 533 554.639
134 4.46012 1286 542 623.091
112 4.79337 1249 552 639.61
150 4.63969 1380 555 708.382
132 5.03564 1248 442 414.985
102 5.53263 1127 475 443.192
112 4.74619 1187 551 604.112
110 5.08225 1204 524 564.004
145 5.40506 1457 573 828.929
136 5.47516 1419 492 597.12
134 3.71923 1353 452 434.11
159 4.86626 1247 553 643.402
148 5.19974 1142 526 542.188
137 3.56579 1443 451 455.57
119 5.62648 1212 572 694.051
132 5.04167 1144 544 576.408
145 5.42905 1244 506 552.525
140 5.28002 1351 511 607.702
163 5.64317 1271 500 556.547
137 4.19136 1280 455 429.911
124 3.85054 1262 403 324.969
137 5.13866 1229 475 474.407
115 3.7859 1262 533 565.806
132 4.88883 1178 473 445.195
140 4.91114 1447 458 513.322
131 5.14776 1291 496 543.621
132 5.9119 999 475 399.346
133 4.34235 1033 527 469.853
134 4.05524 1150 535 529.293
142 4.91993 1263 452 436.586
154 5.4019 1362 505 601.79
115 4.79293 1290 494 529.064
133 5.91839 1241 545 653.249
124 5.39052 1318 474 512.776
132 5.63873 1137 595 704.897
140 4.73634 1201 476 455.918
126 5.75147 1096 478 440.681
128 5.22964 1309 485 529.134
122 4.167 1330 462 459.836
129 5.26382 1316 447 452.614
108 4.12268 1395 505 574.616
156 4.27212 1288 546 626.124
176 4.51107 1221 484 473.168
106 4.95177 1192 491 487.021
115 4.66298 1201 483 467.526
139 4.34855 1300 471 472.487
107 5.60757 1373 523 656.762
150 5.84936 1128 493 484.469
148 5.40827 1192 509 535.211
120 5.7902 1102 440 376.066
122 4.87103 1222 544 610.301
104 4.54587 1245 480 475.484
127 4.89418 1138 461 408.647
144 5.75455 1367 508 620.885
121 5.79154 1549 488 650.268
130 4.99138 1421 502 608.129
98 5.71169 1061 436 354.325
139 5.07483 1161 500 494.999
160 4.19968 1303 532 598.61
119 5.06328 1238 447 421.614
155 5.69324 1264 478 506.954
139 4.48412 1162 542 563.806
143 5.38274 1369 464 510.196
152 5.58766 1195 503 528.268
149 5.94632 1300 461 490.184
156 4.87637 1242 506 536.809
127 5.91026 1283 535 650.581
127 4.88933 1238 479 479.828
160 5.61922 1393 515 646.433
143 5.01058 1208 491 495.051
143 6.32139 1332 470 529.869
145 4.79148 1297 475 491.765
141 3.56088 1247 511 505.215
146 4.29102 1234 516 536.394
140 4.83975 1395 485 552.856
147 5.26694 1156 504 505.523
151 4.2392 1321 537 619.89
145 4.44841 1104 492 440.464
148 3.47196 1209 460 394.116
125 4.70744 1146 477 436.176
115 4.13023 1363 546 656.622
131 4.96428 1357 434 433.459
139 5.15511 1116 473 427.514
129 5.25061 1250 473 481.076
116 4.72291 1263 495 518.112
112 4.46909 1222 508 520.404
156 5.60964 1082 528 527.556
130 5.92512 1506 497 659.435
138 5.70664 1280 482 522.303
144 3.40923 1169 487 424.93
126 5.85648 1148 485 477.33
128 4.80728 1215 457 426.785
126 6.03674 1211 448 432.829
147 5.63132 1071 443 367.948
170 5.23013 1376 570 768.282
102 4.99091 1336 514 599.399
140 4.5287 1167 508 498.714
150 5.21078 1398 513 631.666
156 5.78879 1257 505 565.027
137 4.27738 1474 505 613.171
89 5.13084 1268 503 548.655
139 5.10098 1296 519 596.128
143 4.64478 1355 499 562.428
153 5.94148 1120 518 533.096
133 5.6976 1073 511 491.915
107 5.38331 1375 473 532.518
152 4.89323 1448 475 551.999
171 5.25376 1203 524 568.297
126 4.69506 1273 563 674.51
126 5.14828 1291 519 595.222
145 4.86027 1385 483 544.969
137 5.61637 1173 488 488.698
108 4.92213 1327 419 394.22
137 5.61564 1173 503 519.186
176 5.24696 1285 524 606.835
128 5.12492 1104 535 540.248
112 5.79304 1360 466 520.643
132 5.17105 1290 544 654.171
120 2.58166 1180 506 426.566
150 4.59629 1426 468 519.217
141 5.52513 1115 474 436.481
132 4.05904 1313 521 573.245
160 4.71921 1383 485 544.537
120 3.12619 1232 457 384.67
142 5.66193 1228 528 600.122
142 3.61514 1273 554 608.766
143 5.46784 1155 495 491.809
125 5.71939 1190 532 591.873
114 5.93432 1262 505 570.744
146 5.32579 1055 446 362.293
146 4.19705 1432 484 544.424
128 4.76745 1324 470 490.851
121 4.96218 1285 559 680.877
121 4.84868 1280 475 486.808
152 3.66602 1170 551 555.623
123 5.543 1202 465 453.204
153 5.37593 1238 508 552.851
161 5.2839 1224 521 572.441
146 4.89397 1219 485 484.492
149 5.07 1104 556 581.896
114 5.93405 1102 457 408.14
128 5.03287 1145 496 479.381
153 4.84469 1342 552 689.127
160 5.53037 1210 490 506.307
136 4.12415 1188 470 423.911
152 5.2307 1234 465 458.549
140 4.55901 1026 475 384.014
137 5.84639 1366 566 773.201
106 5.00406 1383 460 497.294
131 4.73145 1449 490 582.739
140 4.79305 1252 490 505.201
173 5.01015 1174 508 514.999
134 5.7175 1212 447 425.54
137 6.12092 1276 539 662.382
135 3.55577 1200 480 428.802
140 5.47784 1259 544 647.777
152 5.19317 1136 424 350.335
156 4.37224 1363 473 500.321
95 4.77097 1180 503 501.149
133 5.30607 1111 547 573.351
133 4.80955 904 464 327.384
119 5.18925 1278 451 445.835
103 5.1907 1190 489 488.074
93 5.43954 1342 469 512.316
136 5.33485 1287 526 614.997
150 4.40644 1151 554 580.791
150 6.80969 1218 520 603.735
144 5.23465 1356 527 647.334
140 4.04824 1105 519 478.393
153 4.4085 1110 510 474.725
138 4.53198 1183 529 548.317
151 4.24618 1314 484 501.118
173 4.68267 1210 468 442.713
135 5.29283 1383 475 537.859
152 5.6034 1434 487 594.649
139 5.19925 1053 464 389.015
144 3.97141 986 501 395.718
105 5.92082 1216 496 530.218
156 5.84023 1096 464 416.815
147 3.43705 1315 445 400.027
141 4.23364 1116 502 457.491
142 5.15555 1163 487 472.293
130 5.14451 1239 491 511.177
142 5.41942 1383 513 631.094
137 6.35614 1120 461 429.202
153 5.2125 1128 422 344.918
169 4.04567 1247 474 450.232
115 4.09065 1427 459 484.572
146 5.78914 1177 490 498.111
150 5.12436 1443 515 654.313
114 4.90162 1180 511 520.832
133 5.81054 1326 495 573.2
124 5.27537 1139 531 553.108
129 4.57426 1181 487 465.05
141 4.56752 1332 502 557.104
153 4.90001 1313 485 522.018
128 5.5338 1083 499 470.038
177 5.0912 1222 451 424.24
141 4.58432 1339 565 710.099
148 4.12274 1283 547 620.046
127 5.9977 1163 534 589.644
134 5.86802 1227 526 600.37
134 5.65162 1386 524 666.811
147 5.19728 1160 500 497.575
108 4.13711 1078 484 408.261
140 5.18779 1152 439 380.751
160 4.42045 1231 506 518.619
152 2.98562 1267 422 332.816
146 5.74853 1304 553 701.667
142 4.33302 1221 525 550.843
146 3.79772 1335 470 465.804
141 5.97855 1333 471 525.364
145 4.85212 1426 499 598.633
113 4.88605 1169 466 428.751
140 4.94808 1362 390 351.02
150 5.53924 1038 472 403.173
156 3.71738 1318 421 366.813
134 5.68629 1290 446 450.292
111 4.11292 1322 527 592.648
156 4.97096 1429 508 625.602
113 5.26321 1260 505 553.092
152 4.80797 1196 523 550.238
140 4.68858 1312 485 515.709
153 5.68169 1062 450 377.309
126 5.19298 1475 473 566.088
149 5.40917 1430 493 602.367
117 5.11864 1073 500 458.481
112 4.94999 1288 421 386.855
138 4.77544 1328 579 747.497
154 4.35286 1141 446 371.941
133 5.71051 1201 484 494.226
140 5.63443 1141 496 491.471
119 4.1591 1103 449 360.01
137 4.77743 1135 504 484.126
141 5.16065 1343 527 638.822
120 4.9649 1228 510 541.679
104 4.01202 1316 525 581.576
112 4.67164 1376 510 597.499
138 4.20554 1127 507 470.412
109 3.95659 1293 416 357.419
125 5.08957 1226 467 456.327
179 5.67807 1469 455 533.487
145 4.92994 1327 450 454.896
131 4.90093 1387 496 576.764
178 5.90671 1224 499 539.866
128 4.86645 1198 446 402.065
122 5.39001 1141 482 459.013
156 5.5918 1293 490 542.526
136 4.06498 1265 504 517.039
115 5.86658 1152 504 517.476
152 5.32771 1188 477 466.692
151 4.85927 1350 518 610.939
138 4.09654 1564 522 687.156
155 6.10862 1370 503 619.048
144 4.38774 1352 452 453.618
145 4.87384 1152 535 556.544
146 4.86516 1214 485 481.773
165 6.42538 1367 467 538.985
143 5.01432 1334 535 649.182
163 4.80131 1341 466 489.622
145 4.39505 1073 535 504.586
120 5.6119 1105 481 447.167
111 4.49772 1380 530 640.769
118 4.87704 1110 455 387.935
156 4.60158 1178 472 436.412
145 6.00766 1180 487 497.787
125 6.15048 1200 494 523.87
150 4.41862 1242 490 490.631
161 4.69428 1281 412 363.469
123 4.15481 1185 472 427.296
133 3.84926 1178 484 437.491
148 5.35103 1270 510 570.95
113 4.09189 1198 499 480.842
145 4.89517 1206 466 442.533
136 5.35928 1470 437 485.402
132 4.0049 1258 500 504.015
161 5.77316 1218 468 469.894
183 4.7872 1258 507 543.284
154 5.30996 1168 435 381.271
147 5.73694 1321 469 511.017
111 4.86362 1148 508 499.774
130 3.97347 1341 589 743.968
149 4.69078 1321 524 606.186
135 6.11407 1298 528 646.404
106 5.23212 1215 540 608.917
129 5.70215 1348 519 637.615
117 4.47987 1328 492 530.817
145 4.36387 1252 398 325.222
115 4.92114 1273 473 481.912
149 4.87859 1311 524 607.734
144 4.47711 1325 475 493.571
144 5.2027 1003 507 442.478
135 4.93614 1211 552 624.854
130 4.48034 1365 510 586.276
147 5.48316 1276 537 639.892
129 5.00137 1302 470 488.678
114 4.76752 1422 506 611.038
117 4.93712 1167 486 466.79
136 5.44321 1290 526 619.548
133 6.0638 1217 524 595.72
146 4.7328 1292 497 534.59
158 5.34519 1137 453 403.173
125 4.81737 1495 499 626.437
133 5.46047 1062 552 562.16
169 3.64677 1220 479 437.206
150 4.54365 1240 485 483.43
141 4.91387 1416 537 690.66
116 5.69734 1012 460 375.958
167 4.74397 1232 483 481.743
161 5.96803 1284 487 540.785
111 4.76807 1313 471 488.863
133 4.01479 1159 457 388.176
128 4.76898 1219 475 461.629
117 4.76776 1236 490 498.063
120 6.40587 1408 561 800.544
137 4.73825 1211 450 410.908
159 4.87123 1210 469 449.17
123 5.02643 1364 410 390.079
130 4.32303 1396 532 646.302
143 4.03163 1360 501 548.049
127 4.60333 1221 453 416.7
108 4.40474 978 487 381.309
162 4.59988 1165 635 781.087
138 5.12324 1360 525 640.823
105 4.91973 1285 481 503.012
127 4.73798 1270 450 430.921
142 4.32163 1478 547 723.334
160 4.92381 1358 494 560.83
136 4.22721 1363 602 803.2
129 4.31251 1281 483 488.528
130 4.52305 1227 492 491.684
125 4.75646 1189 513 524.835
116 4.68783 1314 529 614.435
117 4.99019 1280 521 590.001
139 6.01229 1258 505 570.754
143 5.93305 1156 511 535.274
117 5.35411 1326 516 610.323
116 4.22297 1211 505 502.048
117 6.4876 1167 501 530.792
152 4.44411 1180 516 517.704
134 4.44742 1200 537 570.316
156 4.22412 1379 524 615.569
146 5.49761 1113 565 618.279
120 5.55345 1154 503 509.364
148 5.16287 1174 419 353.042
176 5.68994 1368 488 571.781
149 5.19374 1303 491 538.881
143 5.80153 1193 562 664.506
91 4.35611 1279 473 469.027
138 5.00792 1315 529 625.458
120 4.15835 1406 518 610.76
139 3.15397 1330 524 547.362
111 4.53362 1243 416 356.316
131 5.16976 1279 490 526.186
108 3.81964 1288 468 446.293
130 4.84537 1291 449 438.635
137 3.80888 1179 501 467.806
168 5.60764 1325 470 511.855
119 5.40416 1080 478 427.573
146 6.05144 1155 431 382.305
139 6.03361 1352 492 582.731
165 6.00499 1255 531 629.346
148 4.25607 1445 483 549.143
130 4.53678 1347 448 447.899
149 4.96063 1335 526 626.268
150 5.63754 1010 436 336.204
140 4.56226 1323 487 520.609
146 5.53693 1199 555 643.828
131 5.58897 1206 475 475.456
117 6.55428 1321 547 717.991
165 6.16951 1378 470 544.953
113 5.09054 1106 578 630.644
135 3.77043 1219 554 589.776
120 5.73614 1374 526 668.544
125 5.28717 1206 415 357.919
136 5.00694 1344 504 580.23
126 5.02702 1288 507 563.268
118 6.36547 1123 550 612.775
153 5.40069 1259 541 638.382
164 5.77046 1074 445 374.572
135 5.64947 1251 509 567.844
144 4.52194 1371 501 569.634
162 5.74324 1200 515 559.887
140 5.69855 1204 501 530.601
140 5.5507 1028 490 430.545
172 4.05616 1247 532 567.554
134 5.77061 1275 483 523.864
143 4.71062 1250 508 539.701
134 4.92443 1167 496 485.876
161 4.31802 1119 561 575.903
154 4.65238 1135 508 488.467
126 4.15958 1244 546 600.435
129 5.75641 1142 510 522.825
135 4.97319 1209 481 474.575
159 4.65048 1248 518 558.392
106 4.75865 1314 521 598.314
143 4.08338 1299 466 454.446
134 5.48288 1408 556 756.927
159 5.22219 1333 494 558.817
151 4.61151 1210 550 609.008
158 5.8533 1295 485 538.379
124 5.02902 1198 520 551.177
154 5.06669 1159 541 578.272
147 5.74061 1225 528 600.702
138 4.92008 1311 450 449.181
163 6.52367 1321 546 714.567
162 4.83863 1165 507 504.51
130 4.93401 1339 475 511.536
130 6.14863 1304 481 539.665
141 5.28572 1263 614 820.449
93 4.86012 1157 511 509.565
133 4.93681 1309 540 646.396
129 4.75491 1430 437 458.004
126 4.37185 1046 465 371.071
127 5.81908 1246 523 601.493
119 5.66047 1315 447 460.56
156 6.00282 1242 465 477.58
166 4.99943 1114 560 593.519
136 4.34224 1243 515 539.913
158 4.51427 1262 476 473.111
133 5.0634 1186 525 557.167
133 4.32941 1152 462 402.377
143 5.04843 1200 521 554.768
123 6.05203 1198 477 485.71
111 4.48606 1270 529 587.07
162 4.92446 1225 501 520.36
143 5.36284 1364 389 356.95
119 5.80946 1340 542 694.441
93 4.94102 1398 482 550.133
160 5.86795 1362 502 606.997
109 5.11533 1447 522 673.782
118 4.91662 1349 537 658.075
143 4.95903 1246 580 710.633
139 5.38399 1202 579 697.565
132 4.09927 1434 409 386.857
138 5.3502 1340 482 538.066
143 5.28266 1195 499 512.645
163 4.89522 1079 513 479.827
129 4.47274 1183 482 453.642
134 4.57869 1225 611 759.487
126 4.82026 1218 505 522.796
148 5.07673 1145 499 486.272
150 5.96829 1365 497 598.758
108 5.48255 1472 536 735.415
140 5.23164 1152 484 463.797
126 4.52995 1277 505 539.335
149 5.64797 1346 477 536.524
155 4.7974 1088 537 527.408
112 5.07838 1205 504 522.104
163 4.56113 1275 530 594.193
152 3.57158 1088 541 494.488
163 5.46566 1340 476 527.569
122 5.46434 1382 525 661.852
124 5.52709 1209 481 487.403
143 4.91052 1164 489 470.703
138 6.42646 1424 468 563.889
157 4.20516 1192 467 422.122
138 6.58875 1245 503 572.916
156 6.2012 1036 539 539.499
145 5.85579 1142 491 486.642
118 4.36736 1319 479 496.384
136 5.26004 1242 451 434.763
135 5.99885 1311 474 523.73
144 5.88111 1211 477 487.553
141 5.00411 1456 439 476.834
144 5.60838 1189 501 521.923
130 4.94002 1403 521 645.026
160 5.31146 1236 496 524.596
143 6.15995 1407 523 688.728
130 4.77598 1066 520 483.984
143 4.889 1224 476 468.47
117 5.37143 1086 507 482.964
121 4.32103 1316 500 538.108
122 4.40791 1372 548 677.452
130 4.22113 1399 586 780.874
111 5.09835 1366 461 495.673
119 5.25758 1360 437 446.919
122 4.31376 1364 538 645.444
120 5.1188 1261 482 500.719
162 3.79129 1387 521 594.395
99 5.21456 1168 476 454.446
155 6.05072 1206 517 574.367
139 6.38863 1305 562 744.147
149 5.16432 1278 417 380.683
147 4.66809 1250 461 443.409
136 4.00151 1245 489 476.991
143 4.92244 1233 453 428.16
119 4.74434 1332 496 549.272
120 4.45701 1167 550 582.141
150 4.8624 1194 428 368.951
109 5.55256 1201 497 517.517
165 4.58672 1125 516 497.683
135 5.85995 1051 480 428.096
119 5.35808 1232 491 513.536
128 5.6929 1246 527 607.434
177 5.08908 1293 504 560.533
148 6.02103 1307 509 602.63
126 5.00071 1189 472 450.057
131 4.1608 1403 463 486.983
165 5.3473 1039 516 478.071
140 5.05265 1168 490 477.729
136 3.72108 1390 474 490.519
127 5.59708 1426 511 650.868
140 4.3117 1236 508 521.399
140 5.64184 1250 468 479.504
148 6.06286 1322 479 540.723
124 6.15637 1340 476 543.26
161 5.92226 1302 483 538.379
135 5.47521 1272 531 623.485
143 4.77628 1231 530 580.609
109 4.26731 1319 429 395.72
154 5.06073 1264 464 463.775
117 4.80082 1328 461 474.514
143 5.55129 1282 539 649.696
177 5.06836 1362 523 635.142
132 5.09738 1226 477 476.265
105 4.39843 1348 583 752.91
139 5.29812 1352 500 582.753
146 6.25741 1306 456 487.837
144 4.89786 1150 511 507.491
110 4.65305 1198 481 462.248
159 4.96205 1240 535 601.822
105 4.34263 1340 490 526.921
142 4.48686 1368 607 832.642
150 4.25427 1479 474 541.252
131 4.49767 1223 479 463.839
106 4.98391 1284 574 718.152
125 5.03888 1140 553 593.472
93 3.48999 1320 544 602.682
133 4.82778 1118 490 451.971
148 5.08082 1407 535 687.011
143 5.6658 1161 495 498.757
132 3.42328 1449 486 525.16
121 4.62145 1207 485 472.658
120 4.63484 1315 397 345.295
117 4.31828 1088 536 511.162
162 4.79496 1398 530 660.041
143 4.09415 1236 497 492.199
130 5.21376 1302 491 538.992
166 5.69465 1285 482 524.071
130 5.21094 1304 508 577.769
137 4.62702 1433 514 630.471
137 4.99496 1328 498 559.41
159 4.16272 1317 518 572.26
157 5.66623 1377 477 549.32
136 4.7261 1277 556 661.038
157 5.62889 1324 528 646.099
145 4.97994 1297 566 705.2
125 4.6484 1346 550 678.868
145 5.71992 1393 529 685.063
142 5.35482 1120 524 531.632
112 4.85736 1193 472 448.214
152 5.23454 1233 532 599.835
170 5.27514 1327 436 434.446
176 5.52219 1238 507 554.386
147 5.16553 1155 444 390.063
142 5.19847 1318 517 604.481
154 4.46522 1148 499 471.613
120 4.6923 1281 482 497.416
102 4.64432 1134 493 459.433
143 4.68679 1345 525 619.42
148 5.40802 1256 498 539.829
143 4.66411 1309 505 557.081
113 5.98079 1388 427 449.649
118 4.93064 1162 489 470.388
115 5.18695 1169 498 497.182
115 4.49194 1132 535 535.4
120 4.11004 1235 567 640.759
126 5.33486 1246 472 479.43
137 5.43326 1120 524 533.575
121 5.10064 1179 568 649.536
125 5.06122 1164 523 542.614
131 3.85074 1301 512 540.749
157 4.60893 950 574 520.71
135 3.70853 1364 514 565.483
151 5.8987 1372 447 485.432
146 3.42519 1281 453 403.427
140 5.75536 1289 477 516.203
120 4.40407 1341 442 430.662
102 4.77003 1281 484 503.694
169 5.28613 1295 463 478.357
129 6.76824 1177 489 515.179
162 5.94455 1423 527 701.147
100 4.4174 1225 470 445.186
105 4.86266 1179 535 569.251
104 5.28736 1291 565 710.18
173 5.5685 1272 502 559.595
146 5.36618 1430 567 795.178
123 4.5525 1275 490 507.636
143 4.74501 1310 507 564.446
136 4.63857 1277 568 686.535
136 4.0452 1175 474 424.223
132 4.00351 1243 516 530.338
149 5.35914 1184 571 667.487
142 5.9061 1295 522 625.033
105 4.52291 1306 514 571.185
119 2.92202 1252 512 481.044
160 4.79124 1088 454 376.848
108 4.80452 1325 489 532.806
122 5.67654 1285 454 464.585
135 3.59369 1052 499 407.473
151 5.39766 1248 552 658.707
94 4.91824 1133 484 449.027
148 4.46054 1207 499 495.714
118 5.84041 1119 495 484.329
130 5.03917 1567 411 450.613
118 5.86009 1123 515 526.566
116 5.27638 1203 445 410.302
146 3.99196 1325 494 517.74
118 5.05567 1400 518 640.03
107 4.60388 1476 494 599.053
123 5.17137 1315 443 442.226
135 5.10235 1286 569 711.041
157 4.8832 1212 432 381.965
138 4.08721 1146 571 602.098
107 4.47354 1349 472 496.08
159 4.62711 1271 430 391.361
150 4.08212 1385 540 650.582
158 4.93903 1106 498 464.553
132 5.43155 1245 593 759.555
123 4.90967 1266 511 559.027
126 5.78521 1097 478 441.72
129 4.3608 1207 489 473.21
138 6.03118 1433 501 640.383
93 4.70022 1191 515 528.194
131 5.10876 1298 505 565.491
123 6.56482 1206 503 554.487
137 4.97688 1103 433 350.931
138 4.88001 1234 527 578.651
111 4.18273 1182 499 477.227
129 4.24535 1289 520 567.402
145 4.6345 1302 477 493.541
130 5.71189 1240 519 586.778
134 3.52141 1029 583 540.957
139 4.35834 1291 415 364.491
122 5.66266 1508 491 637.311
147 5.28585 1262 481 503.111
144 5.26038 1298 501 560.706
127 5.30471 1167 544 595.625
120 4.37301 1306 494 522.935
147 5.14965 1282 445 434.566
143 5.37349 1268 552 668.51
177 5.34679 1392 519 647.949
140 5.08057 1329 554 695.827
129 4.63726 1265 505 537.547
146 4.60405 1392 510 602.155
124 5.44025 1221 495 519.255
131 5.00906 1350 503 580.572
125 4.6779 1181 571 643.06
147 4.69513 1069 430 330.415
164 6.09579 1290 485 541.65
134 5.87074 1229 515 576.526
171 3.97711 1496 511 624.85
126 4.3713 1165 497 472.111
145 5.05197 1465 529 698.363
178 4.39316 1267 473 465.669
123 4.58217 1231 512 536.026
142 5.46386 1215 522 575.231
138 5.32938 1275 521 597.581
121 5.61688 1177 506 527.218
121 6.28077 1193 502 540.556
129 4.5982 1322 540 640.919
120 5.23915 1242 544 631.919
160 6.45299 1178 487 505.62
156 4.34736 1240 481 469.987
122 4.63307 1099 516 487.459
141 4.98701 1078 450 370.63
148 4.94253 1376 515 618.206
93 5.2277 1322 488 540.97
149 5.92671 1208 477 487.267
155 5.41875 1258 428 399.569
136 4.41996 1335 514 580.342
120 4.99363 1229 496 513.523
130 4.44975 1295 463 457.591
167 5.88029 1110 433 368.234
131 5.79694 1155 434 383.586
132 5.77597 1327 401 375.901
148 5.50363 1252 507 560.185
139 5.46099 1159 542 591.493
134 6.12089 1387 566 793.942
143 5.63115 1259 519 593.672
126 5.10173 1159 478 452.226
132 5.35916 1547 551 812.106
160 4.85062 1303 430 406.15
151 5.4827 1103 490 460.538
107 4.44743 1194 537 567.465
116 4.65104 1378 445 455.039
152 5.48535 1464 430 470.792
127 5.77899 1139 546 598.244
152 5.99515 1284 502 575.248
170 5.00466 1160 503 498.75
180 6.08104 1219 478 496.877
139 5.18247 1355 463 498.021
127 4.63423 1266 526 583.545
126 5.28077 1252 432 402.514
138 4.49981 1287 510 553.404
137 5.38178 1313 545 675.051
169 4.92413 1168 537 570.002
149 5.02756 1321 552 684.82
96 5.00841 1299 530 620.202
113 4.46169 1232 552 619.214
120 4.4983 1292 496 525.426
155 4.96922 1452 473 551.047
147 5.5551 1021 517 476.13
124 5.55367 1178 563 651.408
127 4.11348 1092 494 430.166
114 4.8054 1328 535 639.237
141 4.83643 1465 487 585.293
109 4.61943 1286 518 574.391
159 3.85267 1280 524 557.328
127 5.16692 1368 450 474.599
126 5.50281 1224 519 573.867
157 4.67012 1422 415 408.825
148 3.98282 1167 489 446.54
125 4.19737 1231 503 505.483
135 6.02825 1150 502 515.908
132 5.52108 1378 511 626.823
131 6.39515 1159 531 590.139
158 4.46364 1183 533 554.423
133 4.90136 1320 503 564.518
135 5.77262 1418 541 731.008
101 5.77108 1244 479 502.706
142 7.28783 1235 480 529.991
150 5.18927 1250 466 465.557
157 4.77374 1307 514 579.717
151 5.86481 1255 557 688.492
130 6.3311 1354 457 509.425
160 4.65255 1015 555 521.396
115 4.46484 1334 538 637.02
136 5.74152 1260 453 454.82
151 4.59703 1255 482 484.723
113 3.908 1383 452 449.81
129 6.14839 1149 598 734.979
181 5.49812 1306 494 554.625
138 5.13964 1413 483 563.987
140 4.39791 1072 543 519.394
119 5.29754 1340 461 490.979
140 5.59031 1171 484 479.346
101 5.11358 1366 547 698.389
136 5.91352 1097 524 533.697
124 5.48598 1343 498 579.292
144 3.99296 1311 468 459.797
127 6.22085 1113 478 456.181
116 4.20048 1235 511 523.489
155 6.07856 1108 527 548.918
144 5.07332 1076 478 419.244
136 5.21723 1406 512 633.005
155 5.5072 1061 421 327.387
110 6.27841 1328 527 663.09
146 5.30288 1263 431 404.598
146 4.56699 1323 528 612.123
122 5.42764 1361 518 633.461
139 5.45721 1433 504 632.266
136 6.0972 1398 497 616.439
115 5.85623 1260 507 572.499
128 5.22122 1237 584 724.705
140 5.28872 1361 526 648.938
138 4.65041 1325 545 656.255
150 4.73739 1246 523 571.052
127 6.11435 1163 488 494.75
156 4.44415 1166 478 438.991
160 5.81832 1182 560 654.167
124 4.72668 1205 536 579.717
159 4.24335 1281 525 574.704
129 5.05659 1221 560 652.417
127 5.20918 1214 471 462.352
139 5.84227 1262 452 455.481
158 4.89728 1308 445 437.727
134 5.53568 1239 450 437.357
140 5.41761 1253 495 532.307
104 5.01291 1286 577 727.888
133 5.81559 1194 550 637.345
129 5.95498 1142 514 535.502
118 5.46775 1307 566 727.63
114 5.92808 1362 551 733.108
161 4.54039 1289 450 432.539
123 6.15966 1210 558 674.216
144 4.38637 1276 578 700.015
128 4.53138 1168 488 460.684
120 4.39124 1350 430 410.014
142 5.88375 1021 531 509.452
126 4.35014 1258 448 413.699
157 5.33163 1243 548 644.598
105 6.28774 1310 527 654.337
137 4.98353 1157 447 392.435
116 4.76455 1190 560 626.211
126 5.35383 1101 454 392.292
107 5.59473 1269 518 595.124
133 3.1993 1332 481 463.817
125 5.45462 1204 441 406.672
127 4.17177 1262 552 623.072
113 5.40708 1265 479 502.98
123 5.11185 1178 492 487.204
196 4.00195 1409 508 582.606
122 5.06627 1189 457 423.311
125 4.02294 1160 427 339.364
145 4.02111 1274 573 671.084
146 5.4846 1417 464 530.569
110 4.56159 1294 473 480.323
167 4.3844 1224 475 453.438
117 4.26748 1173 481 442.406
137 4.67541 1432 493 581.174
131 4.67088 1339 435 422.979
152 5.09853 1325 452 462.21
127 4.90702 1444 481 564.877
185 5.31541 1295 489 534.333
146 3.94574 1246 492 481.411
121 3.82191 1236 532 553.51
150 4.54144 1442 560 749.401
136 4.67818 1101 557 570.472
137 5.00442 1152 540 570.852
111 5.63804 1229 559 672.502
139 5.5686 1280 459 470.778
151 4.62224 1187 450 400.176
115 5.2929 1386 533 678.7
114 5.3609 1152 436 378.687
126 5.67651 1353 487 562.866
119 4.6757 1254 465 452.773
151 4.97358 1194 499 504.432
169 4.76295 1358 533 647.312
112 5.49647 1208 510 546.736
119 4.74838 1195 422 356.786
137 4.68143 1330 429 408.866
121 4.91747 1189 542 590.901
144 4.85193 1202 487 480.616
120 5.42253 1069 525 510.971
144 5.44481 1250 490 521.012
118 5.64441 1277 577 744.701
148 4.79991 1284 585 738.762
144 6.20957 1236 542 651.047
153 5.56723 1177 571 669.889
103 4.9388 1204 490 489.593
131 4.62002 1393 502 584.359
138 5.66892 1483 507 668.441
110 5.19282 1167 595 708.714
151 4.65814 1440 558 747.967
168 4.36223 1321 510 563.391
133 6.16104 1298 509 601.838
150 5.97122 1344 545 709.007
149 5.2838 1183 498 505.493
161 5.83861 1231 530 610.768
90 5.18181 1136 425 351.794
205 4.89444 1179 424 358.142
145 4.38536 1387 553 696.468
126 4.42701 1087 440 346.413
138 5.60752 1169 514 540.099
146 5.67078 1270 488 530.377
131 5.80585 1163 463 439.751
165 5.66767 1319 492 559.831
146 5.05762 1162 526 547.814
107 5.30721 1327 512 600.021
123 3.99873 1321 436 402.27
118 4.80429 1214 516 543.561
133 4.25087 1387 476 511.767
160 5.47417 1271 496 543.548
96 4.66303 1351 541 659.812
156 4.56274 1406 487 553.285
111 4.50134 1298 458 450.161
159 5.50434 1329 451 470.547
149 4.36234 1213 488 473.664
107 4.42374 1364 516 597.706
115 6.01974 1100 458 410.62
176 3.45602 1135 521 474.013
128 5.96488 1291 494 559.404
142 4.95256 1357 510 598.2
125 5.20457 1386 512 623.617
145 5.05874 1216 504 526.35
143 4.79476 1422 549 720.363
163 5.43375 1182 547 613.644
156 5.97142 1238 492 532.246
142 5.62991 1251 499 545.282
140 5.20852 1260 477 492.159
117 5.19482 1315 600 812.151
145 3.80115 1066 486 397.799
130 5.21111 1330 436 434.087
139 5.45391 1342 468 510.471
152 4.57271 1154 451 389.684
133 4.55979 1390 526 637.996
140 4.21354 1260 506 524.12
170 6.04261 1290 432 428.821
164 5.10733 1288 471 488.084
126 6.18939 1308 443 459.905
170 5.24024 1267 536 625.851
143 4.10239 1388 528 624.168
105 3.72382 1166 536 526.261
140 5.15825 1034 423 316.834
105 5.01097 1354 550 696.263
140 5.85423 1207 456 443.597
107 4.61053 1165 549 584.197
130 5.16551 1373 504 597.472
143 5.03247 1233 494 512.06
145 5.66595 1223 495 525.396
90 4.11608 1343 558 675.116
140 4.71572 1168 554 599.93
154 4.44658 1384 475 514.621
149 4.21993 1320 490 515.111
135 5.46273 1189 489 493.971
146 4.22242 1149 575 617.531
139 4.40618 1331 522 596.262
127 4.15063 1167 440 365.582
131 4.75666 1032 529 484.398
137 5.08525 1376 503 594.036
118 5.59492 1113 552 592.739
145 6.03766 1241 544 654.036
155 5.21267 1248 500 535.723
150 4.5771 1204 537 576.551
175 5.00661 1302 532 626.277
160 4.95354 1301 484 516.554
129 3.60519 1178 493 445.767
115 3.76517 1417 523 610.759
115 3.6813 1282 461 426.66
131 4.54877 1440 472 531.867
117 5.51979 1254 423 390.847
164 5.6983 1239 489 520.176
128 3.80471 1393 544 651.47
151 4.76705 1205 442 395.083
126 4.66635 1006 511 438.42
126 6.02533 1137 508 522.28
141 5.02798 1460 480 572.322
141 4.18751 1106 535 513.454
152 5.41753 1225 512 556.769
137 4.37623 1159 527 528.25
106 4.92588 1205 512 534.628
150 4.90386 1313 526 614.131
128 4.41791 1119 505 469.5
118 5.25822 1399 560 754.977
148 4.7784 1248 453 430.066
150 5.33547 1180 438 390.99
126 5.37463 1365 493 574.064
129 5.68511 1447 451 516.457
114 4.22919 1376 506 572.939
127 4.791 1115 564 596.009
136 5.50086 1532 454 549.575
115 4.15962 1284 486 491.019
128 6.2305 1232 557 685.915
147 4.11733 1384 527 620.621
163 5.54262 1197 502 525.99
132 5.08409 1183 513 531.193
127 5.79602 1261 502 560.282
136 4.67967 1136 495 464.902
140 4.6649 1282 500 534.864
150 5.23919 1207 499 516.715
114 5.60591 1206 522 574.633
128 5.07462 1200 466 444.406
125 4.53785 1304 552 658.323
138 5.04797 1368 501 584.798
146 5.5093 1088 498 469.797
124 5.05558 1211 469 453.838
126 5.68414 1234 456 450.235
102 4.11648 1423 513 604.623
126 4.57358 1390 498 572.333
122 3.78498 1241 527 543.898
150 5.21461 1232 499 526.791
106 5.95578 1314 512 611.39
133 5.01039 1272 462 461.516
150 4.31461 1192 514 514.879
152 5.07563 1193 506 520.944
146 5.73909 1159 495 499.483
156 4.62361 1280 431 395.889
121 4.76445 1109 564 591.95
113 4.66777 1442 482 559.17
140 4.88844 1267 504 543.64
126 4.88032 1502 461 538.964
133 5.33831 1415 550 739.394
123 4.31913 1171 573 628.766
114 5.17254 1161 569 644.158
128 4.1006 1137 449 369.697
115 5.67291 1148 481 465.815
159 4.9982 1293 512 575.817
119 6.25518 1289 493 562.744
145 5.54176 1316 478 524.289
130 4.37377 1071 477 399.85
130 4.4579 1312 505 551.787
98 4.04116 1212 492 471.319
149 5.79807 1258 505 565.699
163 5.00201 1252 447 425.06
108 5.03506 1332 424 407.565
161 5.42954 1147 514 525.69
128 5.5468 1095 559 596.753
147 5.49539 1115 471 430.393
149 5.04154 1361 485 545.061
128 3.59743 1268 467 430.289
127 4.82941 1180 440 384.682
140 5.99663 1235 456 456.568
129 5.14872 1271 558 677.394
114 5.5277 1228 491 515.876
127 4.37548 1230 492 488.597
141 3.70787 1464 519 618.775
152 4.66565 1488 562 784.349
143 6.15112 1233 561 694.205
155 4.27382 1191 479 445.644
144 5.11508 1315 476 509.148
108 4.43377 1150 515 502.28
151 5.47796 1182 497 507.615
120 6.41092 1423 498 637.68
109 4.24475 1331 545 643.556
169 5.02127 1184 448 404.17
132 5.19499 1246 481 494.562
119 3.59065 1391 536 621.492
124 5.23947 1158 495 487.829
116 5.32959 1281 511 577.572
147 4.56386 1149 514 503.709
145 6.21985 1335 474 538.031
148 6.09968 1405 482 582.751
145 4.09388 1289 482 482.779
125 4.601 1200 444 393.37
126 4.37988 1257 589 715.808
125 4.16785 1259 500 509.867
111 4.63107 1216 403 328.954
131 4.64179 1126 467 409.285
137 5.0863 1315 532 635.083
164 5.1894 1202 534 587.869
168 4.61576 1207 514 530.701
170 4.19078 1091 576 587.218
102 5.18278 1295 513 584.33
137 5.03889 1263 520 581.373
162 5.43167 1132 518 526.974
138 5.1183 1136 494 473.812
103 4.55234 1304 518 580.207
163 5.64434 1242 509 563.632
153 5.26069 1222 469 462.603
110 5.3733 1363 499 587.224
141 5.31039 1412 493 592.038
132 5.10806 1314 533 637.68
122 4.45727 1178 487 460.725
137 4.85708 1164 537 566.051
131 4.70529 1431 443 469.716
146 5.35363 1425 504 625.724
103 5.61407 1181 540 602.416
117 4.67567 1369 508 589.938
155 5.69012 1355 451 483.726
137 4.75726 1384 520 627.723
143 5.7206 1376 548 726.207
106 5.29497 1273 538 635.178
140 4.34809 1237 523 554.327
151 3.73455 1447 553 695.724
124 4.462 1091 483 419.835
121 3.32293 1243 516 503.557
144 4.8841 1139 480 443.18
135 4.71344 1343 477 511.324
147 4.29863 1239 397 318.953
135 5.88935 1158 522 558.521
134 3.92217 1208 415 331.53
146 4.43676 1308 500 538.59
160 4.58983 1132 475 424.435
139 4.96498 1241 532 595.662
118 4.69333 1262 499 525.245
108 4.80977 1355 512 597.499
172 5.04603 1431 519 656.412
143 4.97133 1324 448 450.807
137 4.72246 1189 457 415.732
134 5.55533 1210 468 462.381
126 4.94537 1394 473 528.384
175 5.00945 1226 454 429.534
100 5.46415 1233 387 320.86
121 4.79421 1261 514 559.933
167 5.30077 1290 514 587.677
176 5.19581 1008 466 375.545
154 4.07154 1232 521 538.328
110 4.78295 1150 461 410.516
131 6.12605 1390 520 671.723
125 5.2847 1417 496 600.653
115 4.24134 1276 440 402.048
180 4.97432 1269 484 504.389
118 4.59213 1194 468 434.641
136 4.48585 1311 553 662.25
154 5.5732 1340 484 548.107
152 4.70922 1285 490 516.152
141 5.56863 1258 431 407.959
171 6.25307 1314 473 528.015
172 4.76616 1169 467 427.843
139 4.82346 1416 465 515.402
161 5.91307 1286 490 547.08
134 4.1859 1192 453 396.704
114 5.60884 1291 490 542.097
119 4.86667 1362 413 391.969
152 5.3188 1171 457 422.069
142 5.3967 1447 470 553.661
135 4.04779 1273 526 566.076
176 5.46523 1315 535 654.011
148 4.40584 1347 504 562.52
121 5.36485 1418 489 586.447
126 5.31391 1310 575 747.309
125 4.75796 1328 542 654.393
107 4.88433 1296 469 481.427
169 5.08475 1297 520 598.404
119 4.72871 1051 521 477.778
143 5.67818 1272 559 697.256
141 4.64246 1161 476 438.446
160 5.67079 1372 474 540.57
135 6.18588 1272 527 632.851
157 4.2841 1272 499 516.858
145 5.4674 1224 482 494.163
138 3.98847 1159 508 478.795
155 4.86242 1231 491 500.608
145 4.03238 1038 501 418.311
178 5.77283 1332 454 483.583
138 6.87087 1270 471 517.556
125 4.48561 1296 504 543.788
124 4.99377 1133 503 486.87
131 4.10633 1131 523 499.14
136 5.06848 1253 541 625.229
158 3.86186 1264 447 400.759
111 4.32774 1221 479 458.394
135 5.38047 1309 536 650.91
141 5.20896 1425 515 648.838
111 4.86389 1102 438 356.649
141 5.01222 1278 444 428.305
122 4.66786 1151 545 570.631
138 5.705 1194 529 586.818
155 5.27484 1362 535 671.383
116 5.61998 1169 452 417.892
127 5.10361 1257 517 573.817
143 5.79731 1304 547 687.956
150 5.7552 1168 511 536.8
135 5.26919 1207 529 581.55
125 4.04454 1225 550 595.445
122 3.92108 1354 532 610.616
156 4.53159 1363 453 463.253
134 5.35858 1312 440 439.184
166 4.1766 1340 475 490.035
159 4.25094 1339 467 475.552
124 4.12621 1221 459 415.587
110 4.29931 1304 514 562.725
119 5.95671 1286 457 476.731
162 4.94275 1181 508 516.277
110 4.58156 1343 528 621.895
113 6.29919 1215 528 609.458
106 5.82582 1185 495 512.58
121 5.69342 1246 515 580.099
135 4.17737 1301 564 670.799
142 4.48006 937 545 459.573
153 5.16663 1301 527 619.025
135 3.97885 1092 542 513.187
146 6.1852 1390 536 715.362
146 4.91396 1122 479 435.43
128 5.28529 1402 461 513.396
152 4.00514 1271 531 574.334
124 4.47042 1174 515 513.876
134 5.89736 1299 466 499.477
148 4.8978 1219 492 498.679
191 4.26364 1161 407 313.437
134 6.04204 1281 527 633.693
135 5.72041 1214 485 501.857
124 5.24645 1226 511 550.588
158 3.99857 1242 487 471.863
143 4.06259 1173 524 518.159
160 4.80611 1302 440 423.925
166 4.80725 1424 470 529.06
147 5.169 1307 466 486.304
151 5.19177 1323 470 501.302
129 6.10382 1080 461 409.836
126 6.06013 1257 494 546.782
163 5.02489 1231 499 521.43
120 4.81092 1330 587 770.926
130 5.23719 1397 476 544.141
150 3.48653 1144 512 462.553
136 6.09975 1421 508 654.69
149 5.96042 1186 448 422.578
170 3.93659 1350 472 479.746
119 4.32469 1271 439 400.725
132 4.68413 1219 455 421.606
128 5.9126 1321 538 677.449
91 5.28157 1313 508 583.738
124 5.15696 1244 435 403.09
150 5.97214 1205 512 561.05
117 5.01058 1179 540 584.415
152 5.40198 1236 502 539.65
143 5.68415 1205 476 479.066
END
