Delay, Zoom, Max Iter, Resolution, Estimated cost
0 5.22124 1106 464 409.032
0 3.98369 1528 406 403.063
0 4.32813 1118 480 421.49
0 4.23539 1404 528 636.787
0 4.63826 1371 567 734.465
0 4.81512 1249 451 427.463
0 5.85678 1418 530 704.087
0 5.86452 1275 411 380.832
0 5.76452 1527 537 775.333
0 5.74767 1165 450 415.086
0 4.23406 1259 580 688.976
0 5.59866 1186 441 403.203
0 4.43821 1175 462 413.114
0 5.90239 1265 544 663
0 3.77028 1378 544 642.845
0 4.98411 1025 339 199.966
0 4.48277 1327 541 641.44
0 4.6955 1115 577 620.555
0 5.59074 1118 478 446.383
0 5.81726 1030 423 325.232
0 3.99118 1129 481 418.218
0 7.38241 1270 488 565.023
0 5.83795 1008 438 341.557
0 6.07094 1186 503 535.099
0 3.24309 1317 503 503.471
0 2.92944 1193 530 491.539
0 6.51778 1374 432 465.174
0 5.23482 1409 490 581.506
0 5.3452 1214 478 479.302
0 3.27333 1409 489 510.433
0 4.04079 1265 465 439.408
0 2.74033 1026 586 506.573
0 5.32749 1524 589 912.826
0 4.98561 1210 489 491.212
0 7.42187 1339 496 616.176
0 5.7009 1159 465 440.048
0 4.322 1244 434 383.265
0 4.22022 1313 496 525.014
0 6.52308 1142 503 524.261
0 5.34 1247 516 573.581
0 6.40029 1245 549 677.766
0 5.41869 1370 512 622.706
0 3.71794 1351 449 427.692
0 4.56961 1238 561 646.73
0 6.49079 1324 616 910.498
0 5.66557 1417 474 558.173
0 4.86137 1502 516 674.563
0 4.27838 850 561 436.388
0 6.41647 1204 482 505.533
0 6.09638 1161 451 421.542
0 5.98923 1213 463 462.169
0 5.04818 1403 485 562.07
0 6.3352 1052 494 462.558
0 4.68761 1474 452 503.197
0 3.49114 1249 532 545.434
0 5.50671 1053 481 424.122
0 5.43456 1142 526 548.249
0 3.81221 1252 548 594.492
0 4.13103 1416 544 677.202
0 5.03145 1352 517 614.949
0 5.48148 1143 441 386.543
0 4.62914 1291 517 574.714
0 6.2157 1102 501 496.085
0 2.28229 1216 538 478.098
0 3.5077 1268 420 345.583
0 4.37068 1209 469 436.276
0 3.39706 1356 498 514.9
0 5.13629 1355 467 505.515
0 5.12347 1126 540 561.321
0 6.81872 1111 477 463.532
0 6.22451 864 434 291.972
0 5.66179 1451 533 722.59
0 6.11025 1459 388 392.297
0 4.05834 1174 503 477.732
0 4.24523 1258 544 606.047
0 3.85465 1133 487 426.174
0 4.59284 1041 572 566.103
0 4.81126 1255 419 370.65
0 6.00712 1019 452 370.293
0 5.14143 1117 609 708.858
0 4.72771 1226 657 886.228
0 4.31959 1233 472 449.244
0 4.30043 1295 540 616.85
0 3.98645 1469 328 252.958
0 3.42635 1436 544 652.248
0 4.81629 1170 559 615.205
0 5.64106 1206 548 634.284
0 5.22907 1415 498 603.039
0 5.75657 1112 482 454.728
0 5.74389 1203 447 422.861
0 3.53383 1171 397 285.744
0 5.22115 1396 517 640.959
0 3.45734 1223 466 408.662
0 5.4851 1363 535 678.499
0 6.37338 995 534 511.954
0 6.40736 1171 463 453.524
0 5.58279 1098 433 359.612
0 4.72327 1323 469 487.219
0 5.31164 1276 606 808.43
0 5.70106 1236 441 422.094
0 6.45245 1392 592 882.867
0 6.65593 1403 514 675.803
0 5.46121 1385 572 787.252
0 5.01348 1024 560 545.96
0 6.66556 1376 446 499.199
0 3.67575 1088 501 427.479
0 5.29071 1001 488 410.855
0 6.27145 1139 592 717.471
0 5.25844 1153 612 743.151
0 4.90681 1088 520 497.425
0 5.97568 1501 472 594.022
0 3.73634 1176 482 429.613
0 4.71005 1259 412 357.538
0 5.18881 1261 440 418.699
0 4.65648 1161 502 488.035
0 3.8686 1084 370 235.592
0 6.54341 1268 559 719.469
0 4.3046 1436 441 456.316
0 3.22758 1056 623 618.434
0 5.19919 1104 497 467.932
0 6.34316 1248 490 540.052
0 4.70377 1195 496 491.681
0 6.81437 1285 571 768.137
0 4.53585 1149 521 516.688
0 4.60742 797 405 217.46
0 5.86733 1530 507 695.501
0 6.44832 1341 558 755.515
0 4.31867 1272 450 421.233
0 4.35744 1208 417 344.334
0 6.33935 1137 472 456.468
0 4.54869 1150 439 367.436
0 4.61737 1059 462 376.215
0 4.49767 1193 443 387.006
0 4.82458 969 593 573.635
0 5.14305 1176 520 544.152
0 3.87847 1417 511 587.818
0 4.36596 1297 451 432.671
0 6.87945 1252 595 814.476
0 3.21712 1351 595 721.003
0 4.79941 1450 458 511.346
0 7.03393 1358 508 647.352
0 3.7401 1172 491 444.413
0 5.51319 1330 524 635.936
0 5.32425 1377 545 706.045
0 5.46373 1053 554 561.526
0 4.22317 1454 493 574.49
0 4.11295 1513 526 675.702
0 5.43232 1009 513 460.704
0 6.02423 1248 607 818.442
0 6.26856 1089 398 310.015
0 3.60419 1101 518 459.919
0 4.76624 989 545 492.977
0 3.69731 1248 427 356.767
0 4.53473 1266 533 595.79
0 6.17686 1094 388 294.931
0 5.96389 1422 514 667.043
0 3.95212 1437 453 470.882
0 4.84486 1061 423 319.94
0 4.15892 1145 523 507.05
0 5.63617 1351 449 476.903
0 3.8398 1465 434 437.177
0 5.52883 964 604 612.854
0 5.66489 1277 444 441.353
0 3.39139 1181 574 595.487
0 3.00506 1229 482 421.966
0 4.36298 1283 527 584.298
0 4.9899 1291 445 434.118
0 6.14942 907 473 362.994
0 6.02278 1512 500 672.763
0 5.61927 1239 425 391.569
0 3.94038 1146 397 288.186
0 4.51396 1247 577 686.91
0 4.44462 1230 537 584.477
0 4.82669 1257 491 510.211
0 5.57676 1346 569 761.042
0 5.22746 1356 525 642.207
0 3.87085 1522 562 763.282
0 5.17546 1183 454 417.921
0 5.06146 1447 517 659.158
0 3.96724 1357 575 717.175
0 3.65715 1558 430 450.301
0 5.24653 1246 574 706.054
0 3.94318 1057 472 375.794
0 5.80511 1288 422 404.569
0 5.18681 1358 439 448.815
0 6.17603 1280 432 427.762
0 5.61178 1212 463 454.443
0 6.12313 1305 548 700.309
0 6.55737 1334 403 393.601
0 6.51038 1372 516 662.516
0 4.67897 1225 478 467.463
0 5.97129 1245 524 607.144
0 6.65414 1348 497 607.032
0 6.75454 931 504 432.679
0 6.0151 1206 483 500.584
0 4.51751 1416 419 411.399
0 5.55687 1311 503 578.751
0 4.06772 1119 583 612.094
0 4.90668 986 546 496.994
0 4.52261 1228 576 674.44
121 5.19763 1125 564 614.015
173 4.47833 1311 473 484.287
143 5.08712 1380 454 485.389
152 5.33958 1103 457 397.949
122 4.34453 1080 533 502.547
111 6.55478 1215 489 527.768
153 4.67937 1259 546 626.868
160 5.31805 1221 494 514.219
157 3.98714 1250 466 434.491
144 4.73726 1194 569 647.71
85 5.95434 1237 376 310.387
136 4.86358 1038 521 475.31
126 4.82562 1406 411 399.849
94 5.93179 1270 353 280.613
158 3.49967 1089 487 398.787
117 5.67444 1405 420 434.696
122 5.58848 1225 654 915.498
130 6.91154 1279 415 405.214
125 5.91346 1418 415 432.71
160 3.63421 1440 442 438.981
131 4.69024 1324 444 436.195
190 5.24068 1523 488 623.61
113 4.34172 985 447 322.311
168 6.80736 1196 524 601.937
82 4.45585 1170 478 440.803
120 5.51274 1283 555 688.182
151 5.37077 1099 484 445.393
145 5.90006 1395 389 373.815
103 4.74778 1372 609 853.08
142 5.02282 1468 511 652.017
148 3.93307 1439 464 494.065
151 5.97431 1239 643 909.927
138 4.48904 1240 536 588.575
175 4.55981 1378 507 587.621
134 5.09153 1436 444 483.187
143 5.68392 1354 549 716.066
117 5.54159 1557 476 615.117
125 5.10174 1400 460 505.895
103 4.99799 1379 466 508.718
130 5.35488 1237 538 618.965
145 6.20353 1400 560 787.04
165 5.34959 1150 529 556.203
118 6.04162 1173 525 575.861
112 4.43741 1276 456 437.027
112 4.57994 1593 606 971.615
154 7.04997 1279 470 522.17
165 5.9963 1288 561 720.684
129 3.04332 1086 451 327.662
162 4.96175 1199 402 328.552
147 5.30675 1217 538 607.577
164 4.16803 1040 400 269.557
112 4.81463 1346 504 575.278
140 3.42233 1352 398 328.594
148 2.88741 1291 544 557.992
118 5.83453 1322 516 621.617
112 4.41401 1347 505 565.031
141 5.21412 1420 553 745.684
176 6.36945 1260 536 653.072
147 5.80524 1263 569 721.244
173 6.21734 1386 525 685.186
172 4.333 1098 430 332.301
186 2.70344 1516 578 725.224
141 4.9251 1268 439 413.576
121 5.80172 1217 574 707.137
140 4.75307 1299 531 614.221
92 5.26106 1375 441 460.235
197 7.51921 1112 397 328.82
141 4.99607 1120 533 540.469
170 4.87229 1016 449 345.693
108 5.83604 1496 531 744.973
151 4.89421 1427 489 576.563
145 4.92949 1135 555 591.818
148 5.75441 1127 511 517.939
98 3.43326 1346 554 634.414
126 4.76521 1333 467 487.84
110 5.98793 1147 511 532.305
173 4.51016 1555 522 700.902
85 6.38806 1312 559 740.156
129 5.5276 1271 448 444.512
159 4.42954 1187 543 576.202
146 5.73992 1265 501 558.481
158 4.48228 1259 468 455.403
164 4.5697 1357 458 472.487
149 4.54802 1397 470 511.6
152 4.37488 1311 513 566.157
148 3.02807 1201 490 427.109
139 4.68821 1191 507 511.571
189 5.11627 1193 456 423.936
142 5.13001 1163 421 352.509
132 4.50156 1124 544 549.962
171 3.88217 1156 462 392.09
171 3.63335 1382 587 743.01
127 5.50319 971 478 386.169
143 5.57639 1732 368 409.615
114 4.19269 1357 556 680.632
103 5.91619 1096 436 369.196
154 6.28198 1364 641 1007.73
128 5.4427 1444 477 570.305
149 5.41197 1426 455 511.717
108 4.74006 1290 481 500.147
127 4.0087 1220 415 336.814
163 5.53904 1443 530 706.681
139 5.03911 1317 479 514.407
144 4.91145 1416 431 444.852
127 4.29273 976 560 499.737
98 4.73894 1260 578 705.371
171 4.53725 1191 507 507.22
129 4.97809 1219 477 470.694
133 4.50329 1297 565 684.619
162 4.71098 1368 515 607.051
173 4.44224 1147 481 437.226
164 3.68173 1394 569 706.795
140 5.07308 1256 559 669.278
127 4.13266 1321 394 331.435
164 3.92284 1196 457 398.055
147 5.60622 1199 556 648.152
111 3.97425 1077 393 266.023
169 5.82062 1195 548 633.383
133 5.44506 1225 444 419.23
126 4.6515 1346 533 637.66
154 4.453 1113 468 401.898
135 5.03091 1368 531 656.364
163 4.51823 1426 359 304.157
138 5.41566 1276 491 533.305
172 4.65016 1258 580 705.658
130 5.52996 1417 590 859.611
112 4.87301 1345 520 613.832
102 4.43851 1131 599 668.455
148 3.89743 1172 572 609.999
100 5.1519 1181 444 398.576
176 5.10475 1265 501 542.31
155 5.49835 1292 526 622.073
125 4.6197 1110 546 550.835
99 6.02145 1497 553 814.74
116 4.16231 1148 431 345.329
122 2.70443 1095 575 518.46
96 4.35329 1382 515 600.694
124 4.16126 1345 489 520.771
147 6.90046 1106 435 384.846
111 4.74267 1116 424 336.261
100 5.82322 1255 522 603.628
125 6.00498 1300 523 632.417
136 6.08401 1417 515 670.541
142 6.44639 1510 574 900.151
154 5.30107 1252 545 641.248
144 3.86751 1155 575 606.195
156 3.97103 1407 411 380.014
151 6.22374 1128 527 562.037
93 5.88558 1494 548 794.023
141 4.72173 1445 409 404.665
122 5.34776 1368 527 656.59
153 3.8163 1089 428 315.518
131 4.67639 1192 502 501.622
104 5.55968 1352 569 763.852
127 5.6402 1282 374 314.044
143 4.72536 1296 523 593.576
142 3.96049 1291 527 572.87
165 4.26204 1040 432 316.291
137 6.21978 1301 373 324.686
112 4.31994 1075 528 490.141
146 4.95932 1393 584 805.48
157 4.15748 1170 440 366.684
115 5.42227 1278 454 456.812
139 4.67068 1114 540 542.285
149 4.43895 1151 433 355.483
111 4.32744 1069 462 373.341
121 3.82432 1300 467 448.679
150 6.29087 1315 493 574.885
144 6.96026 1087 463 429.367
135 4.98626 1270 397 339.832
104 4.29521 1422 492 562.098
71 2.34492 1360 444 367.338
155 7.33657 1364 568 820.927
121 6.00513 1040 512 484.878
166 4.31738 1074 372 243.034
163 5.27109 1536 424 475.479
86 5.46245 1389 553 737.988
118 4.28267 1405 485 539.267
106 5.65711 1296 484 532.08
158 5.12379 1007 438 330.271
104 5.68579 1400 555 756.727
115 5.26375 1273 529 613.19
110 3.71593 1259 520 534.504
135 4.72546 1136 515 504.503
124 5.66862 1144 503 507.531
153 5.73966 1575 375 389.566
162 3.93345 1305 482 483.508
139 5.36288 1222 517 564.868
146 4.67332 1209 610 751.113
94 4.05627 1633 553 803.076
147 7.40613 1248 508 602.128
127 5.92525 1575 629 1104.63
165 5.19035 1044 528 499.209
116 6.09474 1288 459 484.36
133 4.77603 1311 607 811.051
130 4.23726 1259 599 735.004
122 4.01615 1379 514 584.31
132 5.73018 1343 471 523.815
107 4.58998 1423 434 445.416
127 3.37436 1113 413 290.117
155 4.70463 1065 391 272.318
97 6.25565 1147 479 472.723
151 4.25092 1203 500 489.766
91 4.24318 1360 360 286.89
156 5.1304 1250 492 517.458
138 4.92939 1360 374 322.022
149 5.68128 1284 459 474.603
121 5.01842 1287 323 228.338
134 5.70277 1549 402 439.591
161 4.39981 1060 626 682.663
128 5.79967 1305 433 431.457
141 4.23045 1508 481 567.434
151 4.17119 1221 516 526.744
145 3.54786 1351 553 640.366
108 4.20327 1441 545 694.916
103 4.25045 1134 438 354.268
144 5.43691 1479 456 533.686
188 3.22884 1266 503 483.362
135 5.21733 1318 495 554.638
162 4.35586 1151 421 334.378
117 5.43527 1376 546 711.801
145 4.26758 1084 510 459.627
160 4.6284 1009 491 405.117
154 5.73536 911 514 423.255
144 4.23953 950 350 189.379
121 5.6492 1110 617 740.328
156 5.37504 1262 530 613.413
122 4.09736 1386 492 540.996
114 4.90935 1247 441 410.104
126 5.59956 1178 482 478.431
128 4.73897 1047 533 498.417
137 4.27959 1372 489 535.221
127 6.54615 1122 531 574.506
134 4.85883 1116 585 644.125
139 4.83041 1270 532 605.292
126 5.01056 1207 536 589.463
126 6.03436 1365 513 639.648
193 4.44803 1387 418 399.421
99 4.87346 1120 519 509.194
172 3.41292 1226 492 454.987
182 5.2864 1562 502 678.288
140 4.00672 1386 624 864.986
161 5.78822 1303 459 483.849
129 5.66605 1008 416 305.843
159 5.33071 1195 556 637.905
71 5.52076 1211 466 458.104
113 5.35676 1312 527 629.978
163 3.2262 1033 436 296.26
135 3.57469 1023 461 337.688
138 4.39055 1203 386 294.409
126 4.38497 1129 537 534.573
143 4.89161 1135 551 582.163
179 4.20613 1222 511 518.165
160 6.68787 1408 477 584.751
155 3.95007 1331 436 403.969
154 5.36503 1357 455 485.894
102 1.9373 1203 528 431.697
118 5.41418 1261 522 595.646
126 6.17972 1433 479 588.851
117 3.44346 1148 541 516.427
186 5.46577 1279 620 854.312
163 4.79815 1384 578 777.282
152 3.72315 1376 475 487.705
152 5.79699 1158 523 558.488
129 4.67864 1037 451 352.273
138 4.99242 1111 512 494.62
159 4.48497 1286 646 886.447
127 5.10373 1268 441 421.168
120 4.8239 1118 624 732.821
124 5.47338 1241 421 382.34
127 4.77882 1396 497 579.071
113 6.13975 1413 432 471.535
125 5.27675 1402 495 591.676
191 3.83757 1191 504 479.23
117 3.95391 1210 409 323.254
83 4.14045 1458 452 481.679
158 4.91719 1248 577 702.901
213 5.00463 1332 481 523.7
164 4.72139 1057 470 390.881
99 4.2811 1689 473 616.529
112 4.40124 1241 461 433.474
154 5.90721 1054 371 256.981
130 4.49668 1369 556 699.516
139 5.6373 1366 654 1023.08
133 4.41904 1277 437 401.242
149 4.10872 1014 534 466.6
156 5.60086 1366 519 643.265
71 3.65571 1143 526 494.275
166 4.76885 1339 528 626.538
149 4.80478 1417 493 579.169
134 5.20264 805 530 388.08
128 3.61556 985 426 278.53
127 6.38189 1240 423 400.468
139 4.63113 1181 571 641.38
89 5.64875 1323 508 598.149
123 6.27458 1192 613 805.168
119 4.75658 1334 479 513.377
127 5.11609 1370 471 519.384
141 3.65965 1353 437 403.963
103 5.72405 1306 580 772.227
123 6.84548 1369 489 600.832
135 4.27215 1347 461 466.798
97 5.02937 1271 488 515.016
188 5.01796 1004 570 554.711
169 4.49402 1098 462 387.314
134 5.90976 1372 551 737.931
128 4.12439 1110 474 402.855
132 4.84605 1151 524 532.645
107 4.53505 1373 561 715.829
135 6.02528 1060 472 420.344
162 4.71177 1211 453 415.8
105 6.29781 1229 479 507.341
139 4.50124 1364 454 464.822
144 5.75852 1642 663 1270.54
124 3.56006 1085 493 409.132
159 6.42004 1293 408 389.051
176 6.05362 1063 443 371.751
147 6.34693 1613 550 879.53
141 5.7921 1156 529 570.271
146 5.22191 1328 492 552.215
158 6.82634 1148 426 382.125
136 4.00294 1378 558 687.516
120 5.08452 1396 455 493.118
116 5.95196 1238 434 413.824
115 4.22497 1158 412 319.578
115 6.37177 1223 508 569.447
65 4.01141 1182 510 492.915
161 3.92432 1380 554 675.03
180 5.44642 1239 510 559.486
162 8.09038 1124 435 405.804
146 5.05715 923 477 357.836
107 3.90333 1040 392 254.328
123 3.10977 1289 474 432.305
113 5.51961 1241 548 649.17
118 4.85982 1426 481 556.451
199 4.35507 1315 404 351.776
114 4.86807 1470 493 602.862
105 6.25076 1280 512 602.615
108 3.90829 1241 479 453.296
153 5.43271 1559 529 756.939
128 5.25683 1326 451 464.096
170 4.2829 1142 484 436.523
170 5.82035 1184 521 567.23
151 3.64729 1191 461 395.354
113 5.10924 1097 546 558.689
148 3.89527 1197 463 408.131
151 5.49213 1188 487 490.184
123 4.52457 1180 364 258.842
133 6.04812 1284 476 518.315
159 5.51881 1257 487 519.281
193 4.8672 1412 616 904.03
149 4.62115 1162 529 541.336
134 6.05373 1367 468 533.548
146 5.15188 1113 558 593.279
144 4.83829 1420 523 654.353
135 3.99464 1185 518 509.212
128 1.9082 1301 504 423.214
169 3.67258 1115 556 539.425
142 5.0539 1117 566 609.622
113 4.51525 1009 511 435.961
94 5.72819 1303 444 451.579
165 4.66696 1355 440 437.834
154 5.84542 1010 523 488.108
113 4.99428 1331 527 627.853
138 4.53714 1142 583 643.085
100 4.35877 1209 529 554.642
146 5.48763 1406 450 495.229
176 4.28048 1168 601 688.299
166 6.62555 1177 449 432.148
117 5.57401 1537 485 631.311
105 5.96878 1497 491 640.914
196 4.21584 1190 529 541.104
97 4.48654 1293 520 577.553
145 6.46968 1298 339 270.125
151 3.84961 1263 590 697.029
183 4.86441 1036 434 329.202
105 4.23638 1269 472 459.972
127 2.74615 1325 578 636.868
173 4.11511 1673 418 471.905
187 5.44308 1126 529 546.966
123 5.57907 1347 483 548.84
128 4.01605 1515 594 857.305
141 4.97305 1247 481 489.488
171 5.5162 1273 594 782.275
155 5.72244 1453 424 459.106
177 4.2421 1271 567 665.05
135 6.91809 1279 519 633.899
151 3.60785 1164 540 528.565
127 6.09128 1062 621 730.929
143 2.79992 1363 531 556.156
122 5.0064 1368 444 458.332
182 4.53441 1060 479 402.878
104 4.62399 1141 426 344.765
113 6.40665 1116 455 417.404
91 6.03685 1117 526 550.354
181 4.62252 1214 461 429.54
103 4.42636 1475 465 524.977
102 3.92453 1361 567 697.356
139 3.99261 1117 530 502.419
123 2.37986 1368 387 282.033
149 5.05222 1202 485 481.643
155 5.48245 1159 519 542.889
113 6.29984 1435 534 736.284
162 4.75029 1556 438 500.517
121 3.92186 1276 477 462.634
130 4.92636 1200 479 466.002
152 6.57666 1135 392 317.076
126 3.44747 1328 575 675.07
75 5.67302 1307 529 641.461
159 4.9586 1203 506 522.19
126 5.51883 1164 476 459.385
127 6.01842 1232 589 760.563
99 5.2088 1186 448 408.644
151 2.87474 1097 482 371.738
132 6.47624 1518 513 723.606
140 4.85746 1099 448 371.977
124 2.52696 1066 435 282.924
172 5.01146 1293 538 636.214
123 2.76544 1519 456 455.388
153 3.26779 1248 456 392.955
65 3.86744 1132 479 412.297
120 5.63563 916 495 392.987
167 4.07957 1368 533 625.939
160 5.89712 1560 542 811.435
114 4.97173 1289 531 616.592
100 4.90189 1197 451 411.554
142 5.20086 1155 408 329.943
115 3.73488 1139 457 374.012
145 5.07692 1402 543 705.058
63 4.49053 1333 563 698.128
127 3.70497 1204 566 605.094
154 5.07261 1199 484 478.953
114 4.0632 1436 601 834.495
175 6.07422 1085 608 715.332
118 4.74144 1106 458 388.81
151 4.80134 1205 441 394.027
127 4.56758 1574 389 395.303
138 4.97338 1305 413 377.662
149 5.39783 1252 472 483.16
117 4.98738 1395 452 483.901
136 5.05477 1263 490 516.641
152 5.04662 1449 391 377.256
111 5.88193 1289 509 590.941
149 4.63924 1243 597 738.263
118 5.42391 1363 482 549.183
133 4.87267 1371 526 640.209
146 6.5177 1340 470 536.983
169 4.43988 1068 397 277.296
86 3.68438 1203 452 384.977
148 4.95812 938 446 316.318
140 4.08173 1485 525 659.323
171 4.41404 1303 571 698.778
128 4.5078 1052 402 281.186
157 2.68615 1212 425 312.862
144 4.04308 1421 505 582.257
186 4.19981 1289 528 583.312
114 3.89476 1258 505 510.26
108 6.06336 1249 571 725.966
123 5.4371 1245 605 790.809
139 5.07327 982 490 402.07
190 4.83533 1085 471 405.437
173 5.43849 1086 506 482.559
139 5.08194 1412 574 793.679
191 5.54557 993 507 445.142
122 6.06464 1259 516 597.625
132 5.34518 1115 497 475.907
124 5.81008 1367 495 590.911
110 6.15732 1574 538 815.22
133 3.8302 1333 313 206.757
149 5.75411 1149 525 557.373
147 4.16616 1281 511 541.795
163 6.88177 1447 526 735.724
114 4.47738 1531 510 657.46
146 5.06901 1164 428 363.534
132 6.87584 1166 495 524.922
171 4.6133 1495 576 825.358
157 5.43539 1215 481 487.78
169 3.13751 1341 580 675.128
126 4.41704 1181 515 515.306
103 4.11009 1246 452 410.827
166 5.58213 1484 561 815.836
202 5.40934 1304 499 562.747
125 6.42785 1436 459 547.008
148 5.84487 1208 510 555.122
135 4.51209 1298 527 596.39
140 4.39889 1096 424 323.795
141 5.42913 1186 416 356.044
137 5.82018 1263 547 666.971
119 5.5646 1327 413 395.07
117 4.8688 1113 523 513.715
157 4.13047 1252 459 426.256
184 6.18435 1289 534 658.419
179 2.97389 1118 473 368.521
169 6.56325 1304 463 507.952
119 4.66428 1207 539 585.174
126 5.17444 1301 484 522.329
119 5.64748 1206 520 571.284
169 3.40349 1212 423 332.216
138 5.16278 1137 483 454.342
146 4.16819 1319 494 521.434
114 4.15977 1510 423 437.445
134 4.93592 979 501 416.111
94 3.8428 1199 538 549.941
115 3.8922 1380 576 728.072
122 6.08883 1338 461 507.438
124 4.37791 1203 593 694.311
99 5.09043 1122 504 486.435
92 4.47221 995 546 489.587
185 4.82219 1199 419 354.319
190 3.65038 1446 509 585.3
114 6.65997 1324 453 495.432
151 5.04405 1148 513 514.44
105 4.99878 1146 485 457.959
169 4.43829 1086 517 478.147
127 5.25282 1284 438 423.78
127 3.97923 1383 419 388.432
135 4.4466 1114 508 473.781
116 3.73805 1329 550 632.239
149 6.46084 1611 422 519.36
159 4.79829 1054 519 477.271
111 4.75148 1212 485 478.052
133 5.17819 1363 473 522.726
158 5.71518 1129 597 707.004
148 3.17326 1254 543 555.168
128 6.96285 1398 561 810.789
141 4.79839 1406 417 411.008
126 5.78108 1131 419 349.864
132 6.12873 1067 495 467.293
122 3.65019 1463 511 596.836
132 4.84982 1101 448 372.503
149 5.97893 1412 540 731.506
155 4.5061 1368 537 652.406
123 4.76501 1093 400 293.46
123 5.14915 1276 509 565.878
172 5.5303 1392 549 731.171
114 4.15915 1391 528 627.831
104 5.68084 1343 436 447.9
138 1.98785 1201 435 295.07
133 3.71503 1140 501 449.231
161 4.72332 1015 464 365.866
105 3.65664 1390 501 545.346
146 5.40916 1208 463 448.807
136 6.02458 993 498 438.339
176 3.7984 1330 542 617.159
159 4.29127 1061 525 477.43
154 4.15608 1079 489 417.639
153 3.7348 1241 510 507.503
123 6.41104 894 461 343.305
148 4.54681 1127 485 439.456
103 6.97906 1270 571 763.465
144 3.23081 1248 549 567.725
127 4.81908 1325 612 835.206
140 4.7908 1223 414 352.243
176 4.77968 1133 534 542.583
132 4.55345 1249 478 473.251
209 4.70456 1448 560 759.479
118 3.48087 1340 560 647.854
158 5.96182 1253 535 636.722
118 5.17541 1334 509 592.363
113 4.32077 1436 583 798.286
173 6.66599 1174 503 541.747
124 2.82672 1084 529 440.243
182 3.92771 1236 510 512.49
98 4.75968 1322 371 305.254
125 4.18074 1066 472 385.028
115 5.18994 1227 578 703.081
137 6.13794 1229 612 823.053
139 2.99157 1264 596 662.668
148 5.09633 1024 504 444.079
114 5.68924 977 437 327.452
141 3.61119 1169 543 536.889
125 6.38564 1251 410 379.622
136 4.62597 1280 533 605.524
141 4.45294 1375 555 698.259
128 7.51674 1272 490 572.953
108 5.77143 1110 568 630.738
151 4.32817 1265 516 551.13
123 5.04845 1189 519 545.471
158 5.74695 1344 423 423.111
139 3.47506 1421 413 373.496
141 5.32546 1187 552 624.395
138 7.1434 981 430 336.274
148 4.05404 1310 488 501.611
107 4.63276 1308 373 303.151
136 5.33945 1446 423 446.958
103 5.0724 1396 656 1024.41
156 4.8635 1421 558 746.388
115 5.80573 1039 479 420.484
167 5.15824 1156 441 385.005
153 5.55612 1026 498 443.961
113 5.7615 1167 524 564.129
159 5.47023 1335 448 465.681
83 4.58181 1188 471 437.761
118 6.16563 1070 517 511.932
141 3.46244 1372 451 429.589
86 5.40039 920 510 414.555
133 5.96123 1221 465 468.708
118 5.9184 1261 530 627.741
103 3.31005 1492 486 535.596
113 4.4395 1068 560 551.733
148 5.74289 1286 371 311.377
111 4.46199 1232 419 356.778
171 5.87529 1345 410 399.968
105 3.57495 1241 527 535.353
145 4.55525 1142 465 409.535
89 3.88397 1247 541 580.043
121 3.18201 1252 498 466.59
188 5.24883 1329 416 395.6
167 4.95552 1312 380 321.139
122 4.21769 1601 530 730.83
140 2.85306 874 474 285.775
141 3.48442 1271 534 558.919
160 6.46486 993 605 658.071
116 5.63206 1560 584 931.438
158 5.75859 1384 540 710.419
139 3.64222 1074 441 326.127
166 2.99914 1132 512 438.294
151 5.60345 1348 521 639.764
136 4.14757 1201 356 246.244
173 6.74522 1115 512 534.598
129 4.41335 1402 502 581.113
186 3.83151 1353 412 363.642
128 4.99621 1188 522 549.869
124 4.10018 1261 403 330.298
125 4.09141 1346 563 687.69
128 5.13697 1370 473 524.347
132 3.28304 1362 512 541.372
126 5.99992 1307 486 548.928
149 5.1157 1571 448 538.828
105 4.44138 1501 571 806.275
143 5.14709 1111 581 641.887
162 4.26724 1269 480 476.618
117 3.89978 1539 535 700.854
143 5.35088 1246 462 459.677
82 5.65735 1337 600 843.568
114 5.67664 1462 529 717.647
121 5.71664 1331 549 704.903
184 5.43452 1287 529 624.928
139 3.9963 1188 515 504.662
98 4.36988 1244 510 530.798
161 4.8543 1434 527 671.523
173 5.38501 1317 534 650.148
115 3.58404 1085 554 517.612
162 3.47165 1421 425 395.406
163 5.62644 1307 453 469.427
97 5.73415 1191 479 480.527
155 3.85662 1068 460 358.465
117 4.40927 1274 567 673.495
96 3.24962 1266 529 535.61
154 5.75616 1344 417 411.355
153 6.12977 1513 439 521.195
209 6.69208 1165 483 496.154
206 3.59797 1177 462 390.918
194 5.91771 1030 478 417.056
93 4.82548 1220 500 513.48
114 4.12072 1221 455 408.229
115 4.77034 1354 585 777.794
166 3.97153 1426 580 767.03
179 7.20572 1030 420 337.525
174 4.75297 1156 491 467.353
157 4.56158 1184 535 562.258
148 5.06042 1405 522 652.431
119 5.33329 1466 449 510.408
126 3.70151 1376 412 366.323
133 6.83136 1270 478 532.328
179 5.09494 1212 489 494.754
109 5.37491 1236 484 501.012
146 4.57482 1202 432 372.458
123 6.0948 1496 524 733.2
157 4.85667 1281 426 392.024
141 5.07633 1136 464 417.137
154 3.32618 1187 454 372.359
135 5.31315 1372 544 700.535
123 5.13059 1354 553 708.121
169 5.67669 1395 657 1056.23
118 3.2714 1167 489 422.693
113 4.87712 1328 524 615.567
105 6.00098 1240 546 657.345
111 5.4133 1023 517 473.992
110 4.22952 1201 523 534.25
113 5.47143 1281 495 545.55
150 5.49108 1327 478 527.461
106 4.51627 1415 500 585.378
123 5.41141 1323 507 589.457
122 4.10599 1039 697 814.382
138 6.54693 1367 496 610.74
111 3.69726 1427 403 363.368
131 4.67098 1352 505 575.602
131 4.97416 1370 507 597.512
165 4.11322 1071 448 346.975
106 6.43899 1259 466 494.53
113 4.69769 1516 523 693.28
79 3.43929 1423 452 446.689
191 4.93755 1465 469 545.722
117 5.4039 1269 412 373.234
126 5.19825 1608 569 893.288
110 4.9553 1445 474 550.316
113 6.61934 1190 455 448.575
172 3.37858 1304 536 572.716
137 4.31346 1060 455 358.757
164 5.13215 1405 552 732.195
123 4.81947 1374 545 686.853
85 3.9906 1091 540 509.347
147 3.98802 1326 580 714.044
142 6.46916 1449 559 819.925
109 5.07896 1411 458 504.87
110 5.3709 1092 478 431.655
146 7.0024 1189 520 593.257
102 5.72124 1258 562 698.307
133 6.22277 1494 513 705.349
148 5.23456 1074 485 434.244
146 4.73287 1303 511 569.946
134 5.44376 1327 483 537.39
138 5.92248 1220 359 278.699
105 4.71975 1242 628 819.927
196 6.07613 1316 471 520.717
117 6.74681 1295 542 695.834
169 6.29601 1343 555 744.233
197 3.36455 1448 439 426.104
148 7.17856 1171 504 552.083
111 6.18559 1265 530 636.547
151 5.23282 1077 552 564.031
182 5.93879 1244 454 454.791
138 4.32403 1174 510 499.531
95 5.75543 1087 537 551.709
170 6.15388 1167 501 524.074
154 4.45203 1196 471 437.398
128 7.91165 1371 346 311.564
125 4.79542 1393 480 539.456
111 4.016 1054 456 351.495
145 5.65523 1217 621 822.469
154 4.42604 1328 600 786.927
99 2.98338 1016 493 364.161
105 4.69872 1165 540 567.995
205 4.43411 1362 475 506.066
170 4.8298 1136 457 399.516
150 3.7332 1197 479 431.758
104 5.74251 1337 537 678.22
101 5.7947 1161 379 294.016
119 4.58649 1395 563 734.66
164 3.94009 1269 455 419.163
149 6.59065 826 537 433.256
162 7.12184 874 511 422.798
148 5.59658 1224 411 361.399
167 3.45856 1272 536 562.375
142 3.52027 1265 407 324.079
148 5.396 1152 487 473.234
146 5.68507 1351 445 469.448
157 3.76755 1532 516 642.881
107 3.84037 1368 499 539.69
135 3.87211 931 532 418.417
145 6.77013 1242 480 523.838
86 5.68865 1397 488 583.869
160 4.84309 1243 492 507.029
86 5.41548 1221 468 463.624
114 5.62111 1240 598 775.922
162 6.58797 1169 436 404.167
146 3.76905 1228 459 407.797
158 5.45171 1252 522 592.418
133 3.955 1496 507 614.175
125 6.77536 1313 527 667.664
161 5.06733 1359 528 645.885
118 5.33599 1493 430 476.807
135 5.15701 1168 504 508.052
130 4.2479 1019 511 433.228
141 6.22628 1529 423 490.87
139 5.42921 1207 478 478.406
152 4.83626 1170 573 647.096
113 6.84949 1500 534 785.173
138 3.86988 1262 496 492.936
182 6.16873 1225 508 565.932
143 5.10843 1494 536 733.231
125 4.66533 1431 577 795.091
157 4.85855 1585 444 526.967
138 4.2311 1586 616 978.828
137 5.1478 1160 464 427.466
101 5.31259 1178 592 712.287
166 5.58666 1352 460 499.831
165 6.34682 1471 507 681.581
142 6.61614 1001 469 400.862
153 5.99457 1186 412 357.892
97 5.39138 1195 462 441.697
131 4.59107 1203 472 445.408
143 4.92606 1336 580 760.661
90 6.39399 1433 446 514.729
66 5.96059 1274 470 499.614
147 4.05182 1217 543 576.875
177 4.66824 1297 504 549.917
143 5.55288 1266 455 457.227
151 3.66006 1113 581 587.411
108 5.08572 1212 420 364.813
123 6.17464 971 394 269.906
149 6.53435 1239 524 617.531
167 4.93887 1489 431 468.454
135 4.48803 1370 448 454.257
120 4.84271 1169 441 383.102
117 6.70078 1324 539 702.419
125 3.58595 1092 553 519.15
143 4.61597 1211 557 625.283
93 4.44964 979 529 451.582
167 6.04312 1360 483 565.146
158 5.90857 952 518 452.515
137 4.65707 1091 443 357.156
88 5.53479 1296 490 542.4
84 5.15337 1257 465 465.337
121 2.42122 1133 420 276.615
89 6.1506 1350 438 463.311
145 6.50815 1193 515 573.802
148 5.70254 1420 431 463.217
144 3.89928 1279 489 486.58
174 3.80539 1169 575 610.825
111 5.80059 1196 444 415.782
138 6.61556 1203 599 785.825
107 5.38113 1099 551 577.519
173 5.31047 1217 515 556.836
160 4.00583 1351 503 547.824
93 5.21367 1364 466 508.619
155 5.50955 1394 501 609.209
114 4.42531 1308 622 832.921
135 5.93089 1399 540 723.342
167 4.55582 1179 593 687.632
108 3.85475 1254 440 385.039
110 3.60589 1130 524 483.095
151 5.47173 1003 462 372.105
159 5.06355 1497 529 714.034
123 3.91966 1013 415 277.964
142 7.45002 1211 451 461.147
112 3.91137 1097 548 524.566
182 6.09964 1204 446 427.571
115 4.13711 1096 496 435.916
143 5.49999 1333 445 459.399
104 5.22252 1235 530 595.952
126 4.3038 1087 446 353.274
144 3.29603 1540 454 481.839
156 5.12802 1292 434 416.126
112 5.69552 918 559 503.588
158 5.84343 1159 475 461.982
157 5.09823 1266 419 379.491
145 3.60059 1205 650 792.37
128 4.49126 1447 380 345.257
181 6.12981 949 497 418.998
142 4.23757 1068 507 446.69
99 5.02005 1030 458 367.45
159 5.98536 1255 453 457.667
145 5.30446 1359 534 668.345
147 6.06268 1026 508 472.003
129 4.71611 1226 441 399.039
152 5.48271 1236 551 652.559
149 4.77201 1248 485 492.801
122 5.15709 1197 524 562.812
93 5.90027 984 486 411.581
124 4.10333 1320 434 401.074
152 4.66249 1296 530 607.454
123 4.31031 1165 532 538.935
136 4.31066 1256 507 527.718
133 4.94049 1202 611 760.048
123 5.15886 1214 537 599.531
156 2.98238 1031 464 327.309
124 5.30295 1340 499 575.405
158 2.77593 1026 446 294.582
135 6.09267 1130 544 596.854
169 5.16989 1144 477 446.007
134 6.83813 1161 494 519.885
192 1.71467 1236 561 480.09
113 6.91211 1124 617 787.159
153 4.60908 1291 561 675.934
134 5.01916 1301 450 448.036
124 4.76674 1157 467 423.464
97 6.30589 1092 511 513.187
192 6.08401 1350 488 573.607
87 5.06848 1361 444 457.422
168 5.00426 1168 449 400.144
104 5.87928 1397 416 427.75
151 4.2158 1566 501 638.688
91 5.06561 1136 459 407.976
149 6.52171 1323 427 437.663
136 6.24884 1090 520 529.287
105 4.0611 1263 570 660.105
106 5.90757 1599 464 609.822
108 6.77538 1222 433 419.488
165 5.18837 1309 520 607.041
134 4.32383 1068 472 389.228
170 5.15641 1265 433 406.124
153 4.95876 1043 592 619.717
137 6.61536 1172 567 685.958
129 6.8785 1239 535 651.636
84 5.36049 1112 434 362.185
159 5.02247 1113 630 751.38
102 5.03594 894 561 478.898
162 5.57054 1475 479 590.856
63 5.90116 1123 539 577.777
138 5.7633 1228 468 473.553
180 5.10778 1302 527 617.702
132 5.13747 1131 522 527.218
120 5.84885 1575 523 761.269
164 4.20505 1365 525 610.908
160 5.98744 1441 545 760.682
122 6.35981 1156 401 335.235
107 4.9376 1326 583 763.256
118 4.06466 1396 451 456.879
126 6.62161 1270 525 637.417
158 4.41527 1548 506 651.968
140 6.63279 1225 508 575.89
106 3.8856 1495 503 601.21
118 6.1894 1128 511 527.72
139 5.63164 1372 541 702.982
117 4.17564 1369 418 387.672
125 3.84502 1466 339 267.015
168 4.37795 1330 611 814.919
129 5.06498 1251 487 505.745
150 3.25428 1400 515 561.597
104 4.75598 1390 523 637.695
81 3.30163 1184 502 453.147
162 4.64255 1353 525 621.568
116 4.94591 1343 503 575.69
108 4.30222 1336 571 711.621
196 4.05538 1489 551 726.93
175 2.80705 1199 553 531.022
143 4.53994 1231 520 551.57
149 6.07808 1247 378 317.825
110 5.09049 1408 585 822.407
116 4.08409 1298 527 580.787
175 2.96921 1219 526 496.675
116 4.6719 1332 498 551.503
139 4.47432 1397 497 569.619
149 4.57379 1133 546 560.784
129 4.38505 1277 482 487.137
129 3.81953 1208 476 433.002
123 3.79789 1208 404 311.43
97 3.79447 1321 473 466.712
169 4.72067 1203 540 587.232
183 4.01554 1185 516 506.003
196 5.70422 1303 484 536.054
147 4.65203 1367 540 664.751
156 5.51873 1257 448 439.44
131 5.74825 1114 509 507.831
136 5.33402 1468 374 354.63
124 4.06711 1156 497 459.519
166 3.1144 975 528 405.921
116 5.48887 1236 505 548.304
104 4.04409 1176 457 394.646
140 4.51828 1107 478 418.595
184 3.39121 1226 451 381.624
120 5.17199 1242 484 498.582
156 5.45929 1185 468 450.862
126 3.67783 1168 422 325.646
127 4.24856 1065 536 498.194
157 4.95847 1141 436 367.72
137 6.35824 1164 537 605.311
96 5.83062 1397 409 412.633
117 4.51925 1363 497 557.217
131 5.91236 1433 576 842.357
112 4.20996 1183 530 539.755
156 5.14239 1426 499 607.593
131 5.36599 1265 463 469.041
146 4.46931 1163 475 433.026
112 5.21776 1092 482 435.722
126 5.01564 1025 530 489.562
125 4.98062 1392 476 535.313
139 7.0036 1403 493 629.251
137 5.73175 1289 555 698.118
129 4.8628 1341 475 510.39
128 5.81704 1252 424 397.198
165 4.98645 1478 589 870.541
115 5.297 1435 442 483.327
106 6.44668 1207 392 335.582
159 6.18453 1462 551 795.098
118 5.34166 1250 460 456.97
133 6.3694 969 501 438.793
102 3.95707 1404 439 432.218
122 5.42657 1032 520 484.024
127 4.00794 1322 428 388.178
118 5.06208 1371 468 511.779
163 4.88588 1135 546 571.473
146 3.01926 1262 478 426.725
136 3.84899 1090 501 433.737
163 4.4724 1224 378 288.663
122 4.61687 1286 549 645.104
164 5.05373 1260 608 793.503
125 3.93775 1139 530 510.392
168 6.1197 1226 519 590.044
124 4.98569 1249 450 429.393
168 4.91405 1166 612 738.683
105 4.11827 1201 523 530.447
105 4.11231 1255 534 577.634
79 4.30822 1258 531 579.697
126 5.28391 1163 640 820.755
116 4.56354 1328 524 605.043
147 4.50934 1379 471 506.024
138 3.55688 1330 448 414.037
127 3.76158 1344 529 592.507
113 3.83692 1234 445 387.067
139 5.02773 1105 486 444.052
83 5.27021 1346 504 588.703
142 3.91149 1414 488 536.198
107 4.4803 1097 525 499.29
167 6.2696 1183 494 518.854
121 5.67333 1442 561 795.94
159 5.37095 1114 542 566.165
103 5.82146 1401 493 601.014
91 3.54737 1382 421 379.645
128 4.86553 1314 438 425.297
181 5.31635 1320 479 522.623
103 3.77387 1115 475 396.675
140 4.23747 1219 443 389.249
160 5.99756 1047 441 362.034
172 3.5794 1276 567 637.404
158 6.28116 1294 552 708.944
113 4.97016 1145 409 324.917
126 5.69984 1163 392 313.792
109 5.56912 1386 551 734.611
94 6.51502 1125 468 446.953
119 4.24641 1288 543 618.267
112 3.81131 1338 449 426.482
140 4.76134 1091 529 512.222
110 5.85677 1151 402 328.795
119 5.44219 1108 513 506.136
104 3.66318 1039 443 318.875
151 4.71604 1439 453 494.2
126 5.01088 1487 525 696.717
172 5.33716 1338 405 379.085
172 6.27125 1348 489 579.35
161 5.04967 1226 522 569.001
154 6.24469 1403 549 759.26
113 3.81482 1251 597 705.128
116 4.50427 1275 498 522.885
153 6.51966 1039 584 642.884
140 5.85885 823 462 310.542
118 6.51509 1383 535 718.039
135 4.90498 1052 614 670.506
165 4.42361 1425 500 586.308
119 4.82784 1291 447 434.33
154 3.68788 1353 387 317.488
163 4.03077 1239 559 621.548
103 3.07449 1437 499 532.347
138 4.41332 1372 535 645.9
168 5.68238 1069 425 338.779
127 6.63049 1142 475 469.346
98 6.33553 1119 442 393.892
112 5.87138 1264 461 475.131
187 4.78203 1164 438 375.068
121 4.47898 1170 511 504.454
115 4.21013 1232 482 464.911
214 4.96558 1181 455 414.659
132 5.51289 1257 567 703.712
170 5.27779 991 539 495.905
175 6.30838 1022 476 416.79
139 6.20142 1048 523 513.833
134 3.45302 1288 523 541.916
91 4.98475 1322 470 495.762
124 5.20628 1348 512 606.57
169 4.13868 1084 369 238.646
144 4.07041 1329 449 431.267
143 4.88869 1132 543 563.8
140 6.03872 1458 454 535.205
101 6.10114 1085 509 501.884
97 6.75544 1003 532 519.389
108 5.49715 1208 563 666.296
119 3.79133 1365 501 540.92
140 5.8166 1164 565 655.712
118 5.85527 1255 444 437.301
171 5.887 1303 525 635.639
133 6.00073 1188 595 747.88
126 5.55822 1293 579 756.371
120 4.26407 1189 449 390.675
163 6.26834 1262 570 736.875
162 6.86878 1238 451 462.546
146 5.01117 1378 645 974.545
154 3.15851 1198 501 450.893
127 5.20422 1063 544 539.931
187 3.57922 1186 509 477.433
149 5.09364 1193 439 392.473
134 4.33093 1195 538 566.07
143 4.82489 1241 619 800.503
138 5.31443 1282 556 683.82
131 3.35302 1373 456 435.506
155 3.62545 1386 466 469.334
175 3.59048 1407 497 540.48
141 5.68765 1137 494 486.939
128 5.17302 1234 504 537.183
159 5.05372 1330 500 566.451
121 5.31401 1141 542 578.335
141 4.19972 1602 470 574.428
139 5.19763 1419 496 598.982
84 4.31784 1128 426 334.747
157 4.17182 1109 488 427.931
104 5.91217 1283 427 414.461
158 3.71515 1288 448 405.85
146 5.3214 1235 452 435.503
126 3.56615 1336 513 545.744
136 4.26507 995 527 450.414
95 5.02747 1357 497 570.277
134 4.80963 1234 443 407.359
140 5.33726 1211 489 500.189
126 6.04273 1296 530 648.452
118 5.94855 1018 447 360.925
153 4.64652 1253 494 509.769
98 4.99343 1362 472 515.348
169 4.92961 1237 436 398.063
195 4.4939 1073 426 321.805
171 4.87177 1082 612 683.946
166 3.58114 1296 553 615.903
162 5.27692 1517 386 389.304
104 6.1 1041 540 541.947
85 5.6729 1407 500 616.901
172 5.53907 1549 431 501.663
103 5.71132 1370 437 459.611
96 5.30941 1111 479 439.73
121 3.18424 1429 493 522.019
162 5.68778 1171 570 667.682
116 4.15924 1284 502 523.869
162 4.52225 1232 392 313.382
97 5.08395 1156 375 277.364
114 4.73868 1301 470 481.569
171 5.179 1263 484 507.186
185 4.02427 1179 514 499.839
116 5.16886 1209 518 555.832
95 4.73622 1026 491 414.417
117 4.83908 1397 448 472.38
138 4.38107 1193 494 477.921
143 5.07907 1148 557 607.542
136 4.51419 1004 544 491.608
138 4.99519 1292 372 303.688
138 5.40802 1310 509 588.186
143 3.45759 1237 453 390.608
123 4.46184 1563 494 629.171
122 5.38754 1223 491 510.487
138 6.8768 1320 567 779.723
101 4.70329 1214 511 530.153
151 4.46116 1451 558 745.202
200 4.68173 1629 472 606.216
163 5.42281 1488 518 692.417
146 5.65298 1232 505 550.549
181 4.66442 1222 553 623.627
124 4.86348 1113 504 476.933
147 6.104 1224 484 511.988
143 5.48926 1453 533 718.039
113 3.78062 1286 487 481.156
156 6.25075 1263 476 513.934
123 4.98589 1365 526 641.174
170 5.2556 1347 501 581.74
77 5.73933 945 386 247.65
179 5.69055 1162 545 605.779
134 5.77934 1249 596 781.683
107 5.082 1168 482 462.94
144 4.8865 1441 465 526.258
141 4.40711 1224 537 580.326
96 5.16076 1302 593 784.161
139 5.1842 1094 515 497.525
122 6.56952 1130 418 358.85
139 4.29267 1480 500 604.109
129 5.56962 950 532 469.405
125 5.20264 1320 440 438.584
119 6.01694 1175 518 561.003
136 5.90357 1410 495 611.894
167 3.40303 1050 476 364.438
170 5.0192 1279 532 615.609
154 5.12435 1335 567 733.756
116 5.01506 1273 527 601.131
118 6.25949 1099 431 366.766
159 3.96706 1376 510 572.088
148 4.17836 1367 527 615.424
124 5.36421 1477 524 701.399
103 5.49511 1164 546 603.784
137 6.48569 1168 492 512.296
108 4.32846 1216 412 337.753
86 5.23513 1108 516 507.104
140 4.82556 1358 415 393.751
148 5.83551 1364 502 607.06
163 5.52307 1344 565 747.462
104 3.96093 1285 485 482.957
131 3.13683 1414 489 505.989
136 5.57193 1188 527 576.081
126 5.42314 1256 482 506.053
145 3.99032 1222 486 462.101
122 7.05371 1514 491 674.666
152 4.67169 1514 427 460.852
118 5.19158 1354 566 744.032
148 5.49353 1486 434 486.979
120 3.22649 1341 516 538.691
166 5.34665 1248 584 735.537
160 5.24152 1247 508 553.331
146 5.1101 1259 461 457.114
150 4.94051 1218 536 592.696
130 6.01781 1146 492 493.626
142 4.46813 1299 541 627.366
169 6.06799 1343 365 319.024
110 5.75617 1333 485 551.899
104 4.02717 1208 478 442.994
114 7.117 1068 474 444.466
119 5.94693 1622 496 708.01
107 4.13618 1387 475 505.902
157 5.25871 956 574 542.041
120 6.78002 1375 474 565.721
147 4.73995 1049 474 394.955
136 3.16212 1031 479 354.825
184 6.0801 1180 508 543.228
128 3.82358 1297 553 627.662
137 5.77054 1066 411 317.142
130 5.89394 1361 492 583.258
131 5.79261 1324 571 760.994
155 4.33685 1189 495 476.966
142 4.28748 1287 514 554.982
166 5.40622 1398 458 508.171
126 5.50962 1233 541 628.328
137 4.98006 1280 402 351.078
179 5.88135 1375 552 741.354
137 4.14515 1325 512 561.838
157 6.29354 1493 526 743.083
122 4.55944 1106 510 477.22
84 5.12374 1114 488 453.541
148 5.91298 1356 589 833.502
124 6.66429 1116 481 470.891
125 4.04938 1538 522 673.625
117 5.82081 1264 429 410.584
118 3.42433 1260 511 504.895
153 5.47954 1289 485 527.196
158 5.9723 1251 449 447.948
186 4.91528 1233 612 781.178
133 6.02888 1137 572 662.263
107 4.766 1235 543 611.081
140 4.55497 1148 448 382.129
126 5.59647 1209 578 705.996
168 4.00238 1316 506 539.891
132 3.67592 1314 469 452.436
127 3.47151 1242 484 448.208
160 3.89865 1402 461 474.02
149 5.59631 1150 681 932.2
117 4.42267 996 502 413.06
142 6.05722 1299 399 368.578
137 4.60404 1338 508 574.265
169 5.26855 1135 389 295.699
153 5.66409 1102 497 477.209
64 4.79034 983 563 523.569
124 6.64567 1008 512 481.59
119 4.88149 1194 504 512.13
174 5.42782 1200 474 467.674
106 6.35087 1627 551 890.526
118 5.42523 1072 494 453.735
166 4.21927 1416 497 568.451
126 3.97151 1354 613 813.535
142 5.09581 1370 475 527.71
114 6.0146 1180 586 720.947
118 5.78683 1093 437 367.873
131 5.7703 1087 500 478.606
143 6.61348 1116 447 405.932
158 4.83753 1368 569 746.128
157 5.58842 1268 427 403.961
122 5.3509 1403 507 623.339
99 4.75751 1256 506 539.414
123 4.4832 1018 460 355.767
157 5.21737 889 477 347.395
141 4.85434 1237 426 378.512
144 5.4074 1387 390 365.596
118 2.65831 1061 525 416.609
151 7.23144 1176 487 518.558
122 5.36097 1166 566 645.933
94 4.71985 1389 389 351.834
117 5.08806 1375 470 518.344
115 3.35567 1108 565 539.67
186 4.48476 1358 480 516.801
121 6.04217 1311 558 727.08
177 4.99898 1449 507 632.772
126 4.55482 1115 523 505.809
192 6.36002 1201 521 587.929
105 4.07122 1326 529 597.319
124 5.20662 1321 566 726.43
172 3.57278 1046 524 446.033
145 4.61795 1235 511 536.759
199 6.46876 1468 572 869.748
129 4.46265 1225 511 527.661
85 6.4127 1433 448 519.721
117 4.15834 1205 528 543.851
173 5.27032 1334 505 585.775
121 5.68403 1106 489 464.05
135 2.9466 1113 444 322.387
157 6.08412 1225 479 501.476
136 5.19718 1476 462 540.541
132 4.49585 1177 496 478.59
148 5.15114 1096 469 412.701
176 7.13035 1429 529 741.046
136 5.74096 1224 541 630.141
96 3.28742 1093 639 676.965
134 4.81601 1236 529 582.014
83 5.07579 1510 431 478.392
157 4.19888 1237 553 614.008
178 3.56648 1180 511 478.28
152 6.11127 1354 429 445.089
145 6.89391 976 565 572.799
137 5.15249 1068 413 311.874
136 4.79695 1340 420 397.34
122 4.83665 1158 436 370.821
112 3.97284 1206 501 484.059
121 3.40554 1241 537 548.317
118 6.36941 1110 480 461.388
155 4.67411 1033 497 426.041
158 5.38835 1073 463 398.266
145 3.97241 1373 498 544.493
103 4.20449 1127 416 316.68
138 2.85155 1293 471 417.376
135 4.08066 887 602 517.773
111 6.17608 1350 498 599.54
165 5.5612 1109 402 312.767
138 4.34786 1286 613 791.679
119 5.2268 1020 675 798.529
159 3.08782 1493 484 520.997
141 5.50978 1387 556 746.549
121 4.63436 1044 533 494.114
97 5.29777 1145 622 763.742
103 3.29315 1387 503 532.566
197 4.7969 1382 469 510.989
166 4.40343 1418 571 759.968
109 5.36236 1339 571 754.983
129 4.55989 1451 476 545.401
133 4.85291 1343 396 355.079
147 4.27002 1250 533 578.984
135 4.00953 1235 470 437.342
180 4.77374 1006 436 321.059
165 5.39359 1066 579 618.916
107 4.92428 1064 450 364.632
110 5.07716 1299 511 578.54
73 4.63561 1338 579 747.337
130 5.57001 1143 609 740.098
142 5.20604 1273 482 507.654
126 3.19433 1152 512 454.308
167 6.07962 1280 476 517.355
148 5.1936 1197 461 436.394
138 7.45495 1199 481 519.42
174 5.69967 1135 610 741.554
118 6.2782 1389 521 677.841
146 5.39205 1167 469 444.532
129 4.95333 1084 463 393.853
125 4.68399 1496 508 644.964
119 3.15035 1335 502 504.086
111 5.14443 1195 504 519.475
118 4.55589 1321 484 513.249
125 5.63723 1012 606 650.771
166 4.61089 1422 458 496.281
117 6.36858 1291 463 499.269
105 5.53026 1342 481 541.099
122 4.62721 1053 488 417.605
144 6.10685 948 581 571.476
145 5.49957 1056 537 529.961
128 5.89191 1188 540 613.254
141 3.80787 1317 559 650.51
108 3.91444 1367 608 804.825
172 5.19328 1308 584 765.261
135 6.37951 1317 505 606.17
86 4.46199 1283 517 565.676
138 5.90822 1110 457 410.663
148 6.47261 1306 535 676.999
162 4.52678 1425 597 840.947
120 7.13875 1109 612 769.938
178 5.07173 1170 489 477.054
158 6.69526 1227 485 526.955
99 4.85119 943 611 593.489
141 3.57187 1386 388 324.018
106 4.99441 1392 436 449.442
142 5.22792 1268 511 568.941
118 4.04833 1198 424 346.162
130 4.20463 1119 537 523.952
162 6.7073 1185 483 504.944
147 5.5861 1281 479 513.5
100 4.98625 953 443 317.527
171 4.08209 1347 471 481.364
128 3.75862 1203 359 244.198
134 7.39411 1045 609 724.325
111 3.19268 1163 480 403.046
130 4.22304 1165 480 436.344
178 2.82162 1242 561 566.976
127 6.25722 1063 454 393.589
113 6.55937 1383 477 571.717
189 4.73585 1288 462 460.594
163 6.21073 1220 423 391.431
140 5.06051 1157 529 551.777
115 4.55601 1253 477 472.852
152 3.94052 1153 525 507.06
117 6.44599 1460 563 837.294
127 3.39289 1380 449 425.819
137 3.7896 1422 547 671.653
132 6.78142 1330 604 888.567
147 4.61251 1315 534 623.943
138 6.18761 1118 499 498.73
152 4.85292 1424 623 931.847
132 3.74918 1283 442 394.51
142 5.41623 1405 597 868.157
145 6.51814 1250 466 492.435
110 5.08188 1200 508 528.316
148 4.76626 1449 492 588.622
143 5.12402 1526 549 786.315
118 4.80733 1324 504 565.653
142 5.11611 1454 494 606.38
149 6.77558 1205 557 684.499
121 4.82799 1437 504 614.61
116 5.83612 1212 503 541.576
123 6.39287 1126 380 293.596
112 4.82563 1269 498 529.843
75 5.67351 1308 420 404.668
113 5.17504 1303 514 590.01
144 5.64387 1412 475 558.022
104 4.78805 1261 502 533.916
172 4.56225 1346 499 556.083
97 6.20204 1447 513 682.607
176 4.69056 1047 464 376.719
102 3.89329 1087 462 368.975
157 3.88047 1555 483 576.391
115 4.87189 1085 485 430.733
158 5.24959 926 521 432.361
103 4.27223 1280 537 601.895
161 5.14062 1162 467 433.604
159 4.15323 1504 535 696.687
161 5.916 1259 430 412.509
132 3.41086 1178 516 480.782
163 9.39418 1090 524 590.453
86 4.02276 1320 426 384.361
147 6.12097 1244 470 491.017
132 6.88484 1264 481 537.474
85 4.26882 1252 516 543.467
125 4.5789 1186 479 451.921
118 4.20658 1391 548 678.352
141 6.38337 1432 503 653.986
184 4.28505 1358 575 732.73
127 4.39743 1464 583 817.652
85 5.23305 1161 497 492.9
125 3.43212 1340 471 456.472
94 5.02172 1450 479 565.856
102 6.33431 1385 554 765.864
181 4.09673 1536 436 470.811
130 4.26975 1344 535 627.194
176 5.69215 1210 521 576.509
125 5.14898 1374 519 633.512
145 4.09243 1173 567 607.889
132 4.91959 923 474 350.865
165 5.78513 1384 545 724.456
123 6.31793 991 556 551.613
132 5.51853 1385 516 642.323
139 5.81065 1362 476 544.434
160 4.0342 1068 510 446.058
115 4.66797 1094 485 429.527
185 2.84235 1204 477 398.227
132 4.29513 1051 515 455.194
156 3.87721 1615 505 654.256
121 4.49544 1287 492 514.899
135 3.90542 1425 527 629.925
145 5.33517 1530 490 634.473
151 3.86755 1302 492 500.308
178 5.90179 1450 538 743.271
129 6.44445 1435 474 583.3
146 5.23959 1367 575 777.061
113 6.24585 1197 542 631.394
134 4.29512 1460 500 596.036
175 4.02413 1429 482 532.737
133 4.48335 1091 528 502.34
158 5.25424 1417 426 442.432
118 4.79298 1351 456 472.118
141 5.55798 1212 452 432.07
149 4.18019 1314 511 556.253
97 7.39529 1444 486 637.439
158 4.36061 1264 517 553.926
134 5.85247 1055 464 401.429
106 5.09942 1265 557 670.142
143 6.90992 1454 540 779.912
129 5.70505 1480 431 482.842
100 2.88418 1280 479 428.786
126 4.77884 1269 425 384.923
151 5.03557 1337 476 515.605
84 3.99079 1461 560 733.556
137 5.02807 1328 483 527.107
155 4.97264 1077 497 451.341
170 3.02327 1204 595 631.047
140 6.19601 1191 592 748.032
134 5.30166 1341 526 639.796
131 5.7499 1012 581 601.121
113 6.09543 1097 540 570.996
143 5.41709 1229 437 406.916
128 3.81829 1362 497 532.182
164 2.64204 1163 380 238.796
147 4.47543 1339 505 563.725
125 4.99473 1426 543 714.147
192 5.83915 1067 490 452.515
174 7.07917 1168 456 449.304
139 5.48506 1101 559 598.351
146 5.49114 1376 526 662.3
87 5.03839 1248 389 321.475
198 4.61567 1267 530 592.302
111 4.5353 1305 411 365.185
100 4.1252 1328 467 467.869
126 3.25826 1285 452 397.205
144 5.39838 1277 540 645.049
149 3.08398 1410 448 421.408
109 5.86389 1199 513 557.933
134 4.06785 1437 491 557.538
163 3.98258 1214 528 541.566
117 6.01278 1348 524 658.486
133 5.52389 1325 521 626.615
100 4.61412 1408 516 623.848
147 5.25522 1291 539 645.329
129 3.4021 1304 563 633.114
120 5.21992 1158 489 475.625
166 3.00447 1277 426 342.465
142 5.32294 1092 427 343.682
95 4.24907 1166 540 553.629
97 2.43844 1243 514 455.522
115 4.06277 1084 431 323.96
110 4.46517 1259 483 484.575
118 3.12248 1211 524 496.939
166 5.08605 1209 549 621.795
148 6.07497 1284 475 516.697
184 4.01229 1048 487 398.528
181 2.84639 1234 508 463.121
124 6.04388 1205 608 793.478
81 5.45068 1136 523 539.565
170 3.75035 1221 487 455.825
130 3.81913 1209 459 402.947
121 5.02202 1246 562 669.366
132 5.9591 1399 504 630.843
86 4.50711 1233 452 416.628
96 4.31513 1213 495 485.945
159 5.2971 1389 566 767.153
119 5.35078 1168 584 688.521
181 4.2894 1058 459 363.862
156 4.36131 1611 531 744.778
169 4.33949 1285 496 517.644
121 4.68284 1320 466 478.845
162 6.22975 1031 447 369.666
139 4.99256 1319 566 717.626
174 5.72935 1419 463 534.797
148 4.40812 1295 446 423.553
110 5.6993 1436 433 472.727
137 5.62201 1371 491 578.378
95 5.99375 1360 465 522.761
135 5.39015 1234 420 376.931
131 4.07422 1390 541 655.009
138 5.45891 1315 558 711.247
133 6.12297 1398 333 277.02
124 4.88109 1134 574 630.873
131 4.64997 1520 420 447.09
152 3.63808 1330 478 474.324
128 4.15853 1163 403 305.788
114 3.99154 1603 534 731.889
120 5.66235 1232 488 514.318
148 5.28785 1265 548 654.647
125 5.75637 1208 481 491.934
189 6.74897 1244 457 475.251
78 4.85017 1253 516 562.4
109 5.29522 1152 577 661.168
158 5.40077 1294 527 622.612
187 4.22509 1557 517 676.623
175 4.89414 974 529 460.547
152 6.8407 1163 499 531.423
166 5.89443 1281 446 451.129
130 4.75412 1073 602 652.145
130 4.50728 1218 546 600.545
158 7.05167 1254 541 678.364
153 3.81199 1229 444 383.082
148 6.58794 1336 501 609.895
206 6.71295 1180 450 436.541
156 5.02093 1374 415 402.469
114 3.65989 1390 420 383.356
155 5.75736 1143 577 669.832
110 3.90115 1249 555 612.169
162 5.61299 1462 419 448.966
91 5.65262 1294 490 544.405
138 4.42927 1151 548 569.055
72 4.86608 1237 461 443.54
88 5.65 945 406 272.917
140 4.74748 1280 444 423.029
152 5.19477 1510 546 772.271
107 3.88737 958 513 400.778
101 4.42795 1368 524 618.347
136 6.629 1172 469 469.559
139 5.45058 1070 400 297.279
156 6.09702 1482 480 609.533
109 5.12545 1300 557 689.575
128 5.82452 1172 540 603.287
162 4.60039 1421 506 604.97
95 6.04494 979 526 482.518
161 6.38633 1296 495 573.262
106 4.9722 1390 577 785.114
81 3.37112 1184 504 459.486
128 5.49561 1075 515 496.108
159 5.46469 1252 525 599.603
115 6.16775 1226 567 705.57
113 4.58862 1068 547 530.999
177 7.34225 1231 500 574.209
160 4.85341 1203 555 624.772
161 3.67571 1092 637 693.602
142 5.3871 1556 442 526.308
147 3.41085 1242 555 586.423
130 4.07659 1264 496 500.745
133 4.40742 993 554 501.094
89 4.4067 1293 498 527.216
144 3.80713 1288 500 508.952
172 4.53544 1216 639 822.542
171 4.27395 1068 556 538.43
148 2.72335 1013 470 321.136
121 3.93346 1332 491 512.114
106 4.59433 1172 542 572.289
161 4.53961 1020 624 658.107
146 4.93283 1175 482 462.182
146 6.49068 1116 595 716.021
136 6.02185 1263 472 500.774
156 3.56566 1222 540 553.082
128 6.39687 1436 470 572.875
127 4.66374 1308 451 443.964
114 4.39355 1235 519 546.5
112 4.98944 1167 441 385.389
151 3.91622 930 378 211.664
103 5.44554 1388 535 689.695
190 5.07321 1221 602 754.58
157 5.00341 1133 466 418.084
108 5.99196 1458 472 577.388
154 4.90818 1185 443 393.232
161 5.65869 1186 388 312.939
151 6.29056 1270 564 726.638
117 3.84969 1071 472 378.285
81 6.75907 1435 520 710.04
141 5.4416 1305 478 517.544
96 5.45334 1173 436 387.246
119 5.17647 1078 559 577.38
166 4.38024 1296 454 438.487
126 6.11698 1360 553 743.021
203 5.58589 970 627 666.228
117 3.31719 1534 393 360.308
149 4.38019 1294 429 390.92
130 5.42011 1369 459 500.127
135 4.98766 966 604 598.36
122 7.32858 1496 491 672.633
82 5.18771 1305 494 546.163
120 3.19726 1167 527 487.713
191 5.45105 1172 480 468.9
137 5.3609 1299 446 446.821
105 5.17067 1342 503 581.814
128 5.61162 1508 498 654.141
191 5.18188 1584 564 863.869
116 3.26755 1353 543 604.069
100 4.92913 1203 490 488.94
144 4.44749 1393 583 780.325
213 5.46388 1307 567 730.074
178 4.73133 1322 453 454.4
131 3.7264 1155 399 288.924
125 4.43173 1206 528 553.6
156 3.09239 1385 441 401.42
143 4.74478 1342 477 511.822
127 5.35502 1243 541 628.928
151 4.9278 1308 459 466.446
113 3.52701 902 561 439.275
149 6.96077 1547 444 561.954
119 5.27076 1354 524 640.151
142 3.11677 1228 494 447.628
185 3.66285 1187 604 677.191
50 4.81917 1349 477 516.566
147 4.80159 1114 440 362.625
166 6.02252 1138 498 502.304
93 5.53679 1077 400 300.398
131 5.21389 1183 388 305.815
99 4.29362 1162 459 399.734
100 4.73501 1191 522 543.689
125 5.46662 1216 455 437.457
153 4.18539 1420 472 513.041
170 4.51204 1392 439 443.815
152 5.05215 1147 561 614.929
168 5.65924 1386 603 883.324
121 6.80977 1345 455 510.433
123 6.05854 1293 464 496.171
135 5.29064 1201 525 570.525
127 3.66058 1176 474 413.119
148 4.26155 1454 491 571.215
146 5.54137 1327 543 682.216
90 4.79951 1330 433 419.224
144 4.92231 1112 544 556.86
136 5.32268 1268 485 514.845
127 5.4288 1277 471 491.426
140 3.8493 1437 511 594.884
118 5.63012 1225 497 529.682
106 5.88787 1297 341 266.939
125 5.03494 1216 550 626.062
130 3.99213 1220 510 508.097
151 3.68375 1244 546 580.869
191 5.02387 1143 433 364.532
154 4.03181 1368 481 508.144
162 5.42526 1579 436 520.606
158 5.4257 1165 528 563.322
124 5.74946 1347 476 537.034
161 6.69289 1194 476 493.886
110 5.66996 1137 445 394.826
150 5.84467 1056 523 510.323
128 5.58817 1170 526 565.61
159 6.23186 1325 516 633.122
118 5.36541 1331 468 504.215
134 4.19897 1161 488 448.775
124 4.78625 1292 557 673.412
114 6.98609 1111 431 380.614
152 4.84896 1497 495 618.3
120 5.63279 1270 598 795.104
143 5.29227 1180 581 686.565
131 5.74594 1096 489 461.087
118 5.03133 886 441 293.217
167 3.80944 1078 442 332.933
92 5.47616 1362 471 525.276
140 4.07395 1202 505 493.534
129 4.45785 1189 478 448.014
171 7.16897 1413 571 854.802
138 4.64651 1105 456 383.054
128 5.30031 1133 478 446.374
98 5.99162 1161 467 450.077
135 4.30261 1106 533 513.322
150 5.9079 1285 419 399.628
131 3.82449 1172 510 482.427
118 6.25014 1564 507 721.992
82 4.92711 1201 460 430.141
122 4.06495 1318 540 618.406
111 4.71214 1217 410 342.303
154 6.21738 1012 520 490.811
145 5.17158 994 467 371.48
167 5.10887 1305 516 593.582
177 3.01379 1316 473 435.491
157 4.68844 1427 517 637.366
114 2.44614 1242 495 422.544
152 5.91649 1106 588 677.625
124 3.37014 1150 480 404.766
177 6.17784 1194 468 468.33
96 6.66276 1050 446 380.892
112 5.5786 1608 479 644.365
133 6.94648 1362 519 675.688
133 4.60208 1366 489 543.186
86 4.05759 1137 558 569.361
95 5.34732 1379 507 612.573
122 4.01384 1488 377 339.134
102 5.51719 1011 538 509.675
109 4.84156 1565 352 326.735
157 5.52698 1375 530 673.014
117 6.33282 1110 533 568.113
144 4.55024 1336 489 529.685
121 5.80248 1100 498 481.122
90 4.64454 1089 504 461.115
159 3.59608 1063 581 558.274
114 5.17325 1202 437 393.385
178 5.78566 1299 488 545.182
136 3.53247 1255 532 549.87
159 6.00249 1156 528 573.111
158 6.41442 1239 545 665.059
108 4.36709 1407 454 475.664
117 5.44492 1289 444 441.13
155 6.37759 1224 550 668.192
131 5.64889 1350 466 513.607
146 3.1628 1144 583 583.278
116 3.85131 1344 449 429.623
130 3.47835 1196 448 369.994
120 5.36886 1072 412 314.779
195 3.9879 1299 521 564.425
114 3.38907 1078 477 375.292
188 4.91735 1607 493 660.756
136 6.36011 1387 477 569.142
152 6.13428 1189 440 411.526
115 5.49185 1601 557 864.133
149 4.12223 1444 461 495.652
149 4.47547 1262 506 533.415
146 4.91663 1190 471 446.585
129 5.03536 1216 482 480.834
141 5.88851 1090 540 562.586
116 3.74381 1263 497 490.83
119 6.13243 1566 522 762.8
144 8.11445 1159 489 529.134
107 5.29824 1286 512 581.234
128 4.69955 1403 547 701.913
82 4.38889 1395 488 545.608
191 4.02999 1410 505 577.244
174 4.95607 1250 491 510.832
142 4.57358 1408 519 629.669
120 6.08965 1217 376 307.047
148 2.76424 1036 547 446.86
132 5.18016 1257 483 502.721
128 4.4512 1043 438 329.849
152 5.13813 1259 444 424.612
198 3.32516 1049 583 542.592
163 6.87591 1153 481 490.125
143 5.42425 1402 494 593.384
125 4.83543 1760 494 723.471
150 4.66785 1332 446 442.243
110 5.49673 1214 548 634.388
144 4.92925 1067 339 207.57
184 5.95326 1131 540 585.314
102 5.50657 1063 530 519.821
160 5.1038 1473 607 926.917
115 4.11533 1156 455 386.361
124 5.76733 1192 485 493.757
72 4.6407 1226 577 680.251
115 4.81946 1376 501 581.269
144 5.1661 1002 529 480.372
138 5.55802 1164 545 603.284
125 2.70999 1487 448 427.665
129 4.18342 1280 487 492.258
133 7.02934 1210 466 485.293
147 4.89428 1354 458 479.906
204 5.58131 984 460 363.696
152 5.55206 1402 566 783.502
116 3.64877 1196 495 457.787
58 4.67276 1347 491 542.171
165 6.37175 1158 459 440.182
END
