Delay, Zoom, Max Iter, Resolution, Estimated cost
0 5.51044 1366 532 673.161
0 5.0081 1316 599 802.555
0 6.36379 1186 453 438.985
0 3.75331 805 616 480.924
0 6.50198 1311 600 855.685
0 3.51832 1504 403 377.713
0 7.44001 1102 405 338.297
0 4.71074 1204 455 417.031
0 6.34204 1431 558 803.005
0 5.70084 847 438 285.326
0 6.85251 1492 414 469.469
0 2.90961 981 447 286.93
0 6.85954 1198 466 477.717
0 5.04763 1374 470 516.915
0 5.33614 1493 520 697.294
0 2.79451 1141 417 286.958
0 5.06704 1318 480 517.678
0 6.67395 1245 415 391.184
0 5.08629 1343 539 665.786
0 7.40215 1201 547 671.754
0 5.03395 1270 650 913.202
0 6.29731 1220 503 555.347
0 4.81836 1276 334 239.553
0 5.08646 1537 449 528.751
0 4.94384 1572 446 529.727
0 5.35401 1336 395 360.342
0 5.44805 1331 533 656.512
0 7.43359 1394 426 473.371
0 5.49415 1531 453 546.633
0 4.51183 1283 536 609.796
0 5.70066 1428 469 551.544
0 6.21744 1235 452 452.556
0 5.44846 983 439 328.928
0 4.12885 860 464 299.178
0 5.71057 1335 474 526.903
0 7.7823 1447 589 949.326
0 5.8374 1188 440 406.225
0 3.46588 1221 428 344.406
0 7.11715 1085 647 841.3
0 5.8144 1645 504 737.31
0 6.84369 1172 507 552.902
0 6.03488 1430 436 484.052
0 5.41945 907 572 514.561
0 8.03459 1424 429 499.242
0 5.21006 1420 514 644.088
0 6.0988 1415 507 649.337
0 8.08929 989 601 681.559
0 6.16084 1653 642 1219.29
0 4.14397 1368 645 920.508
0 5.02758 1147 450 395.17
0 5.51062 1102 575 634.404
0 2.73976 1063 528 426.062
0 6.38769 1582 398 452.41
0 7.60879 899 415 291.285
0 3.65711 1451 503 573.853
0 6.58138 1409 535 733.311
0 4.25287 1168 635 767.055
0 3.46523 1292 507 511.356
0 3.06656 910 541 395.954
0 4.85755 1017 546 511.295
0 7.0681 1501 397 437.492
0 5.11744 1375 663 1032.96
0 6.4087 1234 417 387.695
0 3.09722 1105 549 496.565
0 5.33216 1113 500 480.511
0 2.82896 1570 507 585.829
0 4.98962 1417 458 504.726
0 3.84768 1113 523 482.594
0 4.66581 1052 481 406.203
0 2.57089 879 446 246.549
0 4.6185 1150 648 803.77
0 4.27271 1205 630 779.907
0 6.03884 1321 642 969.674
0 5.60884 1469 489 614.324
0 6.10102 1351 531 680.112
0 3.72151 1288 557 627.661
0 6.229 1327 271 174.877
0 4.53525 1418 454 484.179
0 6.03584 1437 480 589.575
0 4.23514 1059 578 575.578
0 2.70908 1626 378 332.887
0 5.614 1085 553 580.413
0 7.81008 956 399 288.055
0 4.43338 1711 306 263.825
0 6.66938 1146 459 440.408
0 5.50994 1512 395 410.754
0 6.45055 1125 337 231.203
0 5.71918 1261 436 421.252
0 6.32941 1272 427 417.777
0 7.74314 1162 343 258.23
0 4.92694 1605 622 1051
0 6.63169 1525 589 963.738
0 5.65228 892 462 333.609
0 3.82448 1026 590 565.217
0 6.83265 1141 612 784.02
0 5.50739 1256 633 876.158
0 4.06194 878 553 431.945
0 4.03425 1180 298 168.266
0 3.59362 1176 693 878.523
0 3.63052 1401 499 544.196
0 5.16489 1001 300 154.33
0 2.91048 1299 440 368.167
0 3.57207 1424 521 600.253
0 5.04673 1051 519 482.119
0 1.9672 1675 456 450.638
0 7.13973 1216 444 444.36
0 5.64565 1175 359 265.271
0 5.91647 983 498 432.007
0 6.43635 1160 528 584.895
0 4.61516 1240 554 633.349
0 6.21719 1525 606 1004.48
0 7.56048 1021 534 546.929
0 3.27224 1462 655 950.163
0 6.02592 1261 567 721.617
0 6.50279 942 435 323.185
0 0.904481 1095 411 184.968
0 6.15698 1135 428 372.034
0 9.04352 1095 553 655.101
0 5.27323 1124 470 427.577
0 4.96423 1255 528 593.334
0 4.65582 1083 504 458.865
0 3.75244 1662 441 508.861
0 4.73847 976 581 552.055
0 6.18392 1062 501 477.485
0 5.88608 1508 487 632.98
0 4.90624 854 306 135.201
0 2.48383 1155 476 365.097
0 7.38407 938 380 253.055
0 4.99047 1447 391 375.661
0 4.92811 970 463 351.972
0 4.43452 1370 382 329.231
0 4.37099 1455 360 309.361
0 5.45066 1194 364 274.707
0 3.9288 1584 448 506.839
0 5.81589 1559 626 1078.07
0 6.1896 1196 559 669.593
0 3.88135 1110 528 491.711
0 6.99845 1399 545 766.668
0 5.09978 1549 477 601.814
0 4.40142 1065 434 329.703
0 6.34438 1348 559 759.21
0 2.48648 1597 540 649.903
0 4.76105 1269 432 397.323
0 5.08051 961 363 216.019
0 5.2315 1353 454 479.282
0 6.31957 1137 463 438.895
0 7.9469 1532 356 368.941
0 6.22027 1293 512 608.016
0 2.14145 1189 387 236.966
0 3.57887 1275 604 722.71
0 3.45894 1129 470 383.806
0 6.64594 1275 427 423.689
0 3.62926 1052 579 550.107
0 7.4986 1020 379 274.711
0 5.51188 1096 566 611.388
0 5.95237 952 534 481.772
0 2.65018 875 478 284.546
0 6.51182 1142 491 499.339
0 5.89323 1641 401 467.151
0 6.59349 1134 537 594.87
0 6.0539 1055 327 201.032
0 4.73036 1379 445 457.374
0 3.04572 1458 452 441.955
0 3.50611 1359 448 421.362
0 6.89897 1299 626 936.028
0 5.24966 1064 484 428.74
0 4.25731 1461 420 419.862
0 6.18492 1081 613 727.651
0 4.85217 1102 553 568.163
0 5.97546 1385 531 693.702
0 6.32357 1292 450 471.186
0 5.58796 1372 585 820.392
0 5.68829 1214 322 220.904
0 5.06913 1208 436 391.514
0 6.26502 1329 410 401.441
0 6.9569 1281 440 456.922
0 4.41994 1539 505 645.799
0 4.38651 885 506 372.091
0 5.3993 850 490 353.544
0 6.85285 1226 648 945.111
0 4.89273 949 620 616.341
0 2.18982 1476 402 319.724
0 4.75428 1427 401 384.829
0 4.61372 1226 419 358.167
0 3.75281 1465 476 522.582
0 5.81717 1310 550 699.311
0 4.55893 1062 524 483.724
0 5.80858 994 531 494.414
0 7.44337 1604 482 697.511
0 4.193 1145 580 624.961
0 3.13787 1433 549 646.408
0 4.1455 1593 552 785.161
0 5.48039 1296 453 462.438
0 4.78451 890 635 602.844
0 5.23879 1237 388 320.16
0 4.89096 1364 515 611.167
0 5.47017 1087 512 495.244
0 3.67267 1182 536 531.443
0 3.33544 1303 502 500.144
0 6.33841 1385 530 701.054
138 7.61849 1318 405 406.832
177 3.99974 1454 549 702.07
127 4.88438 1351 505 581.86
135 6.64366 1190 513 570.725
129 6.71534 1149 562 663.052
135 5.53448 1166 743 1122
193 4.57047 1111 435 348.972
174 3.48904 1206 475 419.776
107 4.20192 1512 622 949.666
85 5.20728 1233 600 761.969
32 6.27984 1479 548 798.558
165 3.94593 1524 508 627.749
108 1.74797 1150 523 390.849
84 4.06056 1632 598 938.786
133 4.76914 1115 532 529.668
160 6.68864 1130 472 459.521
177 4.58494 1608 420 471.239
120 3.7789 1193 537 542.652
75 5.71111 1271 535 639.081
240 5.84659 817 458 302.807
85 4.50058 1213 451 407.903
109 4.29807 1424 511 607.31
161 4.73089 1469 616 933.648
161 5.28064 1662 600 1030.72
127 3.75392 788 549 373.946
121 6.01094 1047 432 347.597
112 6.78832 850 574 512.994
165 4.17626 1251 382 295.876
164 6.42237 1215 436 417.517
88 5.77239 1293 475 513.846
160 5.54257 1074 552 570.633
122 5.6025 897 480 361.336
110 5.53785 997 655 745.693
114 6.26607 1271 503 577.868
161 3.79074 1167 439 355.064
162 4.85116 1120 473 422.433
93 5.51395 1052 486 432.715
105 4.20282 1095 504 451.584
136 5.80114 1665 506 751.786
144 5.31435 1333 408 382.871
209 5.70551 1083 652 808.576
157 6.96143 1630 476 680.543
188 5.13076 1479 667 1125.28
169 5.81946 1085 501 480.641
202 3.34978 1328 534 577.504
104 3.64592 1345 415 361.781
101 4.92769 1112 562 594.488
137 2.71675 1242 639 727.257
155 5.23798 881 565 483.493
127 3.79045 1311 385 306.776
206 3.70798 1352 392 325.994
204 4.74999 1200 480 463.572
93 5.08925 1078 561 579.015
169 2.92233 996 530 410.076
134 5.69039 1602 440 544.352
93 5.97635 1354 512 630.533
101 6.36953 1443 424 468.016
162 3.31255 1595 502 611.024
136 4.87275 1281 544 639.825
167 7.00822 1378 464 547.551
122 6.98254 1224 602 817.972
118 6.74635 1656 414 519.148
93 5.28325 892 600 553.258
220 4.60143 1376 464 492.627
138 3.57008 1171 421 322.257
132 4.30371 1349 543 649.863
240 5.11093 1391 464 511.656
118 5.85628 1344 371 326.991
34 3.30186 814 413 210.869
114 2.84953 1299 496 464.909
155 3.85255 1202 495 467.035
74 4.59768 1276 678 975.173
160 4.9552 1039 431 327.156
160 6.31459 1096 595 698.554
116 5.55621 1266 435 417.977
150 4.63404 1306 408 362.183
98 3.32786 1233 470 414.592
151 5.49737 1688 685 1378.29
192 2.13022 1478 383 288.011
167 4.37962 863 537 408.492
170 4.92995 900 704 755.1
118 3.62056 897 484 327.542
124 6.7363 1489 511 710.907
142 5.08676 989 415 290.659
112 5.39181 1128 656 840.617
118 6.83603 683 508 323.398
130 4.23167 1179 438 367.891
70 5.5402 983 624 667.346
188 4.18748 1057 451 348.711
170 4.47098 1069 403 286.535
128 3.84948 907 674 653.231
93 4.36801 1248 568 660.435
145 3.4728 1291 494 485.392
192 5.00712 1393 574 780.043
109 5.00779 1421 581 815.277
184 2.77514 1235 390 271.112
125 7.07557 1407 485 612.2
149 3.1813 1406 446 420.242
203 4.86657 1191 475 453.389
162 5.21279 1194 400 328.029
117 6.5941 1206 527 609.31
117 5.45992 1550 584 918.34
164 3.35748 1462 511 582.569
88 6.82597 1072 575 650.083
129 5.06505 1415 550 729.626
182 4.35491 1258 445 408.295
85 6.09725 1220 515 577.624
120 5.30533 1991 451 698.459
121 5.39508 1021 620 679.761
103 4.11787 1696 607 1008.99
102 6.13172 859 356 194.607
146 7.44196 1866 421 619.026
29 3.60867 1367 509 551.556
204 7.73624 1344 510 660.182
89 3.95081 1374 649 924.05
139 3.87863 1432 494 555.179
143 3.91668 1075 485 402.796
212 6.56304 1358 550 746.458
158 5.90598 801 396 222.491
161 7.13515 1230 563 722.59
70 4.30177 1310 637 868.377
173 4.55656 1052 333 193.489
163 4.89597 854 452 294.836
142 6.36481 1161 568 675.638
167 3.45335 1047 463 345.249
164 5.18102 1588 473 609.1
133 6.21325 1260 605 827.063
112 3.19828 1363 452 419.069
137 2.74838 1264 704 901.522
177 4.86924 1120 481 437.262
126 6.30668 1317 432 442.362
133 6.60424 1521 573 908.798
136 4.3091 1143 559 583.747
122 3.29925 1617 388 369.627
166 5.2546 1200 403 335.317
164 4.26123 1184 562 609.38
147 5.87376 1460 445 511.423
171 6.62365 1066 438 372.425
162 6.94783 1465 567 867.477
115 4.81084 1325 496 548.356
95 4.30344 1363 437 425.267
153 2.50137 1073 615 567.43
121 5.97438 1405 582 845.351
102 5.92037 1014 508 463.783
220 4.70888 1420 401 381.99
157 5.44173 1538 443 523.899
70 5.88415 1363 410 405.47
104 5.93699 1508 351 329.506
114 2.57565 1084 477 347.983
81 4.74102 1242 645 865.928
183 3.73728 1165 506 469.065
163 5.67808 1319 496 569.23
118 7.00394 1289 557 737.973
125 4.88427 1264 509 553.045
154 3.57004 1193 718 954.925
138 3.38592 1639 314 247.194
154 3.01312 1408 501 522.698
113 6.08771 1286 446 456.474
69 4.53375 849 390 213.903
104 7.19987 977 658 785.659
141 3.65068 702 613 412.138
88 4.89756 1344 559 709.749
141 5.8951 1249 511 577.428
128 5.22155 1240 454 439.042
69 5.46387 1048 477 414.308
131 5.28465 1204 594 731.962
91 4.51071 1199 486 468.481
186 3.37332 1163 487 421.481
132 6.52045 1120 436 386.273
47 5.02947 1281 573 715.642
81 2.97164 1223 610 670.329
194 5.38677 1045 413 308.6
115 6.91767 843 472 345.557
164 5.89904 1171 422 369.272
127 6.03892 1367 579 816.168
140 5.90673 1166 402 333.775
230 4.31766 1227 458 420.881
102 3.49788 1454 466 487.449
103 5.43266 1673 388 436.98
149 4.05871 1065 743 945.623
138 4.99209 1324 710 1133.48
132 4.31564 1459 452 487.374
128 5.63436 1247 325 230.611
166 5.3063 1196 505 526.079
111 2.73866 1524 605 801.89
68 4.60701 1015 434 318.015
112 3.89002 1661 474 593.349
174 6.1429 1294 461 491.807
108 4.57581 1232 628 806.79
166 3.18854 1455 482 508.261
107 4.09328 1144 587 635.457
127 2.43084 1184 490 393.941
139 5.04885 1257 429 394.016
117 2.04295 1384 417 315.33
68 4.13094 1113 511 469.669
144 3.8907 1359 564 687.357
173 7.39059 1347 505 641.926
123 3.45036 1167 486 423.898
129 4.38318 1354 587 765.971
136 4.38766 1434 560 738.516
120 6.48856 1316 439 459.599
112 10 1244 533 706.813
144 7.04707 1175 476 491.989
124 5.03871 1222 562 657.029
51 4.68266 1451 483 565.466
178 7.73942 1458 446 547.762
109 4.63558 1261 540 612.639
92 4.17004 1606 491 627.28
55 4.62347 1469 565 780.773
94 6.13149 1073 534 546.946
138 3.93724 1016 445 320.942
117 6.62431 1183 394 334.442
106 3.64325 1196 597 665.609
124 6.34524 1530 484 646.019
194 4.43164 1143 444 371.015
100 5.87492 1707 523 825.972
117 2.31329 1006 589 476.12
121 5.16755 1352 478 529.252
176 5.29159 1571 650 1144.03
110 3.64475 1290 459 424.428
144 4.0193 1049 554 516.464
187 3.75312 1359 421 379.225
119 5.35973 1643 511 741.84
137 5.72312 1273 492 541.61
91 2.2878 1294 439 339.013
226 6.75391 1280 476 530.603
182 3.40564 1118 438 328.628
43 2.1568 1266 530 474.329
249 2.96397 823 495 296.812
139 3.74423 1359 385 316.935
121 3.18023 1165 456 363.964
140 7.32973 1444 492 651.924
164 4.88582 1108 441 363.941
137 3.16351 1240 397 293.186
130 4.79353 1265 619 814.612
167 3.39093 952 541 426.396
136 7.29159 1574 606 1076.77
180 4.81985 1153 478 443.382
142 6.84611 1153 490 508.116
100 5.01723 1464 550 753.067
139 6.70625 1395 551 773.557
213 6.44343 940 398 269.377
133 7.36766 1281 480 551.128
94 3.60061 929 498 358.582
107 5.51272 1365 414 407.402
136 5.14018 908 571 506.527
165 2.98679 1165 431 319.251
80 6.94567 1478 606 999.636
163 6.83723 1472 512 708.036
212 6.15942 1430 566 819.804
101 3.12626 1000 405 245.222
119 3.44276 1265 557 603.182
190 4.84929 1100 635 747.678
126 2.70314 1022 441 284.598
95 4.34353 946 502 390.455
124 5.95155 1458 503 654.638
136 5.32225 1128 453 399.549
69 5.22594 1388 595 844.283
41 5.80562 1043 444 362.67
98 6.97061 1167 402 347.626
186 4.02007 1505 592 846.15
157 5.90579 1533 502 684.284
175 5.7581 893 502 396.132
140 4.75466 1532 530 721.729
120 1.83257 1588 506 513.542
164 3.71503 1131 513 467.29
167 7.57216 1196 410 377.813
207 4.17687 1248 427 368.819
149 6.82733 1222 561 705.433
142 5.54347 1328 657 999.588
150 3.02116 1346 489 476.404
145 6.65619 1313 404 390.722
144 4.68593 1460 507 627.036
150 4.39877 948 468 341.213
148 8.00144 1293 307 231.928
152 7.48375 1022 384 282.43
140 5.66097 1126 443 387.347
67 4.80585 1234 433 389.097
163 3.8644 1384 453 450.746
198 6.4705 1234 573 733.716
146 2.8597 1053 426 278.294
213 5.30041 1023 337 200.332
125 2.81984 1542 516 595.414
83 2.8996 774 405 185.652
182 3.65901 1027 432 299.639
150 3.36642 1703 431 483.121
124 8.02394 1485 719 1461.97
31 5.03528 1623 393 426.647
121 5.43416 1257 392 335.151
186 5.58374 1233 446 428.457
172 5.41075 1272 599 791.05
213 4.24077 1118 502 458.517
151 4.31372 1558 456 529.634
93 6.88758 1292 449 478.758
139 7.79312 1496 449 570.531
102 4.16345 1460 377 336.05
86 5.27074 1486 510 665.518
36 3.10802 1057 449 318.037
137 2.53921 1349 588 655.164
109 6.56397 868 501 395.904
145 5.21799 1297 536 639.981
158 3.58409 1047 350 199.361
140 4.61313 1170 426 353.311
101 4.48161 1218 471 446.221
174 7.33653 1266 367 318.096
141 4.7474 1413 598 847.104
53 4.42907 1297 556 660.088
90 5.4673 1453 515 669.689
174 4.11038 1506 560 762.207
79 6.24772 1311 539 683.942
193 7.83933 1121 470 469.078
214 4.75756 1201 455 417.06
202 3.89633 1434 536 655.322
237 6.31943 1303 584 800.214
202 5.43472 1288 381 324.422
164 6.77085 1537 517 752.071
97 4.45758 1258 466 450.505
135 5.98482 1010 510 466.833
155 6.39901 1068 488 459.363
121 2.58743 777 584 374.411
209 3.76117 1428 470 496.928
142 2.32302 1583 477 492.023
189 6.13086 1171 529 585.76
163 5.24023 1215 429 384.464
161 2.38696 1707 459 495.518
113 4.39562 1344 435 417.85
53 3.90212 1240 540 575.389
248 7.01249 1136 559 655.245
100 5.57849 1366 380 344.501
156 8.22415 1407 577 897.088
71 7.19772 1166 483 505.185
136 1.73343 1153 563 452.778
92 5.67219 1595 468 612.661
97 5.23573 1697 500 729.276
136 2.62796 1526 459 456.406
93 6.7208 1163 456 441.924
130 4.26773 1510 506 630.258
215 6.22894 1372 557 763.813
138 4.71415 1439 542 707.392
142 4.90868 1125 373 264.67
78 5.29097 1101 499 472.507
103 4.84548 1348 443 445.845
197 5.551 1370 574 787.378
139 3.4868 1443 568 718.071
37 5.98516 1474 649 1103.3
162 4.24178 1262 590 714.986
135 5.41114 1276 618 844.692
162 5.72389 1202 652 898.136
123 3.02448 1423 479 483.424
142 1.89821 1124 508 370.802
84 4.75591 916 477 349.563
147 3.44501 1097 532 477.263
130 4.24396 1040 545 502.828
158 3.84067 1398 431 411.461
141 5.44508 1067 466 402.242
164 7.26232 1293 690 1145.67
164 4.23938 1071 496 428.767
104 4.25402 1251 437 389.124
126 4.52834 1421 657 1015.71
171 4.94111 1508 379 366.9
83 6.57433 1392 603 920.094
124 4.10054 1584 472 569.155
100 6.12529 1472 518 705.867
126 5.643 1692 525 816.83
74 5.5676 1053 441 357.493
195 4.04686 933 642 618.016
107 6.9997 969 506 457.762
85 4.86245 1275 374 300.837
106 5.71546 1155 588 701.651
115 4.09386 1371 461 469.721
146 5.3305 1355 470 516.855
131 5.71173 789 490 332.8
94 2.37843 1259 459 365.057
166 5.49315 1272 455 458.157
159 5.39053 1181 505 521.541
204 3.28066 1206 394 283.81
46 6.35638 1097 603 719.263
132 6.16197 1270 379 326.488
146 1.26035 951 384 154.323
119 5.31497 1351 579 781.497
136 4.43769 995 574 539.985
236 4.94117 1568 241 154.259
80 5.63973 1805 528 881.242
71 5.03072 940 571 521.513
263 6.92883 948 620 670.757
120 7.07523 1598 622 1143.58
126 3.8653 1204 475 431.162
169 3.41173 1277 487 464.284
184 6.19394 1288 476 522.95
166 4.15031 1277 550 625.052
101 7.26628 1076 572 655.275
159 5.14289 1487 464 547.835
148 3.97311 1645 590 915.701
155 5.56778 1518 601 957.163
198 5.50807 1231 397 337.783
99 5.68485 1034 561 571.023
109 4.47955 1322 444 430.334
137 4.35403 1127 400 295.525
117 2.68083 1460 510 542.38
137 4.90874 1391 457 491.242
122 4.47681 1785 721 1531.96
124 6.64285 899 425 295.917
133 4.76504 1363 677 1048.29
102 4.21718 1100 556 552.588
161 5.93671 980 485 408.839
155 3.96571 1512 488 575.513
153 5.26796 1578 561 855.019
115 4.08394 930 595 530.437
168 4.04087 1350 493 527.11
136 4.41297 1327 565 696.727
188 2.77121 1383 331 218.597
185 3.70385 1840 545 857.31
172 2.41281 1430 443 387.986
91 2.82089 1089 587 544.236
189 3.28486 1207 556 565.854
139 8.03582 1183 441 438.292
195 5.24693 1102 456 394.108
171 5.7701 838 463 316.381
88 4.25692 1356 450 447.333
181 8.14967 1451 601 1001.63
190 4.77477 1483 490 597.822
102 6.06419 1146 435 386.598
178 3.56193 984 436 290.25
85 3.3655 1495 352 282.865
137 4.65225 876 630 579.82
153 7.27279 1708 507 817.361
158 4.67532 1140 200 76.1434
131 6.63276 1085 476 447.836
135 4.12012 993 574 528.35
144 5.17774 924 574 521.846
138 5.29989 1367 356 298.726
132 3.98891 1384 377 314.898
169 7.50782 1685 412 536.432
148 3.43456 1396 436 407.58
87 4.65255 1282 577 711.796
136 6.64957 1219 554 681.963
116 2.92114 1326 511 507.442
172 4.14831 1246 487 478.101
96 2.72448 1150 502 415.952
141 4.55485 1175 642 803.187
70 5.07562 1227 470 462.263
147 7.16586 1091 394 314.213
122 4.80904 1494 488 598.455
193 6.01123 794 466 306.732
128 6.33465 911 440 317.769
85 0.458166 1023 369 139.293
157 3.40426 1412 339 248.599
172 2.79597 1312 521 515.155
109 5.32168 922 416 275.404
46 5.20104 1315 443 442.867
90 3.16681 1356 513 535.508
89 7.14964 1446 444 528.58
117 7.21368 1177 550 661.583
97 4.23206 1209 613 738.95
124 3.17206 1515 425 410.837
118 3.83051 1111 619 673.979
208 3.69108 1128 397 278.613
169 6.70736 904 412 280.282
177 3.8797 1651 451 533.542
178 4.34944 1544 434 476.492
176 3.67333 1231 477 438.355
108 3.4705 1151 535 507.474
121 3.67282 1112 683 811.822
104 6.62394 1458 513 698.763
223 6.74432 1241 556 701.65
79 5.85152 1488 602 953.012
120 4.7748 1082 594 640.972
116 2.8402 1204 527 485.979
118 4.82215 1446 493 591.573
71 6.55738 1033 497 463.558
151 3.76733 1535 461 514.133
136 5.05412 1276 583 738.868
109 5.81464 1177 503 525.46
159 3.80917 1077 417 296.055
147 6.2917 1068 474 431.622
146 3.7111 1220 527 531.794
121 6.77804 951 418 304.261
154 4.27186 1212 476 447.784
182 5.07798 1445 585 843.49
195 6.60315 1674 447 608.671
137 5.22387 1450 519 671.002
167 3.88504 1284 649 859.58
80 7.21725 1229 380 329.801
128 4.16724 1283 383 304.859
167 4.2919 1560 718 1313
158 5.20072 1375 488 561.922
83 3.97693 1292 541 604.859
125 2.45232 981 587 469.708
161 3.61069 1156 541 526.994
133 6.65117 997 556 561.833
149 5.63523 1082 442 370.114
150 5.0594 1396 445 471.086
41 5.40019 1280 430 410.013
130 4.45364 1363 588 776.956
115 2.08626 1345 664 782.393
195 4.41127 1212 426 361.72
173 6.01537 1025 566 584.247
208 5.08037 991 464 363.967
93 3.40663 1226 413 320.436
90 2.81432 1476 560 670.877
95 5.27996 967 620 640.327
141 6.27215 1209 471 482.077
120 5.85751 1315 451 472.814
178 3.60611 1112 517 462.792
99 4.83793 1212 503 516.596
241 3.85275 805 468 279.594
197 3.66475 1414 519 595.708
112 6.07347 1562 528 776.616
130 4.77477 1188 445 394.98
124 3.47699 1166 602 651.256
31 3.48593 1487 387 343.485
165 6.26323 835 550 453.849
49 6.3194 1635 339 338.339
140 3.64567 1211 521 513.38
185 6.85903 921 474 379.972
100 4.33124 1580 572 846.048
135 5.46007 1466 729 1353.44
148 6.57018 1552 524 774.546
120 4.93961 1366 400 370.173
109 3.89309 1359 480 497.943
205 5.24323 1626 339 321.327
110 6.31476 1012 564 579.558
129 3.71142 1325 519 560.174
154 4.48658 1345 327 237.578
128 4.37893 997 523 447.615
123 4.02122 1315 425 381.07
129 6.13361 1272 560 713.119
173 4.11708 1136 565 585.514
152 6.78144 1259 611 860.742
140 6.11782 809 507 371.528
154 4.09829 1365 482 511.392
150 4.21156 1207 610 729.578
190 3.89826 835 471 294.688
186 2.98948 1586 581 789.992
211 9.94938 1312 415 451.42
139 5.17646 1288 452 451.037
91 3.37243 1039 344 187.862
197 3.36839 1050 493 389.8
95 4.93595 1203 496 501.165
129 2.82712 1065 652 657.075
138 8.36264 970 389 282.164
122 5.19904 1713 482 682.888
74 4.4847 1672 434 520.183
109 3.73889 1258 652 841.072
111 5.37064 1532 580 891.595
163 5.74043 1624 412 484.878
112 6.50687 1324 463 514.679
73 4.87126 997 628 663.582
168 6.9715 709 670 586.676
133 4.58126 1440 354 299.733
236 4.12962 1385 614 843.73
131 6.44379 1250 601 816.83
140 6.287 1409 348 306.878
149 4.28309 1256 536 588.809
142 5.93683 1672 427 540.675
169 5.37368 1452 552 765.525
131 4.01572 1077 531 487.018
207 3.82942 1293 433 383.788
173 6.15662 1548 509 717.629
122 7.87531 1396 504 672.429
137 4.5883 1847 374 429.289
100 3.54577 1266 524 538.7
168 4.34685 1463 644 993.977
166 5.57522 735 583 436.248
131 3.46776 1449 503 564.597
73 5.28137 1255 491 521.229
114 2.82229 1218 517 472.255
142 4.31162 838 509 354.897
179 4.58758 1111 583 627.442
142 5.7459 995 439 337.37
123 6.40011 1583 369 389.311
143 3.98444 1184 489 453.095
209 4.46354 1313 473 484.604
175 4.64695 1149 625 748.272
135 4.72352 1044 532 494.707
174 4.16447 1317 424 383.455
179 6.12696 1239 410 372.24
168 2.41887 1344 485 437.419
111 5.4629 1386 416 416.731
160 4.5088 1179 727 1030.7
183 3.38223 1133 419 304.175
145 1.75819 1305 445 321.753
172 3.89741 1344 487 507.068
154 5.84445 848 477 340.884
108 3.3293 1170 611 664.942
193 5.17346 1083 619 711.156
124 5.88785 1487 430 486.643
167 6.14035 1331 494 580.826
184 6.24172 1567 487 667.214
104 6.45468 1441 534 743.695
135 5.18737 929 773 951.975
134 5.22694 1372 560 739.292
90 5.08861 1043 527 494.353
151 7.21443 1471 456 568.375
148 4.34204 1347 513 580.544
133 3.23207 1441 384 320.741
145 5.10325 1267 528 603.244
92 3.51721 771 425 215.327
192 5.15175 1387 475 535.742
161 6.08572 837 465 322.925
144 2.75581 973 582 474.675
92 4.73424 1093 375 257.491
135 5.32665 1192 455 426.044
161 8.94921 1481 418 505.056
122 5.97672 1207 426 389.119
103 2.40295 1562 519 580.937
171 3.77436 1326 538 605.197
141 4.48775 1233 474 457.654
185 2.77476 1237 468 391.017
175 6.12234 1209 636 873.866
119 5.04273 1561 534 757.905
125 3.23802 1002 450 306.443
206 7.4273 1409 453 540.931
159 4.99424 1257 573 700.974
187 8.04682 1032 453 403.565
141 2.06153 1009 393 204.802
112 5.64658 1052 265 129.416
154 5.27201 1027 418 308.994
130 5.10685 1152 447 393.183
104 3.77439 1368 503 545.772
154 5.9278 1695 496 739.291
76 3.6775 929 333 161.277
112 4.14236 1221 372 273.261
131 8.22013 1062 542 597.399
193 5.2905 876 527 419.311
144 1.19984 1175 560 397.635
168 2.63466 1007 436 271.965
176 3.87102 1123 355 224.719
128 4.49176 1241 515 543.883
178 3.44834 1388 344 252.553
106 5.91494 1251 556 685.265
121 5.47742 994 420 304.845
156 7.06354 1010 535 534.529
112 3.64565 949 507 380.979
102 1.92088 1366 391 268.041
145 4.88089 1302 489 525.69
188 7.40874 1325 602 897.824
225 4.76181 1391 413 398.071
146 5.84825 1342 431 440.504
62 2.63349 1309 496 457.461
137 6.71002 1358 486 585.929
153 5.79042 1637 567 927.674
169 4.07851 1240 421 353.954
177 4.13818 1088 560 551.65
124 4.12695 1692 471 606.435
166 7.12469 1276 450 478.736
142 4.08669 1311 428 386.978
192 6.35959 1272 657 990.186
146 7.7474 1553 555 903.702
199 6.73292 1040 519 512.145
135 7.02994 1329 394 381.042
150 7.12476 1205 443 438.143
118 3.95906 1603 444 504.854
117 4.67506 1112 506 475.408
162 3.43211 599 461 195.477
169 4.10734 1043 488 400.783
148 6.04969 1035 415 317.599
176 6.11788 1243 432 414.444
121 5.80482 1425 423 449.72
214 5.68834 1419 535 712.793
218 6.20933 1283 552 700.964
199 3.75878 1584 442 487.409
154 5.47771 1417 473 551.178
188 3.9726 827 569 428.153
72 7.55663 1080 471 450.025
191 4.48937 1250 487 489.809
113 8.7823 1250 474 545.853
182 4.44837 1350 566 712.815
119 6.63051 856 448 312.947
156 5.64354 1399 546 730.51
120 3.75138 1373 514 571.024
107 8.43575 1228 467 515.842
107 6.5227 852 374 216.233
126 5.20277 1590 480 628.718
189 7.66624 1406 526 733.115
229 5.87531 1422 393 388.526
125 3.34164 987 409 251.615
79 4.67099 1228 326 217.869
187 2.24121 1209 509 423.01
168 6.25047 776 498 345.625
144 6.65571 1477 449 542.883
135 3.58755 1158 538 521.131
139 7.33223 1052 453 402.667
134 6.24729 1426 376 362.015
152 6.84159 1572 537 831.906
236 4.88365 1438 521 659.171
108 7.65803 1143 498 534.088
183 6.33574 1327 588 826.669
135 6.8806 1617 501 745.835
132 5.35475 1230 423 380.465
77 6.21163 1344 475 543.772
96 1.7317 1473 520 493.282
142 4.3912 1447 657 1025.95
149 6.63884 1422 506 663.393
111 4.02943 1145 331 201.374
191 7.21464 1188 432 411.984
82 5.55373 1161 459 426.727
145 3.86194 1439 355 287.767
143 3.81305 1252 422 352.562
128 4.53809 977 560 507.645
144 3.38022 1408 348 260.707
112 4.78656 1163 669 874.475
160 3.68636 1411 505 563.725
141 7.12447 881 558 508.232
112 6.08204 971 576 574.74
144 4.95219 1058 361 233.678
178 4.24809 906 652 627.089
151 5.46448 1435 505 635.875
100 5.24695 1294 520 601.791
93 2.84598 1155 341 195.31
118 4.77387 1277 529 599.956
107 4.3636 1057 515 459.719
79 3.43006 1342 465 445.504
92 7.13208 1136 584 718.009
94 2.13525 1299 443 338.913
170 2.55458 1344 528 527.303
193 5.04774 1261 494 524.093
123 5.02714 1167 535 568.283
192 6.31596 1066 535 549.343
114 5.27794 1371 518 633.647
142 3.70532 1030 542 474.69
85 2.93361 1631 498 593.556
158 5.0504 1304 452 453.787
120 6.60612 1423 427 472.193
115 6.00831 1187 406 348.031
177 5.3832 896 529 434.037
154 5.56517 1432 482 580.7
94 4.98192 1401 554 729.863
140 6.43306 988 616 677.98
68 3.32063 1046 565 507.95
118 3.65193 951 366 199.053
155 6.01436 950 569 547.231
173 5.07593 1296 567 710.603
60 7.25042 1467 507 701.526
89 6.53226 731 459 279.534
98 4.01384 1359 480 502.097
142 2.71663 1125 520 436.232
104 4.78294 889 495 365.883
161 5.12207 1489 464 548.007
34 4.59397 1058 368 238.156
138 4.72718 1392 492 564.262
91 7.18498 1013 459 396.198
198 3.09824 1254 599 670.907
133 2.87874 1370 449 403.022
147 3.52424 1227 427 346.106
195 5.4488 1482 497 635.603
173 3.35061 1206 517 491.624
138 7.39754 1724 456 670.034
129 4.6334 989 374 230.456
168 6.40941 1253 474 508.654
215 3.83932 1217 440 373.268
104 5.84475 1149 528 565.935
205 6.03756 1276 494 554.542
175 5.78086 1591 520 758.021
131 4.95118 1062 335 201.98
137 5.60841 1479 638 1052.83
155 5.26391 1502 388 389.217
156 3.04673 1569 582 788.595
182 4.69317 1105 589 640.753
199 4.48473 1356 451 455.568
130 6.45062 1086 401 316.01
163 5.97684 1097 513 512.861
213 5.7477 950 439 322.137
79 5.51251 1213 580 710.563
125 5.06409 1503 519 690.067
152 3.00073 1441 455 440.691
126 5.4304 1786 433 580.918
76 6.75092 1299 556 734.613
159 5.5657 1254 381 317.74
133 5.54504 1357 365 315.274
141 4.23527 1345 546 652.324
132 6.63414 978 575 589.076
117 7.27504 1040 479 444.269
94 3.32696 1282 476 442.11
131 6.41884 1153 436 396.16
118 5.02175 1243 541 618.775
184 4.22955 1144 488 443.062
150 6.60591 1340 486 576.014
105 5.57759 1261 490 528.765
144 3.60786 1468 545 679.012
163 5.13688 1186 575 670.802
120 6.97502 1014 596 664.025
156 5.44346 1119 321 200.151
117 2.72714 728 440 202.35
61 4.15328 1358 529 615.028
128 3.07175 1129 516 447.113
116 3.80385 1535 396 380.38
118 4.42663 1364 523 614.139
44 4.41738 1213 551 605.862
65 4.65346 1213 454 416.975
179 4.67087 1213 507 520.519
127 4.29778 1208 520 533.488
149 3.97244 1116 476 404.336
148 4.7723 1162 339 224.174
75 5.23156 1458 473 560.612
156 4.85865 1243 607 772.394
132 5.11316 867 517 395.971
104 4.54331 842 305 129.817
162 4.72763 1684 552 859.295
252 4.89291 1242 469 461.575
135 5.55595 990 454 356.026
87 3.98893 932 423 266.962
158 6.75126 1062 585 664.877
148 5.11259 1341 551 695.637
79 2.19024 1405 405 308.923
148 2.71387 1108 529 444.504
199 3.3417 1269 699 944.913
207 5.31872 1256 590 754.546
121 5.8472 1604 473 634.089
141 6.65697 1141 426 377.535
153 2.93702 1522 260 151.029
134 6.29924 1311 446 469.216
134 4.07488 1123 498 448.431
230 3.87919 1556 446 491.736
18 6.73138 1232 466 489.084
108 4.82813 965 547 486.169
87 6.47966 1055 551 580.238
190 5.19359 865 577 494.027
178 6.2894 1189 537 616.691
145 4.72394 1368 497 565.761
117 7.10788 1098 408 338.456
65 2.64288 1161 419 289.857
94 6.4235 1303 629 931.943
94 6.53294 1633 427 540.436
113 4.30617 994 381 235.783
215 6.13718 1289 505 587.754
139 5.49844 926 623 625.455
174 4.65089 1619 443 529.822
147 3.66747 931 501 365.564
114 3.57904 1479 320 235.317
156 6.38864 930 549 506.061
188 3.62766 1360 497 523.929
150 5.04937 1387 498 585.882
144 3.42684 1125 536 496.09
155 5.63736 1561 383 400.964
174 6.65931 1417 482 600.279
148 2.67088 1013 605 528.98
133 5.52526 1010 334 196.314
93 4.73509 1043 430 323.088
105 5.16425 1217 598 745.508
60 7.08404 1242 400 367.688
214 5.44335 757 501 329.828
161 5.63448 1083 618 724.195
99 4.42243 1099 453 371.137
240 5.72252 1391 405 401.009
172 3.49247 1301 471 445.371
164 5.07967 1521 517 693.502
86 5.16159 1278 532 619.522
177 3.70549 1314 610 767.07
144 6.86173 973 569 578.512
163 6.09455 1535 354 343.351
109 5.9146 1217 455 446.436
81 5.29346 1265 534 621.791
127 4.30705 1382 574 744.1
132 4.49743 1350 583 758.463
187 4.69607 1437 437 458.762
180 4.90551 1328 560 704.104
139 4.18438 1100 619 683.48
168 3.62561 1050 503 414.264
193 2.69776 1541 456 458.535
95 4.73424 1230 445 408.042
123 6.19405 946 539 492.494
131 5.70079 1220 750 1205.01
91 5.15549 849 433 272.556
117 6.07773 1195 445 422.104
167 6.97598 896 534 471.041
156 5.95407 1018 446 359.394
176 6.61843 1336 381 353.108
123 7.38883 1436 471 595.26
69 4.07768 1223 460 416.754
137 6.15688 1318 611 880.432
117 5.71491 1181 356 262.981
98 4.17537 1173 526 525.982
178 5.98626 1055 556 579.599
138 4.74416 1335 493 543.864
135 6.71513 1181 469 474.621
167 4.73302 1115 500 466.945
149 5.19502 1060 552 554.111
147 5.60578 1388 523 663.884
125 4.11544 1151 588 642.459
203 6.01616 1103 407 325.101
210 3.47755 1140 373 244.457
131 5.35327 1213 598 749.829
77 7.83609 1326 461 533.763
151 3.72174 1333 512 548.878
147 5.73943 1349 539 689.323
104 4.3711 981 529 450.381
151 2.61145 802 469 249.95
182 5.19353 1639 647 1176.98
177 4.5312 1264 439 403.452
124 4.07927 1344 477 492.515
103 5.29036 1163 448 402.294
85 4.94147 1365 361 301.317
65 4.78899 1246 522 570.468
190 6.26503 1081 387 290.922
78 5.46746 923 575 530.315
156 3.36544 1365 480 480.249
166 6.05246 1146 516 543.72
150 4.99277 1253 463 456.182
198 6.02725 1425 479 582.016
156 5.98077 1419 537 727.041
146 5.61995 1246 577 725.841
115 4.46467 1364 514 594.523
122 7.22094 1323 455 509.058
151 5.58743 1294 394 350.972
134 5.8954 949 490 403.42
132 3.65525 939 396 230.14
98 6.80079 1306 520 647.155
152 1.33682 1163 542 384.72
111 5.13811 1637 599 1004.85
62 6.62597 1101 522 546.384
135 3.74544 1408 588 765.993
110 3.53929 1133 480 404.334
103 4.6156 1209 500 503.013
160 2.48532 1189 432 309.63
139 5.6441 1362 451 485.248
166 5.62789 1243 523 595.112
156 5.19348 1217 396 327.387
166 2.92286 1127 286 135.124
106 5.51116 1352 590 819.483
93 5.88897 1493 489 631.917
162 5.6652 1845 390 491.995
116 4.98396 1290 523 598.993
110 4.54176 1133 365 250.148
198 5.43365 1151 537 575.899
127 5.23237 1340 485 541.736
110 5.6822 886 524 426.829
184 4.79147 1728 606 1066.4
122 4.84571 1153 602 704.23
157 4.90489 1555 682 1222.78
191 4.70593 1227 444 404.589
121 3.80258 1603 485 595.793
140 5.06056 1201 541 599.043
128 5.35773 1474 547 762.54
75 8.84006 1527 353 370.368
151 5.63511 988 446 344.103
201 3.9666 1292 437 394.381
120 6.06173 1168 532 589.276
178 6.97217 1347 491 598.608
90 5.82822 1167 550 623.265
137 3.38087 1023 386 233.059
85 6.09463 975 466 377.922
145 6.50466 1318 375 336.07
58 3.24846 1008 469 335.17
178 4.17302 1267 494 501.033
79 2.79223 1515 515 581.006
202 4.21404 1129 542 538.847
162 3.3474 1465 394 346.75
151 6.7885 1368 685 1175.82
85 4.65037 1011 524 462.889
130 4.4457 1196 397 310.637
150 5.58364 1349 601 851.203
124 5.64347 1115 486 461.285
153 3.45301 1538 328 254.517
126 1.27499 1517 442 327.636
135 4.03515 992 379 228.822
154 7.71147 1019 407 318.542
108 6.70028 791 527 401.163
137 2.14558 1744 607 855.618
197 5.30046 1359 497 578.827
146 5.51992 1184 488 491.16
158 3.28755 1576 555 736.362
142 6.51903 1691 545 911.208
150 4.97967 1102 452 382.113
89 5.90304 1202 527 591.239
153 0.685481 1137 477 258.7
79 5.74245 1387 498 605.097
92 6.00948 1213 377 306.676
119 5.28602 1024 468 386.464
78 2.59926 1461 476 468.354
149 6.06984 1306 381 338.055
110 2.21875 1323 544 527.033
150 8.09071 1346 686 1208.56
103 5.69873 1183 452 424.357
154 5.45388 802 471 308.988
154 5.40586 1268 485 516.853
145 5.78827 1006 422 315.765
172 4.82453 1390 573 768.291
172 4.13721 936 518 406.038
111 4.13572 1246 338 230.113
144 6.67378 1255 600 824.251
137 6.24304 1486 442 521.223
126 4.30521 1308 502 538.599
194 6.5825 1455 352 327.82
85 4.87691 1311 572 724.11
173 4.89907 893 603 548.785
174 6.22803 1266 423 406.464
171 5.02694 1139 465 418.998
205 4.75362 1450 499 605.492
162 5.26363 1569 556 834.882
163 5.07708 1314 585 766.987
77 5.18308 1315 417 392.065
116 5.25256 1386 516 634.87
155 4.45071 1650 472 605.952
131 4.05236 1210 335 218.314
110 5.55825 1453 506 649.153
123 4.72944 1221 478 467.237
88 4.12989 1172 686 891.252
93 5.3276 1480 467 557.276
200 4.54497 1251 647 868.016
90 7.09115 1646 562 962.149
208 5.92906 932 500 413.106
120 3.37371 935 611 533.394
175 6.29829 916 405 270.328
130 3.01349 1145 592 593.523
102 5.87625 1135 546 598.596
104 3.61362 1236 555 593.138
99 4.09565 1073 508 446.457
99 5.86097 1078 455 394.563
164 3.84998 1145 469 399.306
193 3.9383 1407 545 666.702
137 4.59422 1403 447 465.971
164 3.63479 1330 638 844.794
103 1.72521 1436 663 780.721
137 3.22197 1490 422 400.173
96 4.74832 1260 300 190.12
119 6.22254 1460 474 588.47
132 3.7864 1262 499 495.941
136 3.38046 1486 605 831.63
82 4.23652 1156 439 362.474
177 5.16513 862 434 278.141
187 5.62016 1398 551 742.653
170 3.30117 1465 679 1025.75
146 5.10714 1388 524 651.006
158 4.09165 1214 528 545.537
170 4.72391 1300 382 317.617
83 5.41736 1036 492 434.796
148 4.55013 1400 546 691.997
153 5.95123 1124 447 398.551
145 5.44496 1040 509 467.754
97 4.40313 1335 563 695.563
198 4.81596 1161 344 231.181
117 3.41896 1245 530 536.434
55 4.40324 1015 504 423.808
78 4.85801 982 505 422.347
155 3.70704 1397 520 592.698
121 3.33906 1168 438 341.404
125 3.81127 1411 399 355.16
108 4.03832 1613 552 789.428
114 3.74264 1447 445 450.782
65 4.86807 1264 483 497.563
94 6.27319 1550 303 255.79
141 5.87429 1093 401 310.904
133 4.0328 850 432 254.698
150 4.38678 1275 357 266.844
116 4.80948 953 585 548.6
27 3.60327 1095 381 247.439
153 2.99212 1415 305 194.284
178 5.22429 1392 498 593.1
156 4.73217 1101 442 360.298
80 4.44162 1012 499 415.162
55 5.01015 1462 500 621.295
190 6.21919 1048 412 319.09
223 5.06046 1392 474 532.984
161 5.60298 1193 466 452.958
164 9.31992 1590 362 410.347
89 4.4877 1341 602 802.857
149 4.60371 953 305 147.439
114 6.03391 1041 384 273.325
143 4.62088 1193 515 526.741
161 4.3756 1088 445 353.564
71 7.09723 1291 370 327.158
197 3.53721 1460 568 729.468
87 4.85207 1865 573 1032.35
209 2.55036 1113 398 247.989
178 5.6139 1386 588 838.25
126 5.3255 1353 627 918.257
62 4.14358 1263 603 742.761
161 5.36266 1291 384 329.215
95 5.8357 1269 396 351.452
116 5.08558 1072 474 410.977
101 4.92803 1119 503 479.225
140 6.8005 1217 414 382.248
116 5.32641 1562 429 496.302
135 4.0989 1485 517 640.107
124 3.74912 1729 561 856.458
139 3.47613 1225 441 367.149
122 2.85268 1242 564 574.935
130 4.95382 1373 413 396.94
78 3.55557 1625 474 566.235
161 5.15977 1355 419 407.409
155 4.36011 997 471 362.617
172 3.47977 1113 469 377.397
66 4.75274 1620 527 754.492
97 1.63573 775 423 168.305
92 5.69612 1360 383 350.233
60 4.67112 1323 471 489.968
72 3.56108 1741 649 1137.79
148 7.11112 1269 594 829.203
121 4.70592 996 560 522.443
139 6.54338 1383 419 440.878
108 2.58899 1356 536 550.518
72 6.11787 1400 481 578.689
209 5.52451 1397 424 437.572
96 5.84689 1546 443 536.087
214 5.86009 933 355 207.873
100 6.99704 1171 518 579.686
159 3.12304 1514 444 446.077
108 6.80609 1070 409 328.072
94 4.31266 861 588 486.64
118 5.08047 1081 421 326.847
167 4.79713 1390 465 505.224
114 5.80631 1638 568 932.147
154 2.71743 1020 573 480.293
171 4.20981 1029 389 252.913
138 3.22355 1477 370 304.987
86 5.66657 1334 388 352.112
149 9.48937 1465 568 934.53
156 4.24392 1170 609 706.338
130 4.88395 1246 453 431.803
90 5.05866 1520 310 248.912
94 4.21415 1334 405 355.502
91 5.03259 1353 416 398.466
144 4.72078 1393 496 573.685
188 4.67729 1256 551 636.807
111 5.13047 1449 553 757.8
184 1.12936 1171 509 319.412
121 6.05859 1745 515 824.913
183 4.10404 1036 564 531.63
123 3.5589 1449 559 702.413
138 4.04054 1124 422 321.555
120 3.71925 953 496 368.198
187 5.36905 1198 546 617.821
191 2.93363 1299 504 484.195
141 4.89258 1012 419 300.176
103 3.42873 1284 554 604.966
145 6.16431 1246 611 832.579
105 5.65804 1323 543 683.689
105 3.63609 1152 449 362.449
185 3.51927 1761 583 925.621
154 2.94377 1343 552 601.101
130 4.74097 1002 444 331.034
80 3.90596 1211 439 371.486
159 7.22653 1426 507 681.394
137 6.31038 1141 516 546.853
79 2.21284 1426 533 544.854
128 4.99893 1265 606 789.219
78 4.5887 1318 489 523.701
180 5.45627 1561 357 345.552
185 6.76971 929 378 242.988
206 5.44961 1388 572 788.538
127 4.19442 1082 374 245.585
170 6.52696 1086 527 547.342
175 5.03609 1427 470 536.541
115 5.56021 798 425 251.535
80 4.97806 1361 623 896.461
144 6.34255 1234 492 538.349
220 2.37404 1203 542 486.095
162 4.84099 1217 612 768.027
106 3.96037 1495 582 809.081
168 7.04055 1535 555 873.582
151 6.60838 1211 388 331.819
138 6.38966 1351 495 597.665
184 6.08365 1309 568 753.479
129 6.44362 1163 352 260.696
162 4.01262 832 497 329.523
95 2.59532 1234 378 249.349
203 5.3086 1293 608 824.498
190 7.13042 1070 428 363.223
168 6.2361 1555 559 872.163
71 3.56806 1394 447 432.405
156 3.77547 1089 535 491.54
141 3.80826 1302 622 796.248
138 5.19839 1217 546 622.529
121 4.32641 1494 576 810.985
159 5.82665 1092 663 847.418
159 5.28659 1164 448 402.567
141 6.57977 1242 479 518.128
187 4.94412 980 533 471.647
120 1.44925 1211 426 255.181
127 5.14621 1346 549 694.326
165 3.04769 1015 379 216.356
136 6.22173 1269 510 592.111
151 4.56675 1025 619 651.794
152 5.37435 1108 521 520.407
157 4.59178 1191 545 587.937
113 3.97091 1291 518 553.866
117 4.75301 1155 507 497.878
183 5.13249 1336 466 496.201
96 3.26775 1417 496 527.874
119 3.64762 1073 575 554.139
63 4.6395 1433 540 696.356
149 4.83883 1096 567 593.621
101 7.38625 709 403 215.145
130 6.57031 1085 494 481.259
114 2.20666 799 583 364.92
154 5.67694 1336 437 447.535
132 5.38677 1221 572 691.651
113 6.98235 1434 457 552.259
193 1.89633 809 584 352.595
108 4.74301 624 460 221.304
116 4.51441 1243 434 387.386
155 6.18128 1383 445 490.52
150 5.27923 1170 423 360.615
206 4.58389 1354 557 697.847
188 4.80046 1401 603 856.473
97 7.32373 1560 310 279.553
147 4.82816 1292 534 620.341
140 4.19154 1298 518 565.048
127 5.28454 1415 318 246.546
115 5.07041 1308 580 750.238
134 6.52864 1266 469 505.375
223 3.85948 1240 479 451.378
124 3.88375 1242 533 560.749
129 4.45993 1424 516 625.34
172 6.73888 1192 655 935.136
120 6.41222 1548 462 597.056
128 7.28767 1172 500 545.739
130 5.46689 1472 462 545.98
176 4.93047 1048 518 476.046
112 7.15053 1041 483 450.333
191 3.47714 1029 482 368.447
180 3.39842 1298 381 288.522
163 5.62321 875 679 705.963
119 2.99757 1517 468 490.671
120 5.62597 1328 685 1090.6
97 5.69441 1378 491 583.177
98 5.75007 925 438 312.264
133 2.57976 1436 454 417.803
136 3.85079 1287 576 677.023
170 4.58508 855 393 219.387
98 7.02512 936 473 386.708
151 4.12663 1232 607 733.366
139 4.55104 1405 511 608.319
119 6.42236 1268 634 921.346
186 4.74116 1012 584 578.429
214 5.14534 1254 556 663.441
161 3.97235 1025 378 234.19
105 6.48862 1268 554 705.234
173 4.39819 1520 568 805.843
75 5.53992 1305 535 651.24
59 7.3878 1194 426 404.874
161 3.76677 1213 448 383.676
147 6.10877 1404 538 725.775
142 4.10756 1270 469 450.755
150 6.3856 1271 466 498.245
122 4.39784 1352 525 612.345
106 4.58408 1093 561 571.454
161 3.56146 1482 518 617.014
123 6.47918 1437 695 1257.39
142 6.79169 1422 362 341.379
172 2.63428 1574 626 876.283
200 5.34531 1145 600 712.271
104 3.96098 1034 511 431.405
157 5.51532 1175 523 559.735
192 3.40393 1469 493 546.977
71 3.24145 897 447 270.768
145 6.72301 1315 320 246.092
164 5.63912 1129 578 660.523
182 5.8352 1610 474 638.832
146 5.31602 1374 364 314.142
154 3.33732 978 518 399.771
134 5.67036 1258 506 564.826
141 6.91099 1484 541 798.983
146 4.82507 1418 394 370.581
138 6.90417 1339 518 660.767
122 3.40268 1140 437 333.485
188 4.20006 1302 527 586.974
125 5.29872 1560 512 705.09
85 4.42018 1176 485 455.169
115 3.44456 1306 535 574.596
140 4.81027 1816 524 838.78
124 6.58277 1168 479 487.31
80 4.63727 1334 596 789.572
176 5.16346 1395 428 437.728
137 6.24193 1475 383 388.446
102 5.8845 1199 529 593.79
66 3.35442 1068 441 316.879
121 4.12473 1366 552 672.369
110 4.24183 1409 638 933.443
39 5.93053 1236 622 847.873
187 4.23227 958 556 481.713
92 4.55659 1140 490 453.993
143 5.61725 1022 562 564.733
182 5.50782 1328 424 415.646
160 2.77793 1326 562 604.644
106 7.00974 1224 508 583.002
200 1.71375 1298 454 330.128
164 7.96442 1260 565 764.689
143 6.17585 1366 497 604.207
69 4.20915 1399 441 441.909
102 5.9643 896 559 497.126
139 4.84179 765 576 427.669
148 4.52525 1678 591 970.361
146 6.55259 1305 648 995.349
104 6.12574 1168 514 551.483
115 5.77532 1233 514 573.84
117 3.22336 1252 621 728.246
92 5.439 1103 612 716.981
82 4.50696 1298 528 598.477
165 2.20545 1395 643 774.877
119 4.91413 1011 540 498.651
195 5.64196 1458 448 512.515
150 5.12567 1453 630 986.006
190 5.00402 1125 468 418.716
155 3.08648 947 463 302.372
150 2.35958 1089 433 280.299
166 5.04551 1340 576 757.077
129 6.96341 826 534 434.056
200 6.74592 888 490 389.968
115 5.72136 929 469 359.134
38 3.16586 1515 534 648.23
204 4.87198 855 464 310.67
218 3.83959 1396 453 453.853
61 5.13705 1163 668 887.79
128 4.23869 678 527 306.408
173 3.38974 1511 477 526.066
124 2.04177 1084 626 556.483
149 3.31003 1106 637 682.071
115 4.22703 1199 542 572.727
114 4.39463 1023 416 290.857
131 5.18368 1516 530 730.169
78 4.6054 1460 572 794.524
134 4.36862 1228 445 398.89
138 4.24126 1413 470 507.993
144 4.66225 997 476 376.93
129 2.60283 962 568 439.304
95 6.07646 1450 389 391.361
151 7.43245 1180 641 907.199
106 5.69334 1248 478 500.539
156 2.98772 1292 554 585.024
106 6.15128 1373 415 423.028
127 5.48888 1247 641 891.257
165 4.50658 1133 546 558.612
124 5.17476 1576 516 719.182
164 5.22322 1009 487 411.109
159 3.56413 1466 477 517.666
164 5.40873 1610 592 977.894
44 4.19596 1133 584 627.089
123 6.06181 1474 573 862.703
91 5.63604 1426 547 747.092
56 5.36283 1061 558 571.318
126 6.32096 1225 349 268.688
194 5.09394 1263 452 440.481
191 4.05046 1210 293 166.983
170 4.36878 1556 424 458.86
111 5.33743 1619 509 724.533
170 1.94774 1452 421 331.866
138 3.37819 1087 513 437.302
72 2.91 1260 591 644.25
85 6.63437 1129 482 477.847
67 4.8054 1571 547 790.509
102 5.609 1288 548 676.454
183 4.67351 1156 417 335.624
156 5.78606 1018 542 527.044
164 6.1573 1205 430 398.684
125 5.84568 1229 631 864.583
139 3.55878 1093 605 620.622
104 6.47013 926 331 183.723
129 5.02394 1047 641 731.776
166 6.75404 1297 434 446.958
130 4.37613 1347 503 559.289
62 5.33563 1250 514 570.394
194 3.14895 889 479 305.586
99 6.33368 1503 504 687.847
100 5.79763 1407 493 602.979
111 5.88722 1269 491 541.472
194 6.93643 1318 640 993.943
160 3.04021 1467 524 597.318
174 3.48569 932 371 197.847
151 3.27479 1075 571 531.063
171 4.49233 1216 422 357.843
107 6.23686 1428 511 669.308
147 5.2512 1186 537 588.338
142 3.21084 1094 552 502.226
175 3.70684 1062 536 478.716
162 4.27499 1332 623 843.173
148 5.85833 1421 428 460.159
93 6.80439 1222 542 657.934
97 3.73908 1200 402 304.998
145 4.61737 1284 474 480.151
106 2.13469 1077 558 445.778
103 2.82398 1154 398 265.215
148 5.48723 1579 674 1247.64
91 3.5824 1087 413 288.157
67 5.40684 1313 594 802.827
149 2.32404 1420 477 441.421
188 2.30728 1123 506 391.93
121 3.78186 1411 391 340.335
59 6.49631 1416 489 613.761
185 5.99345 1203 424 384.459
117 4.21903 1229 615 755.462
170 3.39004 755 452 236.033
104 4.38064 1442 563 750.296
93 3.2925 1576 642 985.74
99 4.74449 1517 476 576.133
150 5.83181 1078 626 745.95
193 6.25155 1437 451 524.944
149 4.3017 1231 451 409.042
216 4.61415 1432 494 581.533
151 5.37395 1049 484 425.193
151 3.76124 1171 492 446.539
96 7.23282 896 457 347.93
111 7.19391 1211 601 812.263
72 4.90446 1419 672 1083.33
205 5.97972 1248 468 485.641
164 3.99538 1208 401 311.099
128 5.50487 1174 417 355.366
98 5.58694 1338 651 990.728
153 6.91889 1165 453 439.895
133 5.41631 1219 369 287.761
98 8.67027 764 456 307.882
153 3.45506 1324 666 903.486
172 2.82396 1079 453 321.25
131 4.61992 1241 370 282.81
96 5.6024 1127 607 725.999
120 3.28919 1594 561 761.071
189 4.11159 1387 457 467.536
122 4.59771 1335 343 261.121
105 5.90596 1312 466 504.656
131 6.21484 1235 608 818.764
132 4.29223 1301 461 451.42
121 4.79811 1075 538 523.069
161 5.00524 987 585 574.025
162 4.4761 1307 545 640.898
88 4.46638 938 557 480.159
153 5.82812 1076 403 308.53
126 4.1966 1076 648 733.252
186 4.58061 1567 408 433.25
88 8.40127 851 570 532.062
132 4.84114 1036 508 450.478
117 2.01016 1181 539 447.145
209 5.30034 1265 697 1059.67
88 5.47028 1137 429 363.687
256 5.48499 1397 516 646.903
127 3.52908 1249 437 369.149
173 6.05491 1422 505 646.273
105 4.22947 1066 632 692.45
93 6.04786 1426 716 1302.44
130 3.82046 1474 459 491.316
136 4.34203 1510 451 502.994
99 7.63857 940 395 276.169
140 5.43701 1183 625 801.926
121 5.84492 942 406 274.337
222 4.8153 1531 362 337.582
158 4.70932 1654 535 792.005
67 4.70684 1350 413 385.176
119 5.59794 1467 443 503.252
71 3.88455 1396 481 513.325
95 6.98187 1146 611 788.899
172 4.47236 1431 576 783.628
121 4.57308 1353 437 428.966
161 4.4555 1164 612 718.868
214 3.67385 1521 542 699.32
139 7.36662 1073 618 765.215
260 3.49353 1307 542 592.536
138 5.09768 1329 683 1058.51
157 1.57571 1203 535 412.325
88 5.99589 1249 496 546.288
69 7.19336 1121 474 467.69
177 5.3945 1139 687 931.05
201 5.68741 1372 477 547.831
124 3.13785 1380 538 597.804
128 4.69867 1170 505 498.883
139 7.4077 1457 461 578.935
163 4.09105 1340 458 453.061
118 5.35929 1601 580 931.257
145 5.62246 1385 607 892.991
164 4.55635 1171 380 280.46
161 6.33819 1337 388 362.695
153 5.37436 1265 591 764.528
107 5.24742 1238 478 486.509
169 7.41946 1182 468 484.214
58 4.37978 1631 602 970.231
147 5.26518 1225 606 774.402
159 5.6677 1042 521 495.936
93 5.09334 1205 425 371.534
160 5.6767 1249 457 457.56
140 6.58605 1423 565 826.124
111 3.38497 919 519 378.63
88 8.2215 1412 538 782.631
82 7.49531 1128 379 303.767
109 4.54939 1114 569 597.974
202 5.54915 1635 646 1190.11
150 5.39381 1075 488 443.374
127 2.08194 1218 333 178.076
76 4.31225 1228 523 549.087
114 4.00624 1020 571 533.009
135 4.64661 1098 465 395.803
67 5.86727 1293 383 335.417
127 3.65481 1535 516 638.747
144 4.72111 1488 446 495.495
176 5.96408 1084 508 496.693
189 5.09033 1443 447 492.097
138 4.81707 1138 503 484.514
147 4.09581 1262 507 523.036
212 5.00915 1237 541 615.393
107 5.4717 987 520 463.878
116 5.28566 953 595 581.349
128 5.36396 986 399 271.481
134 3.56466 1112 579 578.574
140 6.60235 1248 354 284.591
91 4.75721 1175 465 426.156
136 6.64829 878 595 566.56
160 3.80984 1305 564 656.259
153 3.99377 1424 493 554.242
147 4.57888 1722 556 884.076
106 4.20012 846 572 449.315
163 5.09429 1225 465 452.165
175 5.07523 943 579 539.149
119 4.29736 1442 482 547.141
161 5.41188 1164 483 470.688
133 6.61456 1157 336 237.795
173 5.69484 1236 399 345.43
133 3.61994 1138 472 395.175
159 4.52944 1171 417 337.21
201 6.37944 1221 593 774.908
214 4.68743 1491 621 960.772
137 3.512 1370 380 305.754
164 4.97553 1288 507 561.788
180 4.60754 1268 363 277.938
89 6.94177 1268 420 411.891
88 3.7997 1273 361 262.078
157 6.46372 1206 735 1179.55
76 5.6725 1516 267 189.538
56 2.661 1165 503 420.04
141 6.15709 1112 571 648.752
141 2.60022 1345 510 495.019
178 7.99034 1263 541 703.295
143 5.54418 1009 457 367.477
193 3.94822 1258 399 319.719
70 8.45445 1427 707 1374.56
183 4.33489 1256 510 534.777
102 6.80306 1239 516 604.593
54 3.41207 1390 640 872.814
156 4.38912 1274 539 607.883
158 7.12302 1322 559 765.335
123 4.15588 1143 450 374.652
83 6.57894 1001 471 403.745
192 2.98486 1012 287 122.946
170 4.28551 1254 530 574.871
116 5.12709 1322 548 678.822
126 5.42713 892 506 396.148
93 5.50486 1610 484 656.526
140 7.42138 1505 591 983.254
114 2.74493 1020 422 261.303
61 6.43406 892 426 292.751
148 2.69304 981 598 501.743
207 7.06015 1232 471 505.296
142 5.02083 1334 555 698.858
182 6.31177 1260 447 453.205
129 5.14795 1526 377 371.234
273 2.96987 1417 462 445.43
117 2.92526 1119 456 341.148
101 4.63168 1106 318 186.301
166 6.29546 852 614 577.849
179 5.8645 1174 518 557.015
155 4.90888 1760 511 777.13
151 3.16139 1231 544 546.401
170 5.23597 999 559 536.617
205 5.21783 1435 388 371.03
108 5.09082 1357 532 655.515
131 2.55091 1180 469 365.113
215 7.65485 653 419 215.977
145 6.38524 1196 498 535.439
97 4.08738 1343 585 740.633
148 4.09383 1174 437 361.436
144 8.11439 1020 456 404.943
127 4.46292 1389 444 451.702
163 4.59601 1164 481 447.686
123 5.03932 1017 590 602.67
129 4.65899 1205 579 673.932
106 6.55892 980 329 192.723
143 6.4917 1369 438 475.988
180 5.40291 1557 623 1047.06
88 4.56264 1374 429 419.57
93 6.00613 1407 553 765.282
159 5.21682 1286 519 594.906
128 6.30318 1193 564 682.912
163 4.56834 1399 541 679.606
152 7.08482 1433 512 695.08
137 3.87477 1445 533 651.988
134 5.81054 1129 683 929.153
102 6.50402 1293 378 334.984
157 6.25352 1137 590 710.888
119 4.61746 1327 475 498.329
59 5.56048 1086 541 554.687
146 6.16387 1265 401 364.08
106 6.3696 1188 517 572.877
136 2.42454 1012 461 297.794
132 6.17431 1201 360 278.704
171 6.08981 1419 534 722.116
80 5.97704 970 519 464.161
181 4.66412 1244 431 385.63
165 5.67832 1165 396 320.48
145 4.0264 1200 526 532.85
154 5.35991 1327 563 727.315
145 4.53064 1320 524 600.259
174 4.85308 1190 447 400.889
103 4.97379 743 548 378.575
107 2.9297 1291 344 224.089
134 4.86692 1407 505 605.421
84 6.2873 1266 424 409.324
137 3.84774 1032 436 310.984
208 4.97131 1355 441 447.057
189 7.25492 1244 415 398.637
135 3.77183 1004 356 200.605
221 4.8117 1719 517 772.966
161 4.94567 1278 487 513.523
63 5.28454 1088 490 450.099
206 5.27394 1269 456 454.421
124 3.94659 1137 536 521.415
116 5.26344 1432 488 586.991
147 7.6392 1021 540 560.628
120 3.75076 1427 650 949.048
217 2.87118 1324 470 426.441
163 6.37347 988 459 375.586
97 5.46831 1064 606 679.047
130 5.97643 1338 535 680.322
119 2.09573 1116 553 450.949
86 6.34545 1445 419 457.259
145 6.20062 1170 507 539.07
144 4.27359 1047 461 362.867
146 2.76192 1111 505 408.342
93 3.68723 1761 518 740.295
118 3.08522 1437 489 511.744
162 4.62197 1259 484 491.005
106 6.62336 913 578 555.463
66 4.90376 1220 556 637.576
208 5.44569 1281 579 745.537
105 4.78581 1245 466 454.191
72 4.38739 1429 495 575.003
77 4.67073 1515 580 850.795
141 4.2881 1288 540 613.047
121 4.43136 921 567 487.525
75 5.80424 1324 420 411.929
186 5.75831 1177 472 461.579
104 5.22533 1560 459 564.679
142 5.53597 1128 448 394.649
155 4.44799 1098 420 319.228
110 4.83805 1371 591 806.728
90 8.41563 924 612 666.231
126 6.65982 1245 613 853.075
151 5.65146 1304 490 548.585
126 4.44083 1245 521 556.751
178 5.26104 1396 390 365.438
202 6.77553 1544 644 1172.45
133 2.80735 990 648 602.064
99 3.74429 1500 555 726.956
117 4.44664 1283 547 632.655
166 4.95727 1559 606 970.562
110 7.76385 1426 362 353.196
166 4.86924 935 406 260.074
157 6.57446 916 471 369.401
129 3.21597 1201 379 260.031
122 6.99859 871 568 518.458
169 3.46386 913 359 181.158
161 3.32744 1048 583 542.181
218 3.18612 943 608 524.027
189 5.68531 1632 610 1065.6
130 3.10175 1677 550 756.681
193 4.79437 1253 387 315.407
85 5.89051 1184 590 729.569
172 6.27656 1048 491 454.2
112 8.08543 1332 473 568.509
149 4.80476 1068 497 443.634
130 3.97807 1409 679 1039.16
203 6.62501 1653 542 884.353
83 3.31853 1340 523 557.471
127 5.63898 1299 440 440.403
254 4.6513 1065 411 299.998
129 5.28532 1027 300 159.263
71 5.74884 1712 487 714.448
242 4.74324 1016 525 469.36
111 4.85596 894 415 259.634
158 5.38048 1515 547 784.584
92 5.20234 1342 581 777.45
139 6.84598 1262 405 379.934
232 3.23514 1197 460 382.433
122 2.36133 1504 395 322.227
210 3.51091 1355 378 299.205
102 5.48025 1150 547 598.305
149 2.93703 1483 430 402.51
146 3.08328 1575 533 666.244
113 4.72022 1157 496 476.478
124 4.38298 1089 498 443.403
91 5.50322 1198 527 579.137
128 6.66925 1143 540 607.963
70 4.53375 1158 522 522.673
115 4.14975 1186 735 1036.68
131 3.52027 1176 338 207.784
157 7.44867 1248 514 617.255
171 6.43864 1150 447 415.625
129 5.96948 1501 489 637.42
183 5.6225 1165 516 542.808
181 3.02087 1210 541 524.18
177 3.52886 1394 509 558.942
146 4.4452 1339 465 477.106
146 4.04948 1764 648 1190.62
98 4.50315 1224 527 562.097
140 4.30677 1405 474 515.852
162 5.2247 1160 611 744.01
109 2.13406 1203 378 228.477
134 5.90093 1326 658 1016.7
138 5.35537 1433 461 526.49
66 6.88643 816 654 641.49
162 1.35371 1038 427 214.149
217 3.90102 1346 537 617.607
164 3.88076 1583 387 376.707
138 5.88735 1459 561 812.708
189 5.52411 1712 548 895.733
174 4.76638 1239 630 825.265
157 6.03044 1153 559 641.443
202 6.18306 1437 605 942.134
194 4.47905 1318 399 346.463
114 6.01284 951 532 478.85
137 3.93122 1225 483 455.683
123 4.77115 1249 421 371.603
126 2.07831 1327 556 540.556
133 6.50016 1096 392 305.325
151 6.01287 1105 497 485.591
140 6.28452 1307 402 379.825
104 5.48061 1492 521 704.208
196 4.01926 1180 571 617.16
202 4.54308 1071 634 713.481
131 4.26718 1487 508 625.552
120 5.35457 835 479 331.195
191 2.1617 1366 670 818.493
149 4.92609 1395 531 665.721
106 5.52497 1451 459 532.627
105 4.7639 1204 604 737.026
102 5.6615 1018 453 366.192
162 3.88938 1615 437 490.343
131 7.96607 1136 470 477.103
129 6.27448 1558 568 903.549
124 3.92795 1384 520 596.59
91 5.05272 1332 527 630.194
187 5.11858 1415 551 734.243
128 4.43791 1249 559 642.875
159 4.92568 1329 396 352.724
192 5.37894 1519 424 472.618
56 4.32727 1430 497 577.948
126 5.32505 1413 419 428.245
118 4.24645 1279 540 607.183
91 4.66606 1027 509 444.068
198 5.05164 1910 628 1283.15
122 5.19144 1137 450 394.932
130 6.21632 1589 563 903.338
127 6.11782 1222 480 503.014
83 6.86655 1388 412 432.744
150 4.92375 1174 486 469.264
106 4.3002 1450 598 847.006
163 5.33957 904 471 346.441
127 5.91422 1274 480 520.104
93 3.63492 1225 566 612.394
115 3.65593 758 522 322.826
133 7.2559 1098 260 138.109
60 7.29401 1020 546 566.488
178 5.81293 1215 746 1193.03
171 8.32777 1325 482 591.195
155 6.80803 1470 592 944.34
141 5.21264 1155 553 606.481
92 6.17764 1033 435 350.051
121 6.10329 975 695 840.91
150 4.73845 1170 500 490.124
64 4.87575 1249 406 347.534
153 5.97421 1159 648 864.46
147 6.54274 1599 495 711.406
162 6.29995 1488 523 732.35
175 5.05018 1053 605 656.496
106 6.11659 849 503 383.751
143 6.03173 1280 587 785.261
134 8.02347 1408 403 435.474
118 4.58239 980 384 240.039
218 5.37473 1088 648 790.523
212 2.36036 1204 559 516.552
138 2.65962 881 432 234.263
116 6.76263 1058 522 527.6
185 3.66427 876 575 452.974
158 5.97333 1533 660 1186.11
208 4.42955 1089 492 433.993
162 4.02959 1256 523 551.491
176 5.75176 1125 630 785.773
128 5.93737 947 469 369.445
122 4.73543 1382 608 855.9
196 4.38306 1432 510 611.502
96 3.89825 1359 622 836.44
152 5.04923 1329 545 672.342
126 6.43941 1605 483 677.284
213 2.68918 1342 465 414.839
135 1.18995 1404 459 318.137
163 8.63683 1131 547 655.273
122 4.6657 1127 629 744.149
143 4.12879 1127 595 644.691
120 6.61309 1106 393 310.963
136 3.46397 1409 633 869.199
198 7.58188 1027 519 520.01
164 5.45475 1005 582 591.229
252 3.9232 1367 486 514.554
221 6.21222 1135 639 831.07
103 4.41593 1272 494 510.638
185 5.6046 1009 609 654.339
169 4.45044 1304 329 232.666
154 5.93164 1448 474 576.868
151 5.10239 1264 409 361.097
60 5.88223 1596 592 989.777
152 3.67242 1130 471 392.303
124 6.63783 1078 588 679.091
95 5.92412 1328 451 478.815
165 7.24624 1296 496 593.072
END
