Delay, Zoom, Max Iter, Resolution, Estimated cost
0 6.09414 1302 344 275.008
0 6.70628 1452 200 106.082
0 3.95222 2000 478 729.705
0 0.272886 1347 380 194.507
0 9.25908 977 606 705.584
0 3.27568 1047 399 252.576
0 6.83913 1278 546 699.121
0 8.69424 938 422 323.935
0 4.88292 795 728 711.503
0 4.32962 1955 800 2047.53
0 5.82241 1577 384 410.454
0 1.59087 1788 736 1163.85
0 4.4094 2000 452 671.907
0 4.68825 763 526 352.757
0 6.51283 1117 200 81.0392
0 7.71916 1301 496 604.149
0 5.99622 1740 496 761.052
0 5.69567 500 695 423.986
0 6.7357 1136 537 598.955
0 6.74021 1419 410 436.201
0 8.08797 929 460 375.036
0 9.47108 1285 452 518.865
0 6.31587 978 532 498.355
0 9.15747 825 350 198.262
0 7.44182 1130 643 874.444
0 3.96612 1114 361 232.047
0 1.31962 1918 304 198.604
0 0.633714 1723 652 732.454
0 5.18571 500 202 34.9855
0 7.27622 613 783 699.748
0 3.33265 1779 406 446.548
0 3.42476 1207 464 398.793
0 8.74973 1025 543 586.91
0 6.46118 1664 546 898.033
0 10 1513 619 1159.45
0 1.87428 1405 700 876.283
0 5.29112 901 538 449.482
0 7.20648 2000 637 1507.61
0 0.01 2000 520 540.8
0 4.43319 2000 544 974.645
0 3.50998 779 613 452.348
0 6.32236 1590 200 114.536
0 3.04728 839 405 204.211
0 6.24965 1186 418 372.142
0 4.98583 1078 709 919.987
0 2.59983 1360 529 538.505
0 7.28916 1572 800 1874
0 7.56104 1340 502 634.37
0 9.38861 1398 326 293.077
0 4.14579 950 546 458.123
0 5.07196 824 200 56.2026
0 10 1336 441 519.653
0 9.61039 999 600 713.073
0 3.01579 2000 530 831.128
0 4.21925 1750 617 1082.74
0 1.00934 1173 584 401.674
0 4.9158 713 401 193.943
0 6.02636 1301 465 500.745
0 0.516918 704 582 238.462
0 8.5783 1810 744 1937.07
0 3.64362 1159 662 793.142
0 7.23443 889 796 1047.37
0 9.96203 1586 293 272.088
0 10 1514 573 994.18
0 0.166465 1114 200 44.56
0 7.58503 2000 548 1129.12
0 6.71563 1179 706 1073.7
0 4.68779 1637 643 1130.94
0 5.18702 1266 613 815.827
0 2.90953 2000 653 1248.37
0 8.41238 2000 737 2091.11
0 0.850361 1238 509 320.742
0 10 683 401 219.654
0 2.508 892 475 281.625
0 8.12424 1476 336 318.236
0 9.37669 2000 324 414.036
0 9.10895 1149 360 291.785
0 5.804 579 573 335.289
0 9.25811 1626 788 1985.51
0 4.55577 1055 200 69.9913
0 0.676539 2000 257 132.098
0 6.8338 913 386 249.575
0 4.7722 1868 391 479.411
0 6.85443 782 721 746.351
0 7.22341 1678 759 1796.78
0 5.51597 1406 410 411.63
0 4.24781 1017 403 268.924
0 2.69817 1248 367 240.551
0 10 686 729 729.137
0 6.87477 1112 693 981.164
0 8.51639 686 734 713.397
0 9.02149 1901 700 1821.32
0 6.57165 583 374 148.227
0 5.15151 1074 624 715.913
0 3.57211 1377 621 824.646
0 5.3696 1999 571 1127.5
0 7.7569 1376 444 512.595
0 3.81705 1045 462 352.803
0 3.00775 1301 710 969.481
0 2.14352 624 468 181.926
0 1.67116 1244 800 973.719
0 5.0904 1389 266 167.74
0 2.19731 849 463 244.223
0 6.38367 1201 689 1029.14
0 5.26962 942 351 199.822
0 9.10316 926 724 950.966
0 8.74182 1390 466 586.066
0 4.34055 1779 280 228.394
0 3.53763 1076 764 972.68
0 1.56987 896 697 520.541
0 5.77781 1311 428 423.095
0 7.93712 1431 451 552.929
0 3.92334 500 748 445.828
0 4.61698 1100 348 221.717
0 3.24544 1344 713 1032.57
0 5.85673 1263 209 97.5199
0 2.04092 1355 646 740.659
0 3.47024 1784 677 1259.49
0 9.56039 1703 751 1902.23
0 4.76779 1181 551 601.765
0 2.03532 938 658 531.462
0 4.84592 1943 435 619.652
0 4.55099 1200 426 361.088
0 7.63461 500 800 602.492
0 3.90046 1194 725 998.578
0 3.34442 1556 221 115.843
0 2.73782 1090 319 159.436
0 5.11598 1101 548 565.031
0 7.27526 887 611 616.525
0 10 1427 491 688.045
0 5.59073 779 700 667.026
0 3.86537 1047 611 620.381
0 9.75127 1464 267 207.593
0 5.05976 1390 584 807.873
0 9.04129 1615 800 2021.96
0 7.10619 500 612 346.76
0 6.07944 1632 263 201.369
0 0.01 1493 800 955.52
0 0.836552 1057 585 361.732
0 10 699 279 108.822
0 7.60948 633 262 81.748
0 4.74508 1652 616 1050.77
0 4.19781 1438 206 99.0417
0 1.67431 635 455 160.887
0 0.16871 500 630 198.45
0 7.14735 600 513 292.772
0 6.10855 1276 727 1204.44
0 1.62341 1454 642 725.394
0 10 1674 473 749.045
0 0.01 1809 487 429.039
0 7.50414 963 511 471.562
0 6.0288 1217 294 187.267
0 4.53748 730 393 186.802
0 2.07701 2000 200 105.395
0 9.64735 1496 579 995.221
0 0.824306 1901 665 840.67
0 4.52724 1251 508 534.566
0 5.3151 1508 503 658.347
0 9.8548 995 687 936.235
0 5.26677 1270 529 611.834
0 8.96898 687 459 282.636
0 5.04212 1380 452 480.034
0 3.34018 1513 596 818.938
0 5.32781 1179 548 611.299
0 2.43066 1265 518 470.356
0 5.28067 1192 608 759.085
0 9.35816 766 479 346.44
0 3.64977 817 540 372.19
0 3.52235 1431 400 354.163
0 2.39257 1975 752 1540.01
0 6.32065 945 523 465.47
0 10 1062 408 353.57
0 6.61887 927 350 206.764
0 5.72064 1199 288 174.778
0 6.45944 1098 200 79.5038
0 6.17831 2000 246 216.753
0 6.31238 584 472 234.216
0 9.67491 1726 518 919.607
0 3.43787 971 407 247.105
0 7.30868 500 545 276.803
0 7.47993 1617 754 1722.66
0 0.01 1833 418 320.269
0 4.02621 838 632 537.187
0 0.01 786 236 43.7771
0 4.1844 920 529 417.495
0 8.09654 548 600 376.469
0 8.98149 1169 474 513.04
0 0.01 1477 800 945.28
0 6.37923 500 302 82.301
0 7.00435 1109 487 485.369
0 2.25963 1894 577 853.812
0 0.500929 726 609 269.26
0 0.951815 1138 356 144.226
0 4.92749 1586 208 116.142
0 3.64267 1270 684 927.76
0 1.62767 1238 609 556.291
0 10 1050 200 84
0 3.79901 537 513 223.242
0 2.19754 1238 800 1063.24
0 5.6486 834 791 914.194
85 4.0772 1191 756 1096.17
174 10 1537 552 936.66
223 4.56237 1644 696 1321.35
91 6.09707 806 472 320.543
0 2.8154 1322 578 640.203
139 2.80389 733 200 42.4484
85 4.62566 1716 533 811.767
106 3.43984 1748 200 107.435
27 4.5293 1740 558 897.193
109 4.41964 1468 721 1255.64
161 4.82207 1718 419 507.687
36 5.72007 1842 794 2040.81
59 8.32269 1703 648 1373.17
215 3.91765 1760 439 540.337
199 4.3334 2000 567 1052.44
133 6.46896 500 464 194.933
83 4.37308 872 512 375.067
275 3.19908 1740 286 214.203
30 4.72556 855 389 216.64
148 5.9096 859 311 147.187
35 4.77161 500 443 164.718
116 6.97124 939 200 69.2347
144 0.01 1233 536 354.236
143 4.51743 1629 642 1111.12
0 7.88145 761 445 285.813
130 9.9804 1164 454 479.634
145 6.44645 734 484 311.102
162 1.65764 1201 561 460.943
160 4.18892 1196 232 104.42
64 6.96987 1541 200 113.616
179 1.63631 1360 408 274.809
149 4.28971 690 630 447.058
114 7.80404 1724 771 1939.28
137 4.07362 601 509 250.686
113 6.08983 1915 539 992.861
256 9.20042 1369 344 318.141
168 1.38749 1049 625 468.046
107 6.01465 1688 520 812.094
26 3.93503 1602 800 1635.27
27 8.96044 790 468 337.81
117 7.93934 2000 536 1091.6
166 1.58057 1476 544 523.644
154 0.01 808 570 262.519
236 0.01 1031 416 178.421
128 7.54638 1480 439 535.582
116 1.40725 1059 330 132.436
210 6.86408 785 465 311.735
136 1.64184 1572 800 1222.72
140 1.13089 1124 509 306.764
251 4.44896 2000 432 615.209
173 5.77745 835 770 872.185
0 10 1151 253 147.349
202 4.30985 933 636 616.837
222 6.60269 1263 723 1201.39
184 4.13305 1974 407 528.506
121 6.04837 500 779 540.586
58 3.09654 1951 232 156.558
275 3.76784 1570 399 393.937
78 9.6833 1008 627 787.009
83 7.38169 841 537 453.062
211 6.20604 1291 746 1288.07
179 9.3298 1171 635 930.127
166 3.26102 1233 476 422.783
121 4.9054 1181 328 214.812
197 3.84469 1256 573 653.567
84 5.47392 866 800 963.435
8 6.6899 1631 375 418.677
122 10 1745 732 1870.03
81 4.60191 934 499 386.744
67 5.90461 820 487 344.459
142 2.03571 1160 495 371.975
104 7.41555 1739 585 1112.98
38 6.22146 605 800 694.595
131 4.39926 1042 432 319.575
157 4.09026 1498 512 632.921
142 2.20952 744 551 303.649
235 8.972 1398 570 887.022
0 2.07829 1891 542 731.996
203 6.66264 1565 403 463.516
124 3.50273 1237 431 354.884
208 6.40154 1409 676 1163.03
108 2.79108 1430 200 82.6982
194 1.68646 2000 200 98.158
58 2.62693 1793 420 448.951
156 0.642135 916 274 68.7696
57 5.09872 683 268 83.7609
126 6.13463 1548 319 281.623
0 1.98878 1357 276 134.236
91 2.06698 1615 404 346.715
180 4.79192 1291 621 836.663
275 10 1634 233 177.416
183 0.465488 953 252 60.5193
186 5.9918 1244 483 515.868
163 2.2152 821 579 370.302
106 3.56374 1265 662 860.344
232 10 1045 503 528.789
85 0.01 739 436 140.481
104 6.00402 737 800 838.856
234 5.44645 1100 800 1222.22
264 3.24772 1555 537 677.813
185 6.21907 1131 547 607.006
5 7.27659 1731 650 1361.72
275 4.44999 915 200 60.33
105 10 1195 553 730.884
81 7.56859 500 251 59.1899
122 5.96548 1038 256 120.791
96 6.77635 1514 200 110.885
156 0.66858 935 562 295.314
135 10 1560 505 795.678
219 6.59793 938 200 68.2642
83 7.41462 1487 554 853.479
149 2.05999 1300 567 549.112
253 8.69281 1108 491 517.984
243 1.6855 764 753 531.413
81 1.551 500 384 87.7815
205 7.5341 1513 800 1817.57
40 4.80714 500 483 196.183
106 5.02845 1675 498 706.787
256 6.66316 1120 436 388.275
131 1.43399 785 450 183.847
0 5.20797 1299 380 322.005
92 3.9481 781 586 428.139
18 7.24204 937 361 227.109
46 6.67475 953 412 295.132
220 9.23492 1187 678 1072.43
200 5.28465 1321 342 266.222
258 2.23677 1632 617 838.498
230 0.631246 532 559 166.24
98 5.41904 1021 733 951.181
67 6.0007 681 409 202.57
42 6.78357 1092 393 308.891
142 9.91146 1304 238 147.442
176 5.22823 833 504 363.596
100 0.458351 1558 310 149.724
206 2.49287 500 447 139.537
275 4.17704 1023 200 66.326
206 2.92151 500 518 196.629
120 0.01 548 344 64.8481
102 3.68223 914 619 548.466
144 2.86444 1097 696 774.277
68 4.06873 1608 420 456.525
186 0.01 865 386 128.882
78 7.58798 663 489 298.07
234 5.52281 648 242 66.114
165 2.83744 1461 556 656.211
231 2.62178 1145 568 524.036
0 9.11557 1597 800 2003.06
254 5.57095 543 291 80.281
0 9.38486 1177 795 1467.28
87 7.23042 1619 390 457.819
233 10 856 791 1071.17
108 3.8261 500 589 274.546
275 0.01 1102 769 651.68
205 6.67763 2000 474 819.898
96 9.92652 1742 537 1003.07
106 5.40372 935 320 165.895
186 1.40565 1078 510 321.851
0 2.47551 792 753 625.855
275 5.98399 1906 305 315.071
262 5.39867 1505 800 1668.54
161 6.51648 1346 307 230.124
13 3.5344 787 501 305.851
116 7.23905 1218 619 867.895
147 8.48883 1531 580 993.412
106 7.51127 1617 516 807.562
275 4.63704 1608 312 260.815
0 6.98303 1645 317 304.829
111 2.89924 1021 428 273.492
36 6.09056 666 791 743.673
275 7.27478 884 459 346.749
223 5.21257 1834 657 1359.29
90 1.52373 783 414 158.75
89 6.17247 1410 571 823.106
102 6.5064 1290 485 550.241
225 3.91641 1692 509 698.266
90 7.58175 1189 402 361.192
164 6.12488 1358 577 807.978
53 1.93838 1243 263 110.69
145 7.22163 1266 491 567.271
111 0.01 1311 693 629.606
61 0.166608 1571 683 732.854
94 4.46886 1263 494 508.619
139 2.94961 1047 236 85.7074
251 3.63845 1576 619 942.577
114 1.37013 1241 439 271.875
0 7.02592 1551 200 114.569
65 4.25214 797 410 218.194
0 0.01 1566 303 143.773
169 0.795985 1541 783 944.77
0 4.19756 948 671 692.741
174 3.56519 1913 406 489.42
202 7.84403 1579 277 229.533
112 4.9653 1397 508 611.414
275 7.62103 1322 477 566.097
31 8.24764 1044 579 670.699
130 1.0171 1259 348 153.593
68 7.10995 1786 372 457.696
189 4.53585 1871 479 711.177
60 2.74676 2000 293 247.043
275 4.0146 1063 633 683.043
66 3.01462 1116 636 667.751
88 6.04296 1958 681 1617.45
42 4.64464 1104 354 230.621
35 8.23083 1275 722 1273.07
129 6.08647 1196 418 372.879
15 7.38323 1583 325 312.379
94 3.92542 843 510 349.482
267 5.57779 697 630 483.14
48 5.0718 1063 311 175.315
99 4.04104 1744 292 238.886
134 5.35979 532 329 99.5716
187 1.35645 1143 551 392.962
132 6.35261 1196 382 314.66
97 2.23973 1087 493 356.714
224 10 1669 377 474.427
112 10 1666 547 996.964
162 7.86131 1000 518 508.607
270 5.86597 1429 467 551.102
80 5.09563 1385 606 868.318
123 5.6578 1177 292 175.888
186 1.3267 1462 740 898.881
264 6.00508 2000 599 1276.27
244 6.56602 1896 552 1049.89
194 0.01 1289 412 218.8
66 7.71027 1429 200 107.865
60 9.81167 969 633 773.329
82 6.63353 1379 477 571.595
269 5.12527 1645 604 1026.04
155 2.76901 1205 428 318.374
0 9.57433 907 379 258.104
138 5.43845 1248 414 371.222
0 0.01 1381 661 603.388
106 8.28734 1045 698 976.719
275 5.16991 500 800 548.315
223 1.96821 1597 454 425.966
54 5.4708 1297 440 436.423
235 2.38616 1244 359 220.884
77 4.22088 1158 598 673.088
218 3.70233 1339 648 881.877
46 2.0287 1416 666 821.031
110 8.24441 926 547 530.906
48 8.63967 890 434 324.628
160 0.687101 1641 542 482.067
197 8.63253 1827 531 997.388
213 3.83131 1840 506 745.925
123 8.19697 634 800 776.484
174 2.78833 1344 754 1104.37
0 9.15754 698 405 224.603
171 10 1028 446 408.971
117 8.6846 1190 800 1476.55
18 5.57952 1637 511 746.592
160 9.39578 1390 800 1755.12
191 5.14205 871 639 608.561
124 5.11875 776 632 529.761
242 3.69904 743 254 75.167
218 6.50037 1034 666 831.48
268 5.67921 1687 656 1273.57
201 8.17067 1700 581 1097.36
52 3.88444 1201 526 528.115
244 7.1608 1701 309 301.27
216 9.52962 2000 446 787.34
237 4.97888 1148 561 613.173
275 1.67829 897 529 307.463
84 3.2559 1443 200 87.3114
242 2.20562 1408 200 75.6676
70 2.22229 800 212 48.4245
40 5.3241 683 483 275.054
195 8.14909 538 800 658.033
174 5.64117 2000 555 1078.93
23 3.09596 1335 425 359.482
184 4.86745 1651 217 131.177
139 6.22891 1495 200 107.306
121 7.96902 1276 415 417.851
201 3.37925 1239 510 492.683
84 2.95718 572 470 185.852
0 5.76683 1498 554 809.609
0 5.73466 1103 396 304.166
242 0.292101 1214 745 673.8
75 8.17738 1091 676 953.555
180 4.22827 775 604 459.769
75 4.81927 2000 419 590.932
136 1.86297 1382 682 816.49
55 7.39872 1494 649 1176.21
134 7.76937 2000 800 2419.69
158 4.62311 691 498 285.321
206 9.96966 972 800 1243.34
20 0.942677 1609 438 308.677
156 7.41731 741 455 286.906
67 8.97492 1576 403 499.891
188 3.29315 1148 428 319.146
1 5.58446 1373 700 1175.32
245 4.1218 593 430 177.087
251 6.79046 1301 448 478.338
124 1.52288 2000 468 518.065
186 9.26348 638 501 314.957
165 1.31887 1075 298 106.939
61 6.59108 1401 614 960.721
215 1.80903 791 691 474.921
166 6.76923 987 448 362.62
160 5.29915 1421 536 703.903
204 2.06825 1458 248 117.974
88 6.77276 1441 443 517.731
223 4.97525 853 697 703.152
160 8.97692 1715 416 579.671
239 5.23987 1216 313 204.823
170 2.60797 1174 627 653.671
190 6.65293 1691 546 919.007
41 1.49659 996 787 724.91
101 0.987888 1798 557 557.828
35 9.19412 500 558 305.683
154 3.02776 1161 562 543.119
170 4.70696 1186 539 576.356
73 6.7803 1159 533 602.956
141 1.76681 500 646 260.236
180 8.8984 951 289 154.831
160 0.01 1318 514 348.21
89 5.44451 1272 222 108.826
256 3.429 561 555 265.28
129 6.38523 1026 353 230.79
125 4.04784 2000 222 158.421
114 5.55298 500 238 49.4085
223 0.01 872 254 56.258
206 3.9795 2000 552 974.948
93 3.98362 860 496 338.577
78 8.6743 1549 386 447.334
272 4.88418 1558 670 1181.12
275 3.727 1860 320 299.287
45 0.346444 1078 540 314.345
18 1.93166 896 775 692.037
89 8.40406 1069 211 91.5921
223 0.910971 1234 765 722.168
261 2.62402 500 239 40.5264
150 7.82689 1552 345 349.797
161 1.49911 1830 563 682.046
179 4.74035 1219 800 1307.4
207 2.30341 770 653 447.314
37 0.374656 1462 491 352.46
100 5.23321 1535 448 529.519
275 6.99307 1398 615 975.384
201 7.02662 1235 577 759.322
133 4.77168 1625 726 1437.78
149 1.97648 1201 673 704.924
0 7.29711 1134 359 272.301
102 4.06979 1551 626 978.297
113 3.25916 1771 605 980.841
183 0.01 1448 615 547.67
199 5.41289 1550 498 666.341
135 1.29014 828 401 147.874
275 1.93198 1799 348 280.176
121 6.04632 949 507 434.576
275 3.34003 1566 778 1444.32
146 2.85234 1391 200 80.9674
191 5.83927 819 475 326.4
153 9.92623 1203 455 497.301
0 7.3523 2000 363 491.873
268 5.34739 750 779 786.53
148 0.235542 2000 478 456.968
216 8.50782 500 709 485.041
130 2.95321 500 386 109.534
275 4.62384 1088 552 551.978
69 10 1008 735 1089.09
175 5.23688 1260 593 761.683
184 6.62795 933 366 227.638
64 6.65566 1411 530 722.621
16 4.80147 1486 757 1431.78
158 1.80295 1633 200 82.0409
182 2.612 1499 293 182.347
69 8.05953 1790 800 2183.87
73 4.09057 1258 364 268.652
237 4.99664 924 602 568.821
39 0.01 1026 237 57.6294
61 4.9418 1648 200 111.661
138 4.90962 500 538 244.732
3 0.771159 901 594 317.905
68 9.19681 947 244 110.711
136 6.59078 1133 242 120.692
141 8.89058 1220 596 844.595
230 0.01 593 461 126.025
138 0.0947933 1636 445 323.969
178 7.95254 682 690 617.095
87 4.61877 593 425 178.288
197 5.44018 1681 244 173.7
148 3.10802 1407 506 537.656
204 6.98283 1688 200 124.509
116 1.17366 959 583 348.621
141 3.64435 1221 800 1220.31
176 6.36708 882 471 352.966
275 5.54425 1232 683 1002.21
201 7.79927 1402 737 1440.84
46 6.60334 750 535 390.646
4 5.66856 1011 379 254.641
56 2.71369 1524 540 637.072
150 2.73449 1223 533 499.229
63 0.801381 925 200 37
0 5.48019 1489 800 1657
121 7.44944 1301 625 951.419
196 6.50461 1875 800 2175.87
182 3.10013 890 341 154.343
148 3.8386 796 479 289.325
201 5.39708 1484 496 632.39
164 5.27654 1123 701 950.467
0 3.15349 1541 408 384.471
165 7.83141 1400 375 372.85
74 9.21286 1198 800 1506.14
85 3.20841 1190 800 1147.19
21 3.81181 500 474 177.621
153 6.58043 1518 200 110.404
38 2.61608 1434 200 81.3165
136 9.52541 1221 800 1546.38
146 4.30098 1755 744 1586.94
124 0.644042 1111 546 331.207
113 3.25965 500 266 53.533
61 0.01 608 446 120.941
260 5.88262 827 573 480.488
145 4.83039 1057 770 1055.34
161 1.68454 668 528 228.405
275 9.57752 775 394 238.36
210 8.89 674 548 394.467
194 10 1724 655 1479.28
236 0.01 1345 452 274.789
43 8.35162 1432 417 478.538
150 3.09885 1081 590 561.133
255 6.04851 831 530 415.886
72 6.4034 1280 373 321.695
104 10 1774 395 553.577
11 4.21465 1105 416 310.698
107 9.10979 500 574 322.806
218 2.67865 1357 200 77.5073
138 5.84802 833 423 263.369
77 6.04861 1243 712 1122.68
129 5.93846 1508 235 147.71
192 0.508735 1424 250 89
143 5.04944 500 336 96.1447
184 2.99179 1579 532 659.586
211 10 976 427 355.906
257 2.23181 500 800 431.57
133 3.49666 922 486 336.166
196 8.33727 1375 703 1305.41
181 7.61275 1177 721 1151.23
275 7.95931 1251 730 1267.23
92 1.95164 1617 635 841.36
75 3.41786 1085 649 700.931
196 6.79279 500 247 55.8857
235 7.38819 1722 483 750.636
203 9.1121 1304 697 1241.41
69 7.87606 500 480 218.455
0 5.16898 902 800 989.114
72 5.55832 2000 301 316.187
253 10 727 483 339.202
153 5.15122 1286 414 377.331
233 4.86843 1717 516 771.409
98 4.65607 886 218 70.2341
109 6.46597 1268 645 955.145
178 6.10554 1200 519 577.205
2 6.69914 840 235 84.7072
81 5.54834 1356 204 98.4254
115 10 940 531 530.087
132 6.26542 1002 288 149.344
271 6.95977 1965 690 1723.82
166 4.7899 1431 391 367.61
273 4.87272 1236 441 405.704
92 2.21971 1448 787 1207.42
243 7.30581 892 544 491.962
111 5.46049 1753 496 749.209
113 3.97272 2000 290 268.967
0 6.33865 1264 547 681.515
225 3.50269 1712 409 442.294
88 2.50865 1803 384 372.06
53 3.15936 1739 762 1514.21
166 2.06829 1013 716 683.224
216 9.57263 1653 269 236.957
162 3.08252 500 302 67.8971
161 7.56313 1458 557 849.818
198 5.62264 1874 200 131.176
236 2.02445 617 509 208.817
121 5.93164 985 473 390.76
217 8.69378 1537 422 530.791
181 0.01 1217 771 723.435
236 5.64685 1154 574 666.063
150 5.46527 542 476 213.386
97 10 1128 371 310.518
172 2.92295 1040 531 429.837
116 3.82219 2000 753 1794.37
149 8.28971 1309 380 362.642
108 5.46575 1334 657 1000.57
130 10 1109 200 88.72
109 1.69954 1408 578 578.736
138 0.01 752 434 141.644
161 4.7978 500 647 351.85
72 6.97598 630 699 567.496
58 0.01 1566 403 254.332
254 3.10689 1987 524 814.187
200 9.85865 500 416 172.521
133 4.71429 1268 800 1358.01
167 6.40576 1081 265 137.143
117 5.96349 1324 426 426.607
214 3.80471 1348 293 182.882
102 1.50535 1398 407 272.714
125 3.44579 1225 354 235.992
260 8.02595 964 252 116.589
235 0.01 580 581 195.785
85 3.87317 1291 466 445.212
90 4.79127 775 352 161.366
34 0.357888 1149 456 238.918
107 9.22726 1085 205 89.6017
126 0.01 1242 658 537.741
275 5.64855 1310 765 1343.11
64 4.44005 950 526 433.003
168 9.34674 1135 600 805.212
55 5.78909 867 583 519.413
128 8.77852 1307 800 1625.63
86 4.38973 1515 640 1019.2
234 6.31806 1105 305 185.087
90 2.82344 841 623 473.558
48 4.8718 1482 467 545.474
41 10 1075 459 452.964
85 7.22132 1262 774 1405.18
8 1.85604 2000 534 723.491
60 3.33223 936 638 580.152
154 7.54574 1937 285 295.424
128 4.69209 1450 345 288.455
275 6.61018 500 258 60.5803
220 7.10405 825 725 802.888
63 2.52896 797 605 409.269
187 3.26284 824 484 292.165
133 0.01 886 737 481.248
177 2.10354 598 308 75.0493
153 9.15058 500 463 210.237
107 2.32216 1404 557 594.968
111 8.13011 1061 486 478.678
127 5.84164 938 662 726.174
112 2.06928 1231 304 149.693
175 6.24499 1267 655 976.005
161 7.29089 2000 800 2384.36
82 4.164 570 519 248.653
76 8.38821 1028 420 348.837
122 5.67638 500 372 121.368
59 6.33499 500 456 187.324
70 2.57003 1696 391 365.578
229 7.204 838 301 141.034
186 9.0296 694 367 182.804
66 1.07195 1789 329 199.486
176 1.82737 1281 800 1034.5
275 3.25694 1255 455 393.053
35 3.16932 2000 700 1470.95
131 0.01 638 662 279.6
154 5.44837 2000 597 1237.64
202 3.09679 1276 275 143.869
99 5.42931 1543 338 305.798
238 3.29287 1209 410 308.421
185 4.08789 1624 215 120.974
178 9.62287 863 442 334.383
148 0.01 1698 502 427.903
179 4.268 1747 265 200.001
37 7.8078 878 510 432.193
162 8.66807 875 417 294.86
128 6.79106 500 800 586.22
275 3.62543 657 396 160.658
126 4.01044 801 302 117.12
61 4.1317 1120 493 439.934
49 7.98932 827 680 727.529
0 7.13079 682 441 245.793
30 2.47503 2000 384 410.983
40 4.40423 500 490 197.347
128 0.870466 1249 263 86.3921
204 4.40201 627 616 391.056
241 7.90643 819 455 321.809
159 1.55658 783 800 597.421
81 3.60451 927 507 370.972
101 3.17827 1183 800 1137.34
241 7.41534 2000 624 1456.37
149 5.39699 1037 250 112.265
275 2.84334 995 247 88.2532
30 6.00714 906 394 250.159
95 2.67828 1111 705 788.455
130 5.54462 934 381 236.435
90 4.0447 1321 408 353.352
121 2.488 1411 800 1260.51
0 0.01 1495 501 375.246
182 9.48483 997 333 218.573
224 1.82996 1764 541 651.784
184 0.680639 1052 259 70.5692
177 10 503 490 241.541
61 3.2161 1382 627 818.938
120 0.531734 1075 494 262.339
157 6.26925 841 508 390.053
130 6.26356 795 538 413.463
187 6.38361 1557 462 599.882
220 8.82711 984 365 255.084
182 4.08405 1180 714 969.167
9 2.44407 1813 451 511.889
103 7.40293 838 377 222.654
275 3.65085 1135 299 158.536
122 1.20438 1213 800 839.019
167 5.93747 1274 607 832.536
89 5.92177 601 688 504.227
237 1.89489 2000 225 129.355
169 5.97957 1399 448 498.862
184 3.88624 1027 481 377.684
77 3.43064 1120 658 744.534
127 6.28093 1105 462 424.074
156 7.42488 1801 625 1316.06
77 5.04997 1413 716 1233.83
54 2.22691 1570 784 1300.55
29 5.99824 2000 669 1591.55
218 3.67639 1583 605 907.033
180 1.00312 1284 200 51.4294
103 7.32013 1504 493 681.567
74 6.19193 1236 409 370.477
88 6.70634 1164 344 251.586
206 2.44948 1092 640 621.31
186 3.97743 500 627 314.425
0 9.38017 1638 521 876.885
0 0.01 1280 691 611.176
275 5.1034 1308 306 209.172
90 3.62611 1383 615 815.721
208 1.06224 1620 370 227.594
103 7.31052 733 479 313.479
77 0.532119 1169 345 139.14
146 0.01 1135 589 393.755
268 8.82548 1054 335 230.152
275 8.26788 1854 800 2275.1
187 3.85757 1027 558 507.257
269 6.60365 1246 650 957.998
136 1.43492 1007 558 362.716
26 2.96359 564 454 171.098
217 5.20511 1346 376 326.623
126 7.81336 1109 511 548.134
166 5.04847 1677 630 1133.63
112 2.29115 580 515 209.218
97 1.27387 1453 389 242.983
275 5.36646 1790 546 923.009
63 6.88565 1411 383 380.414
157 3.47061 1757 559 845.727
206 8.36874 1263 569 786.195
156 0.219707 1224 200 48.96
275 1.43648 1360 278 121.64
175 5.18515 1999 699 1674.83
0 0.809177 957 634 384.672
79 3.39663 767 472 261.618
130 3.15466 2000 408 499.043
67 7.713 682 527 357.461
105 4.4531 1759 522 790.203
205 6.31972 998 200 71.8839
136 4.79731 1792 341 350.279
207 9.30374 1603 552 961.572
239 3.42205 1287 398 312.789
0 5.33504 1266 676 999.204
145 2.13386 1300 293 148.34
108 8.0797 1167 437 425.084
238 10 1329 740 1455.52
269 4.64903 1258 429 386.034
0 0.01 1291 455 267.269
217 5.97271 1129 200 80.2119
68 3.93493 1802 541 841.188
258 8.24653 1341 350 314.791
12 4.11916 984 492 384.633
157 3.71185 874 222 67.6089
264 7.05817 1796 537 957.457
0 4.11202 1056 492 412.584
125 0.119194 1221 320 125.03
132 1.35534 1915 608 801.385
34 4.62573 1802 517 802.042
233 7.07992 760 215 64.9933
70 4.10841 1399 228 117.355
247 3.51105 1618 267 178.259
38 3.17336 889 800 854.304
188 5.29283 1512 592 913.385
146 6.62111 1971 355 452.311
186 6.54423 1088 524 542.467
139 6.00701 953 703 837.715
0 1.46498 1626 800 1213.21
5 10 1843 398 583.877
242 4.05316 746 585 410.47
115 7.81229 831 345 187.214
180 2.86048 956 221 68.0041
113 6.2014 500 666 397.535
88 0.592975 790 557 245.097
129 6.83065 991 392 279.354
200 4.25918 940 491 369.232
32 3.60204 1298 554 620.093
154 4.72307 500 352 103.722
175 6.88473 1351 230 131.35
63 3.62633 1616 625 984.414
150 0.565777 760 375 106.875
198 6.92738 1614 628 1171.59
192 3.18214 1059 351 196.06
147 4.6147 1710 600 1024.45
208 2.63626 1373 800 1248.65
129 5.90264 1717 506 778.576
179 4.84081 1215 468 448.381
192 7.60045 703 543 389.858
103 0.01 1084 642 446.786
245 5.47116 915 800 1017.82
0 5.18895 1537 583 895.974
275 4.22311 1457 279 184.37
54 6.4516 2000 353 451.002
102 8.5635 1547 649 1259.31
238 9.09139 1330 637 1057.02
114 6.46673 954 200 69.0957
232 0.379942 2000 371 275.282
195 3.01729 582 370 117.89
161 6.91659 1117 326 218.414
64 4.26262 1219 558 618.548
232 0.01 1435 691 685.185
115 6.93019 1199 520 596.787
39 7.90368 500 421 168.187
174 7.07463 500 800 591.905
177 5.48488 1420 200 98.7847
141 6.31925 1774 505 814.647
123 0.01 1997 800 1278.08
111 5.87491 1167 237 115.957
92 6.20103 1557 615 1055.58
181 0.483919 1102 462 235.215
171 2.85035 966 482 326.515
173 10 696 545 413.459
100 6.67971 954 627 684.366
112 2.59018 843 267 84.9364
72 5.45421 1113 367 260.351
192 3.91633 1065 327 181.396
20 9.45944 500 629 390.867
129 2.87483 1484 268 155.469
219 4.54064 992 592 576.114
145 5.76459 645 580 382.048
115 6.3338 1182 480 490.652
124 0.419871 830 800 531.2
213 3.15888 1238 380 268.067
70 6.28339 500 616 341.168
134 5.98651 931 420 291.862
201 5.37423 1397 260 163.406
275 2.30609 1998 454 561.259
89 1.65681 989 434 227.131
229 1.26921 1707 791 1178.61
156 0.893944 2000 704 991.232
13 5.39334 903 534 445.946
158 4.10553 600 503 244.918
126 5.17017 1008 239 98.6601
152 0.01 1921 254 123.935
275 5.74951 1948 742 1887.2
40 5.65917 1985 353 433.541
0 1.90173 1983 800 1623.39
0 3.0283 1580 767 1376.77
113 7.92828 1287 675 1113.66
137 7.39496 1109 645 862.274
175 7.36197 1218 309 217.124
76 10 796 351 196.136
161 1.11542 1625 519 458.476
100 5.91724 753 380 192.688
102 1.38052 1607 237 102.904
60 1.79678 1520 620 732.987
118 3.21357 1687 580 855.226
192 0.590483 1260 200 50.4
171 5.23285 1482 596 904.796
64 3.63021 1697 477 602.316
201 0.01 2000 486 472.392
102 5.97329 1063 648 792.827
135 3.31511 1408 477 487.108
126 8.314 1312 453 516.878
156 10 820 326 174.293
161 6.17802 1037 272 137.396
18 3.53428 2000 301 280.555
195 0.01 2000 691 954.962
241 6.11605 1631 534 830.869
85 4.86118 1114 420 331.461
0 2.96538 863 217 59.8221
41 4.77233 1417 673 1077.41
162 1.54315 857 354 127.63
38 9.17999 1884 388 556.711
275 6.74122 1399 473 572.39
275 5.36696 1686 479 669.124
141 3.45933 1264 329 210.56
154 4.14454 817 670 593.212
55 4.44288 2000 499 820.54
52 7.75726 1149 800 1389.62
43 2.6383 682 344 114.708
73 10 580 782 709.368
160 0.01 1306 547 390.767
231 5.26715 1816 509 809.986
143 6.79085 1227 639 917.812
45 5.75166 695 470 270.173
113 2.93771 919 466 292.965
215 3.79022 1242 533 557.014
95 2.95768 1341 589 684.317
169 0.01 1215 669 543.787
103 3.57189 1824 508 730.963
182 0.388954 1438 333 159.458
215 3.02831 903 493 325.084
152 4.23543 1589 226 132.039
128 5.05907 1220 792 1304.06
275 2.20205 1957 269 190.158
6 9.36704 1462 638 1173.3
19 6.36347 1123 479 464.744
133 1.35274 1427 794 1017.68
176 0.298152 1197 417 208.145
11 6.8738 618 520 307.009
168 7.31155 1641 408 509.187
237 8.29875 1250 332 264.402
183 8.95627 500 418 170.542
95 0.456527 1283 432 239.439
139 1.22174 1333 599 519.882
103 6.75179 1783 670 1464.25
275 2.02321 500 241 37.9281
131 3.53978 1627 514 665.823
241 4.98305 1035 302 160.237
41 4.91238 1623 427 500.487
258 5.72893 1783 473 701.311
86 0.901946 1837 653 783.313
94 3.66377 1485 800 1486.36
70 10 1274 249 157.979
79 6.04079 500 673 403.355
238 5.9471 985 571 569.819
175 6.70214 1658 761 1753.5
147 5.50584 1622 291 239.107
90 7.03264 1273 429 432.751
119 0.335876 1358 523 371.452
47 6.07403 1205 422 382.719
124 0.466888 1434 405 235.212
108 8.68852 1183 557 711.641
180 3.79692 1645 782 1588.84
121 2.94637 569 581 282.209
34 1.23248 594 636 262.083
227 6.98463 939 645 720.41
152 7.70976 1334 443 494.02
239 2.33722 1298 466 385.793
197 10 1593 434 600.102
208 5.12575 1233 593 741.322
89 6.90988 1259 620 890.23
107 2.92034 1256 448 369.413
128 2.9646 1590 643 967.647
94 6.1812 1350 800 1547.49
80 2.06887 1620 319 216.902
179 4.51286 2000 573 1086.41
275 4.07662 1165 685 880.266
275 7.17624 840 334 173.911
105 5.80435 1549 427 498.133
72 4.15104 1466 619 908.942
155 2.14179 1461 284 156.817
0 0.583718 833 200 33.32
236 5.30384 1472 565 810.384
158 3.08008 775 699 563.667
0 4.23808 1195 460 411.449
158 2.31555 1453 574 653.299
275 8.18873 1325 396 397.53
208 5.90724 1357 408 400.141
204 5.75624 1635 430 532.11
155 5.67586 1715 792 1886.91
105 2.42062 1378 632 761.722
87 4.22352 1059 533 489.085
0 3.70746 1827 436 544.949
165 9.45877 1615 281 251.962
80 2.71265 958 495 336.466
134 4.87158 1928 749 1825.4
201 4.99213 1537 657 1126.72
208 0.530959 1396 329 151.104
275 6.08523 1580 522 768.175
199 4.68734 1839 505 783.65
170 10 714 505 364.176
103 4.60233 500 586 285.53
131 6.78651 902 290 138.945
74 7.27549 1590 412 502.503
205 5.10723 500 250 53.3808
20 6.41269 1571 546 846.31
198 2.8889 1021 531 420.519
70 3.69332 1583 385 367.779
155 6.82516 1618 378 424.022
128 3.74908 1142 329 194.555
80 2.58473 906 431 237.709
0 7.1293 500 800 592.975
275 3.15695 1383 505 528.791
252 6.30578 1488 578 894.681
2 6.26375 1364 279 190.779
106 6.89403 539 502 249.72
191 7.97748 1782 566 1085.73
229 7.42386 1505 537 811.845
200 8.95411 1577 378 439.845
112 4.05834 1164 263 129.493
132 4.53321 1449 410 403.462
193 3.62139 977 229 79.8688
199 10 1186 505 604.919
43 5.55097 1679 495 717.628
17 1.06986 500 339 59.1456
63 8.08912 1598 455 631.183
161 6.90393 1232 535 648.519
185 5.22071 1411 603 881.285
8 3.13662 1472 652 936.415
44 6.69164 1109 454 417.285
104 7.11511 1869 391 529.232
77 7.85321 1412 338 305.695
0 7.05643 950 580 590.771
64 3.53739 1027 450 322.076
200 7.55747 947 439 342.816
74 4.14736 1241 271 147.444
179 3.02876 1779 344 311.835
111 4.13827 1274 800 1318.29
115 4.16065 1734 451 571.074
162 7.17735 1620 441 584.739
209 0.137544 1426 729 757.835
136 0.516524 840 476 190.324
190 4.13279 1670 392 414.759
118 8.68735 905 738 955.683
166 6.11274 500 599 320.452
275 4.08621 1010 398 257.792
246 5.6009 1254 200 87.6926
164 5.28867 1107 684 892.55
92 3.56191 774 587 413.828
183 6.4099 1052 203 78.3304
190 8.95169 2000 378 557.792
93 3.35705 1218 546 554.083
153 10 1290 712 1307.92
120 7.47445 1642 540 897.083
131 6.87172 1606 460 624.289
88 5.36082 1558 745 1495.32
0 2.71124 1447 535 593.572
213 5.22193 1229 541 617.912
120 9.25343 957 579 630.84
64 4.01751 725 276 88.5827
107 1.74315 1149 685 669.252
180 2.50809 2000 621 1079.29
75 4.83439 1054 292 151.369
171 9.45746 1114 473 492.43
143 5.68783 1179 701 1016.75
154 4.65667 1780 800 1900.27
136 8.90012 500 497 240.759
133 4.82271 1114 543 552.897
164 0.482465 1969 583 669.241
180 8.26662 1968 596 1340.34
192 4.70908 659 200 44.0986
176 3.81171 1450 492 554.962
190 3.52222 1167 385 267.566
148 9.78904 1284 552 778.857
111 7.57277 1017 336 215.767
67 5.48968 1532 331 291.979
214 3.92187 1466 610 869.249
210 4.87212 1562 524 723.841
0 5.18342 1378 504 600.174
197 2.4174 1101 738 829.529
93 6.56481 879 480 368.027
248 9.38985 1160 457 477.906
208 5.23312 500 526 237.77
175 7.03056 1458 347 324.251
156 3.76823 1832 200 115.499
139 9.11299 1570 395 480.037
212 6.0022 534 461 201.814
266 6.19723 1597 624 1114.45
107 10 1327 395 414.09
86 2.8358 1106 200 64.2664
176 6.96893 1167 414 368.668
184 3.70266 1666 571 851.992
144 2.08475 588 572 253.765
87 6.50725 1444 800 1675.87
170 4.87393 1338 200 90.3353
71 1.2921 807 437 171.264
0 6.10138 1476 414 451.679
109 4.08225 1370 323 230.247
64 10 1493 626 1170.14
197 0.402534 919 215 42.4808
108 6.01815 1570 800 1788
110 2.45922 1132 752 890.32
240 7.57056 1495 408 467.647
275 3.09918 1692 286 206.387
94 5.20318 1931 268 238.033
76 7.45546 500 752 529.446
86 2.09191 1434 283 151.661
184 7.05571 1197 676 1011.15
220 4.29689 861 445 278.452
148 10 1600 271 235.011
97 0.01 1140 438 218.702
117 9.68623 725 682 669.761
108 4.84685 978 390 250.719
170 3.21142 879 495 324.508
137 10 1583 536 909.579
0 5.90714 1348 615 903.132
100 5.70144 1211 275 160.816
240 10 922 463 395.296
240 6.44787 1953 261 240.725
68 4.8178 1193 470 443.487
27 2.99041 640 401 151.871
58 4.05397 1917 542 905.471
267 0.01 1782 293 152.983
244 0.89825 727 690 346.125
174 9.024 748 538 423.352
189 4.23203 704 264 79.8082
50 2.14765 604 589 279.1
156 4.49837 953 639 643.253
168 1.48781 1448 757 972.95
172 7.91049 1903 701 1775.08
111 9.30416 1311 696 1250.25
37 6.74983 1197 491 527.886
177 6.56203 1266 617 875.726
147 4.59366 525 688 413.056
143 6.45266 1158 800 1341.23
150 2.30336 1390 254 122.173
171 9.64605 1382 612 1027.14
216 5.18233 1027 782 1076.78
142 4.93052 1443 484 572.251
189 0.01 1017 682 473.031
130 3.90859 1117 495 435.725
193 3.82009 1266 627 787.4
194 7.25142 1023 443 373.504
101 4.03791 1332 525 589.672
18 5.08123 1817 796 1964.05
164 0.816318 1747 513 459.756
202 7.63131 1125 523 579.314
273 4.23689 500 537 234.595
216 6.75369 1345 660 1071.9
0 10 1508 800 1930.24
161 0.362592 1729 522 471.125
207 5.3374 1713 642 1219.56
156 6.8613 1970 453 742.389
228 3.48983 735 359 146.146
77 6.5597 962 387 261.773
148 6.52015 1848 469 737.474
32 7.69217 1347 578 848.743
176 2.99572 525 200 31.0065
155 1.19122 1880 356 256.37
207 2.31318 1198 536 469.535
16 6.31348 500 318 91.0252
22 6.32061 2000 401 579.128
101 1.83856 1044 557 409.565
66 8.12293 1875 333 397.061
275 7.09645 1051 302 177.432
131 0.47239 1338 327 143.071
30 6.64167 1477 276 205.028
127 3.25949 1158 327 187.364
228 0.01 1466 375 206.156
221 5.79493 999 480 405.8
15 2.91952 500 552 223.243
262 1.94122 765 800 630.641
171 5.81256 500 534 251.56
131 9.75855 1228 446 485.945
145 3.27319 991 770 890.142
66 8.70284 1928 320 382.942
146 5.10659 677 439 222.863
213 3.15872 1180 579 593.183
166 3.36494 500 764 445.645
118 1.2907 1171 325 137.394
127 6.49711 2000 592 1270.59
39 5.36952 1269 800 1404.98
215 3.68875 500 350 95.9713
147 10 1162 536 667.676
0 5.08258 1161 800 1267.69
10 0.973253 1374 800 879.36
194 5.15491 1454 383 365.192
56 5.98988 1214 800 1380.98
203 3.85068 1023 485 381.536
112 7.54776 1061 505 508.103
108 7.01143 1702 456 653.244
18 3.43849 500 483 179.209
91 5.09198 500 289 71.2804
215 4.98166 944 682 745.278
150 8.37487 500 608 355.428
209 1.53863 862 780 622.581
146 6.84288 613 605 411.779
212 4.7805 1722 622 1118.89
94 10 500 469 219.961
109 0.01 1643 375 231.047
36 5.58782 1170 558 636.513
163 8.98602 1271 651 1052.29
149 8.39163 1234 497 586.406
275 5.78748 1460 392 395.414
48 9.11619 785 533 437.058
214 9.76697 2000 687 1878.21
131 6.8317 1150 354 264.38
168 7.8223 1414 668 1194.62
88 7.77017 1471 550 841.199
226 5.05939 976 356 210.787
200 6.69763 2000 800 2337.18
153 6.3926 2000 515 957.822
48 5.43425 1470 577 849.187
221 6.58764 881 371 220.542
30 3.32513 1579 577 800.007
183 5.52933 988 621 663.982
145 0.190674 1391 250 86.9375
155 0.01 539 298 47.8654
123 9.32193 500 200 39.3901
245 9.07453 850 624 647.98
31 4.79958 1050 437 337.111
43 7.9283 1379 512 686.547
25 5.74759 1365 750 1350.96
8 7.19723 757 640 575.846
138 7.45836 897 800 1075.05
191 5.41502 1197 590 722.349
206 3.58065 500 454 160.148
158 5.49877 764 426 241.284
192 9.49549 2000 589 1372.08
0 6.80306 1206 317 222.105
67 7.79115 1790 474 760.746
194 5.76589 1795 526 874.505
188 10 1585 685 1487.44
86 7.10149 1124 661 909.196
186 8.63445 1031 466 433.499
165 6.35645 789 512 372.962
56 4.02845 2000 522 874.749
129 6.26492 731 576 435.803
34 5.05701 1160 505 504.061
159 6.31759 1045 669 842.12
55 0.473516 500 722 260.642
194 3.00889 1913 308 268.294
87 4.05204 1504 291 204.754
234 1.8582 1280 373 226.006
161 6.97141 766 461 300.076
131 5.05314 1664 591 990.116
2 8.69228 1127 696 1058.64
8 2.76908 1517 200 87.521
129 4.23522 1529 453 510.456
74 3.30876 955 800 928.819
28 5.05143 591 510 261.847
156 1.27572 1134 350 153.606
67 7.80983 785 601 536.645
115 4.05555 956 240 88.5482
14 6.65868 812 444 291.878
168 10 1295 603 941.747
89 7.84898 500 292 80.7797
54 5.16039 1310 477 510.487
195 5.83698 792 710 705.146
128 3.34125 887 381 196.215
97 2.35223 1864 428 468.299
251 6.3223 714 799 820.872
167 4.95232 1484 400 402.415
210 9.51022 570 493 274.054
96 9.05601 980 415 330.293
48 2.80395 2000 517 773.946
0 7.90649 980 623 721.929
214 4.31971 1360 431 413.173
193 7.18397 603 629 442.876
207 3.6213 1692 519 710.466
152 7.52559 2000 483 875.552
103 5.07427 1398 449 480.639
185 4.67945 918 446 304.986
121 6.10748 1418 303 232.493
86 10 586 388 176.438
26 7.74078 1427 291 228.24
222 5.6538 500 579 293.728
211 4.5056 500 527 229.647
275 7.38467 1466 428 501.736
139 4.95897 1574 375 375.264
82 3.33362 1400 737 1158.08
0 8.82328 1699 761 1914.36
16 1.06608 2000 556 635.454
185 0.01 500 200 20
140 5.14203 1307 200 89.4581
20 5.35925 833 554 442.065
275 5.07332 1008 520 464.8
0 3.67948 1467 800 1470.09
178 6.80618 1453 548 799.772
65 3.11086 1253 568 603.494
264 0.01 1214 321 125.092
130 6.44074 1663 499 749.06
117 6.39618 1301 200 93.9801
115 7.81404 1574 423 533.099
177 3.19911 1680 739 1380.84
65 4.78497 1139 512 501.582
0 2.72188 722 744 573.45
131 2.76421 1430 383 302.392
227 4.64802 759 800 809.892
165 2.87797 1251 456 379.549
81 6.7549 995 553 556.716
131 8.33813 721 660 603.345
113 1.62074 1140 356 174.778
275 0.01 1302 651 551.789
74 5.17119 2000 719 1771.72
93 7.5623 750 571 459.389
159 4.46037 1790 586 1013.83
142 3.79454 500 446 157.06
115 6.89187 1412 278 200.609
0 6.42678 1537 405 455.807
200 3.57494 905 312 136.837
112 0.01 1031 365 137.355
40 5.65364 1972 354 433.041
172 2.59854 1150 583 552.979
160 5.49403 742 683 602.237
115 4.83118 1673 779 1709.73
73 7.16153 1404 302 237.534
275 0.488655 2000 348 242.208
22 1.47817 1059 236 68.9928
136 6.38363 840 505 386.683
95 2.51538 1123 690 748.847
151 7.98625 1985 486 891.912
18 7.41646 1806 669 1511.67
173 10 1763 700 1727.74
222 8.59785 793 800 981.742
140 3.46772 1278 395 307.085
207 3.33219 2000 741 1672.2
0 5.76056 1525 303 246.48
275 5.62274 1271 397 350.551
260 3.50376 1342 200 82.9106
153 5.79635 1816 553 979.166
159 2.88402 1466 396 335.642
154 1.56514 1076 580 432.388
42 7.8738 1048 583 675.428
125 9.08354 1409 491 665.186
28 0.01 1823 200 72.92
20 7.33394 1249 562 735.855
138 4.50043 1261 420 367.75
156 5.82179 696 718 633.311
192 3.2954 500 380 109.593
8 10 999 622 772.994
112 1.02327 1552 235 86.5655
58 2.15107 847 280 88.4947
170 5.05935 1346 679 1057.49
84 8.53009 1243 432 447.93
77 7.94728 896 707 851.041
44 3.27878 1653 335 281.177
225 7.43657 1553 281 229.48
122 4.59126 1192 640 811.427
87 4.21539 1382 383 329.394
125 10 1103 525 608.029
71 10 1959 502 987.352
0 1.88359 2000 716 1307.26
62 7.4703 1022 366 256.466
144 4.51465 1694 466 608.674
37 2.42233 1002 552 422.625
106 4.54474 1471 592 854.5
131 5.69342 1230 429 397.365
73 8.41754 1196 494 561.898
200 6.34344 1182 507 547.604
275 3.37456 1376 200 84.113
50 8.98375 790 659 670.196
214 7.73219 1634 506 789.996
99 6.23484 1096 697 955.649
64 4.95003 1483 207 107.684
34 7.83043 1373 685 1220.06
148 7.82149 1539 318 294.652
16 3.68052 2000 373 435.727
55 2.16027 1452 780 1178.9
173 6.33285 853 534 438.218
80 7.06124 1209 800 1430.59
146 4.74351 925 477 352.759
205 5.20852 1892 776 1955.88
105 8.54358 1530 368 400.233
205 3.4887 1950 481 695.979
39 1.21853 892 374 135.479
172 5.87395 1338 800 1514.77
168 6.67757 838 482 355.23
80 3.91162 1800 230 151.624
217 2.39494 1196 800 1055.77
136 1.31748 746 665 369.404
117 8.50332 1748 412 572.533
170 2.3146 1656 425 408.135
209 7.98964 672 482 297.026
33 2.90992 967 776 852.424
29 4.01085 1126 437 344.746
215 3.71857 520 655 350.34
158 6.13503 1379 236 137.313
187 9.45367 1324 638 1064.7
198 3.99182 1362 429 401.356
6 2.61269 946 701 658.755
66 0.491364 897 628 353.762
222 6.55648 1545 280 220.05
38 6.63315 1424 781 1582.32
60 5.61408 500 635 352.677
243 8.19137 1478 654 1209.56
237 7.33386 957 366 239.128
130 5.40698 2000 626 1358.21
92 6.61803 1512 644 1141.74
194 10 1138 682 1058.62
98 4.6965 1554 672 1173.19
140 5.1586 500 429 157.588
186 4.09818 1207 790 1214.75
189 7.4793 608 621 439.364
0 0.01 678 676 309.83
165 3.97672 500 390 121.644
275 2.69458 937 512 351.37
275 0.203656 2000 297 176.418
186 10 1836 490 881.647
173 3.53693 1124 432 324.848
0 3.72229 1390 654 933.886
267 5.56985 1617 771 1678.12
160 6.31469 1456 403 425.725
114 5.41269 1028 200 71.2779
34 10 938 339 215.592
234 6.39462 1564 664 1245.22
47 2.19626 1101 580 496.928
53 3.47111 1445 665 984.383
157 5.27375 1647 800 1815.25
175 4.226 1889 433 575.85
86 4.0009 1606 492 622.846
185 3.9448 1021 459 343.313
101 0.01 1783 724 934.606
98 3.93626 613 482 227.163
137 2.42413 1235 266 120.988
139 1.74131 784 489 232.628
275 1.66025 1056 507 331.208
275 5.28089 567 727 516.254
57 6.54997 1664 622 1169.25
98 1.08657 1382 565 457.076
198 7.09417 1767 467 713.269
65 6.09789 1649 347 354.455
134 1.71786 567 385 103.793
275 3.87871 1427 580 762.638
46 8.83242 500 589 337.568
51 3.96185 1150 572 601.228
171 5.77188 1651 365 387.41
226 3.94313 729 380 167.99
182 6.38752 1013 466 397.135
218 5.83861 1064 281 148.396
180 0.01 851 453 174.633
190 8.06957 2000 335 427.993
228 4.61262 1049 608 645.242
81 7.0519 1031 633 763.554
275 0.908493 932 739 508.985
85 1.22068 1694 290 154.803
163 7.51875 1749 400 525.021
157 3.20492 1060 381 231.701
179 6.89173 807 373 206.402
88 0.01 1566 590 545.125
73 8.90837 1134 677 1013.4
248 3.45818 1455 426 406.329
170 4.30528 844 762 800.764
147 3.68298 1821 556 881.671
189 5.93274 1515 651 1138.53
230 6.87629 500 502 231.51
72 7.95987 1335 645 1055.75
162 2.16978 1731 797 1469.45
199 0.895449 1477 200 59.08
137 3.4258 869 625 520.98
167 4.85162 1629 535 786.062
93 8.94653 1156 599 809.495
144 5.08871 500 509 221.075
44 9.79647 1510 421 532.878
119 8.14292 783 389 226.398
221 7.95733 1431 524 746.846
131 9.62209 1178 261 159.151
275 2.29812 945 800 823.358
230 2.2845 572 200 31.0892
227 6.43416 1166 431 391.715
256 0.26264 986 676 450.578
209 3.08549 1260 800 1200.99
89 6.99246 830 718 789.289
58 6.51068 1234 363 294.901
84 3.70033 1683 702 1300.68
134 0.203037 610 221 29.793
77 2.85778 1308 377 270.683
270 2.91977 1524 642 920.441
103 10 1820 540 1061.42
115 2.17095 725 654 414.487
156 4.48059 679 551 340.415
0 0.01 1196 769 707.268
257 6.53614 1545 534 799.769
240 4.84236 828 423 249.647
165 7.67115 1045 376 278.465
170 5.75077 1285 713 1149.55
185 3.05937 612 626 356.296
135 5.3059 744 200 51.3288
275 10 1737 544 1028.08
48 3.52625 1307 356 256.303
66 10 1397 585 956.177
239 2.58529 1198 586 581.09
0 4.87622 1431 435 457.101
49 0.91474 1196 326 127.106
68 0.01 865 345 102.957
190 6.91232 500 800 588.68
195 3.88872 1582 646 1049.58
157 3.64916 833 628 513.215
37 3.77102 711 428 205.324
181 6.38847 1042 646 785.065
275 9.62776 873 261 117.96
275 1.00872 1528 653 654.011
275 1.49135 500 620 225.562
236 0.01 1968 212 88.4498
142 4.55776 1676 550 840.97
133 3.16169 1675 319 255.661
217 0.01 1347 425 243.302
115 2.10186 1265 476 379.083
178 4.85919 1921 542 951.763
150 9.56527 1210 370 328.101
275 7.08395 1252 581 781.975
173 3.82455 1380 548 655.852
101 6.15934 1067 656 821.698
143 4.92754 1282 591 757.923
104 1.94485 1716 407 366.37
109 4.69607 1293 655 927.36
56 0.380576 1388 483 323.805
245 8.83936 1585 652 1311.48
174 4.85807 1179 576 659.684
78 5.96883 1089 372 267.627
229 6.17261 684 510 318.539
161 8.54633 1821 288 291.778
126 4.99469 1160 473 440.807
79 7.11406 1646 429 561.065
0 1.58446 1616 200 77.5603
66 6.15052 1348 608 891.428
131 7.48175 2000 435 709.217
145 4.56967 500 749 465.598
148 2.53009 1416 235 109.723
275 0.526505 1575 588 544.547
144 6.87752 848 426 282.765
275 3.60973 553 226 43.9909
65 5.2793 1123 614 729.281
127 2.91345 1448 629 838.942
80 4.07288 1070 360 223.248
244 5.93978 852 536 434.177
137 8.82655 835 380 234.612
53 4.80106 1321 516 591.367
87 2.19852 1349 279 140.934
63 0.01 1897 561 597.026
177 2.72512 824 483 275.924
40 9.19553 1730 671 1529.46
204 4.85198 1235 396 326.508
139 4.56298 1253 800 1330.58
211 4.83323 1726 428 532.515
6 6.93937 1372 320 258.692
0 7.68165 1206 403 369.295
148 4.13404 888 200 57.4136
82 4.40859 1333 732 1174.45
124 7.4934 1216 670 1023.32
59 1.21733 790 408 142.738
102 3.07733 500 545 221.012
143 3.51973 1780 364 364.733
152 5.69538 1364 572 783.453
121 6.20202 2000 632 1431.96
65 1.5052 821 800 618.754
186 2.63806 1221 415 298.877
149 4.20111 1376 368 302.503
150 9.75899 1594 295 275.966
77 3.53107 1021 536 454.046
0 6.01328 1014 417 313.699
198 3.4564 875 553 411.709
61 5.10691 916 642 644.902
128 4.96864 1390 704 1168.55
247 7.00256 1880 299 310.139
30 8.78903 1211 200 94.1645
130 1.5977 1501 626 707.903
193 3.31182 1049 476 361.287
0 5.32032 923 549 480.144
23 5.76542 1152 379 291.372
63 0.01 526 353 65.5443
183 0.50424 1493 502 376.242
138 4.17935 1038 427 306.807
224 5.8397 975 422 306.702
171 7.68917 1180 200 89.0135
0 4.58427 1247 600 745.777
0 3.14817 1006 800 964.51
86 0.01 1210 634 486.367
69 2.52679 925 800 830.321
81 4.1973 1626 455 546.328
154 7.58239 915 341 200.006
122 0.01 1052 695 508.142
34 7.72467 1026 436 368.209
162 2.26707 987 404 218.357
83 2.15905 948 479 290.215
108 9.15785 1673 562 1036.63
249 2.78979 1366 497 487.757
107 5.63134 1518 333 294.68
116 3.28429 1119 283 135.903
252 9.35352 1448 396 447.548
180 2.6334 1991 570 918.898
117 3.45968 668 459 216.596
68 3.73799 1950 432 572.31
94 3.9256 1402 208 96.6802
160 7.98733 896 567 547.995
132 4.66762 1615 415 464.248
149 8.72592 1210 346 281.139
63 7.61799 1430 462 574.385
172 3.26752 1342 315 201.633
78 1.71368 1503 298 164.696
76 5.6725 1073 625 735.078
217 10 1264 546 753.637
153 0.01 1087 310 104.461
55 0.642082 2000 522 544.968
205 0.990873 1703 302 155.32
150 2.67646 1243 680 820.509
82 2.26246 1153 299 139.629
244 4.15418 1394 494 550.586
169 6.61911 1363 445 491.449
188 7.10014 1120 424 372.751
217 10 1059 349 257.975
174 4.65334 1781 589 1030.46
41 10 1787 593 1256.79
134 7.54883 1270 362 312.528
275 9.05263 1343 430 485.908
131 3.67677 1279 428 366.777
159 8.1661 997 221 93.1046
59 6.12004 1029 400 294.171
175 3.18248 1594 591 836.671
213 4.66286 836 794 879.454
118 2.85466 738 500 268.55
188 7.29449 1563 263 201.411
124 6.87215 2000 591 1283.32
136 2.46536 1169 693 781.417
58 6.30441 1328 613 898.061
96 0.01 1440 426 261.325
95 8.29745 1098 349 256.635
191 9.16793 1122 535 630.173
197 3.47903 1544 675 1084.39
118 9.06313 1799 284 284.001
53 6.32518 850 495 375.112
265 2.31389 1297 725 930.121
54 7.25991 1162 662 947.66
275 2.08229 544 463 153.764
182 5.77983 920 375 227.948
117 8.02246 1300 800 1584.38
54 0.719071 2000 557 620.498
238 6.1018 685 561 384.916
186 4.68439 590 505 251.374
201 2.60405 1634 647 968.314
0 0.299573 1529 800 978.56
198 3.34496 2000 401 490.247
81 0.01 1087 770 644.482
227 9.23308 1026 563 639.151
181 6.85085 883 800 1037.42
13 8.98332 887 423 310.03
96 0.875418 2000 444 394.272
72 3.21644 1085 481 378.391
112 3.19838 1254 398 298.937
139 7.40104 920 200 68.79
122 2.71893 1751 361 327.318
190 7.50764 1709 611 1196.58
143 5.36824 1348 718 1202.11
139 4.19485 1488 627 949.25
214 3.06656 1166 592 607.507
191 4.54136 972 200 64.4314
275 0.941482 1479 324 155.26
275 0.675107 966 695 466.602
235 4.3163 1220 317 200.459
140 1.25778 1689 257 122.668
237 8.01673 1630 415 534.503
110 2.37077 1268 800 1115.75
222 5.63247 1058 303 170.052
122 4.76674 1146 800 1230.87
108 6.39454 955 366 231.014
40 8.12385 1222 399 371.532
37 4.54358 1663 739 1505.25
101 7.35884 831 375 218.154
58 6.56995 1012 597 655.569
104 9.55027 542 286 87.7809
196 6.54017 796 729 768.043
93 5.11435 1645 683 1311.28
117 6.95569 514 497 233.908
150 5.84555 1886 445 659.865
15 6.36201 900 633 650.412
110 3.48068 1675 313 252.984
220 4.25343 1799 601 1058.36
165 7.55758 966 693 871.42
182 3.73003 1967 475 697.533
185 4.07664 841 302 123.514
4 6.56811 798 383 212.746
165 4.29915 1758 650 1213.2
142 8.92261 1297 800 1619.06
70 4.03976 967 602 562.939
0 1.72018 1104 518 366.013
217 1.12769 1091 292 97.8777
275 4.72621 1121 682 873.098
177 0.01 1751 517 468.023
131 4.73147 1610 286 220.583
118 7.41562 1270 591 829.573
199 5.83446 1081 460 403.954
131 10 878 291 148.7
227 5.04282 504 297 75.6963
77 9.05855 675 529 369.674
82 4.00656 1271 461 432.931
97 5.786 1710 295 262.264
71 8.36457 1307 640 1029.17
0 6.47257 1546 343 329.408
131 6.75912 1234 456 469.537
87 6.98885 1383 657 1101.06
207 9.11189 1375 200 107.778
27 8.72748 1794 338 397.792
114 2.19269 1135 689 722.529
36 3.53152 1903 431 547.209
158 6.78677 835 478 349.452
275 10 869 421 308.045
119 5.34058 1397 534 688.207
232 2.29087 716 668 434.515
265 5.22183 668 529 321.119
163 5.15766 694 608 439.324
132 5.11446 1744 519 802.735
275 2.51686 1779 221 121.718
115 4.71634 883 800 945.788
270 6.88429 1584 706 1451.03
102 0.01 1050 800 672
275 5.32451 1797 403 503.813
86 10 1238 542 727.36
139 0.0651468 914 440 176.95
0 1.78287 589 200 29.4764
95 5.98702 2000 800 2274.83
134 6.83953 1219 461 475.388
168 4.65318 1505 279 195.378
62 8.15116 2000 362 500.908
114 4.27695 1109 200 72.3571
89 5.98471 1526 502 683.376
151 6.4415 1788 730 1723.65
100 8.21498 719 242 80.6193
90 3.82677 1811 358 367.383
164 3.56358 500 706 386.758
249 4.51367 1063 445 348.28
99 8.67711 966 217 88.1728
107 5.12723 759 510 337.558
194 4.32459 969 632 633.179
188 1.20818 1251 474 304.154
134 1.7219 1280 410 265.95
239 2.93606 1611 324 248.223
237 0.01 500 673 226.464
119 8.77115 1102 663 941.226
130 6.81189 1291 384 348.991
38 0.0484123 1165 200 46.6
66 2.99978 706 200 41.713
23 4.61836 1303 437 414.179
244 2.95993 1181 736 941.242
207 3.10259 1299 592 679.111
62 6.51543 1854 800 2152.35
61 3.6666 853 576 442.694
132 6.04945 805 405 235.258
231 5.79154 2000 331 386.267
88 4.50916 1358 430 415.334
215 0.652344 1576 701 774.448
135 8.16497 564 800 690.139
268 6.01294 1530 716 1395.45
98 4.84587 628 388 159.338
49 9.78711 500 445 197.1
178 9.16338 890 339 200.678
191 4.43939 1741 425 518.031
115 8.15251 1245 285 193.28
143 7.05589 944 200 69.8013
89 3.72688 1746 344 324.663
46 3.10873 1289 273 143.389
230 0.01 1908 533 542.042
133 6.73864 847 694 745.958
120 2.4762 1003 731 747.02
59 6.53457 1158 518 564.023
148 6.92865 700 473 288.265
142 3.72771 1715 419 473.141
131 0.01 993 509 257.267
109 2.70159 1193 422 304.154
93 8.97101 1944 301 343.951
225 3.61159 1574 320 251.066
1 6.95752 500 235 50.8748
115 6.14794 1360 492 588.862
62 6.18654 789 200 56.5381
91 4.32862 1403 386 342.065
27 3.60357 1527 782 1453.67
224 6.57309 1321 664 1058.71
181 3.73599 1782 451 569.935
199 5.50414 1039 670 811.87
144 8.36183 1667 800 2050.86
8 0.179626 1698 268 121.957
11 2.58965 1241 486 414.248
65 1.66005 1146 748 782.331
153 7.9032 668 488 301.903
90 6.27098 1569 540 822.318
275 10 1148 406 378.463
88 5.59204 1457 362 333.665
32 3.80283 500 442 154.348
167 4.53961 1415 467 511.349
170 2.26021 1216 269 119.153
118 2.46159 1385 430 356.272
162 2.65291 1228 781 1066.41
152 4.14281 1230 479 456.421
248 6.56662 1763 214 146.729
84 10 1312 511 685.182
51 0.139832 1904 614 717.8
88 6.72295 1902 404 567.342
132 2.14022 758 622 390.167
170 4.34314 850 529 389.576
122 0.409288 1220 530 342.698
242 2.7353 1451 533 592.352
102 5.49672 1419 694 1189.26
64 9.69515 1565 669 1391.45
184 9.49394 1382 431 507.653
0 9.55873 1592 472 702.393
143 2.4426 905 426 227.935
119 7.50109 554 382 151.589
129 0.01 1839 611 686.537
81 7.60534 1822 383 502.762
197 10 1191 600 857.52
110 9.27228 1530 591 1051.26
227 3.2712 1527 676 1056.97
151 6.07874 1701 347 365.353
174 9.20657 541 415 183.002
275 5.03564 500 537 245.41
93 0.01 1502 633 601.835
275 7.73621 1167 455 456.265
127 8.8936 878 568 552.103
215 4.83549 1880 440 613.082
124 2.16474 981 544 387.686
159 2.35627 1528 450 424.594
220 2.98129 1711 601 911.204
61 0.01 500 350 61.25
91 8.05827 2000 676 1742.21
153 5.64817 1741 479 699.811
170 7.32072 1493 443 546.314
275 7.2722 990 762 1070.16
16 3.02774 1642 696 1178.1
120 6.21025 500 521 243.362
220 5.6272 1074 631 748.468
168 5.33497 1190 747 1146.87
4 9.04785 1382 562 854.025
234 9.39661 1248 541 720.659
64 2.1036 1735 669 1027.3
275 8.81891 875 240 98.0489
3 7.78778 1106 415 360.278
51 6.5362 1180 522 583.684
225 2.03851 1333 513 459.313
275 3.92586 1965 556 968.239
229 9.56934 1771 619 1344.18
59 6.87299 1370 364 333.478
154 9.89574 1832 683 1705.33
215 5.88562 1715 540 885.063
82 2.25919 2000 559 846.169
0 1.29402 923 428 188.006
177 10 1221 520 660.317
95 0.90858 1554 398 246.16
61 0.01 1128 200 45.12
138 7.62637 843 440 307.203
189 1.83036 500 477 143.632
80 1.99463 1405 732 978.579
21 5.672 1815 654 1361.43
14 9.02671 683 484 312.879
83 2.55612 2000 529 787.798
214 3.41615 842 323 134.714
195 6.35345 1187 552 652.119
247 3.71732 1024 424 289.065
183 2.57612 1108 641 642.351
19 1.95831 608 423 140.542
275 4.96707 1280 676 992.099
126 5.34925 557 536 276.568
111 9.12839 668 778 792.646
264 5.7234 741 590 453.373
0 5.15742 738 368 171.146
210 1.03211 1213 601 444.15
0 4.45398 1479 627 958.645
199 8.00842 1912 447 727.221
48 4.05423 2000 325 339.671
215 4.42529 1442 433 444.995
160 3.49429 1644 710 1279.04
161 2.95788 1135 615 631.471
159 1.03299 730 594 261.201
138 2.841 818 211 52.9328
132 7.5835 1294 483 567.488
90 2.87078 500 322 75.5856
217 0.761073 1790 553 547.398
165 8.14606 791 445 299.327
69 4.82288 1589 535 765.587
135 6.99257 2000 310 354.539
88 4.96155 1232 300 188.01
131 10 852 735 920.543
104 7.11272 1000 470 409.115
178 4.59297 1779 435 559.513
142 9.7943 1875 800 2389.17
11 1.65768 1314 526 443.352
137 8.37334 1183 800 1455.87
222 2.50722 1564 200 87.5335
275 0.01 689 600 248.04
189 5.24219 1358 238 132.269
135 0.01 1309 682 608.847
173 4.32926 1164 383 279.411
184 3.89166 1606 733 1372.11
192 1.56845 992 591 414.214
221 4.42258 1373 492 546.947
103 5.23467 1428 365 327.011
104 10 500 471 221.841
173 3.95608 1308 656 899.068
53 9.6967 1100 200 87.4115
129 7.68488 840 311 153.2
209 5.04143 956 373 226.452
148 3.16338 819 761 711.522
238 5.57853 1510 332 290.688
155 4.17661 1119 611 677.093
151 3.41264 1272 200 78.0036
275 1.34682 1080 726 642.85
29 0.01 1152 713 585.641
158 4.89767 1385 200 93.6254
114 4.20143 2000 475 732.558
88 2.22642 1540 707 1037.34
18 4.2575 788 443 251.939
101 2.65869 1774 648 1061.25
74 10 1782 590 1240.63
68 4.36778 1510 472 551.79
97 4.53395 924 570 497.287
117 4.04547 1293 794 1309.93
275 5.35508 1496 465 559.209
162 3.17293 1006 591 527.578
156 3.58755 1149 250 111.654
131 5.32141 1400 200 96.6575
216 7.63255 1606 557 938.059
218 3.20058 500 348 91.1446
195 7.54516 1656 691 1484.69
38 6.08309 2000 537 1028.97
44 1.8783 1139 202 59.1992
79 4.34232 2000 762 1901.87
107 6.00284 1815 201 130.403
62 0.01 1442 461 306.455
3 3.97817 2000 257 211.315
0 9.43188 1171 605 846.343
216 5.81786 1993 382 513.24
74 5.15908 1942 765 1946.35
199 4.03513 1219 442 382.433
51 7.66636 1879 477 805.713
165 3.23027 1258 360 246.061
127 6.93937 1572 354 362.734
110 0.736264 1863 677 853.867
242 1.3104 1371 348 185.527
36 9.42451 1699 607 1235.88
35 3.37191 500 440 147.898
0 10 875 200 70
221 5.2442 1902 437 624.627
103 3.49266 748 473 258.246
150 8.88029 1444 550 851.093
120 5.72899 1391 771 1453.7
227 4.52176 1863 477 701.662
END
