Delay, Zoom, Max Iter, Resolution, Estimated cost
0 4.48495 1458 800 1541.29
0 7.50918 500 200 37.5118
0 8.53057 1941 511 978.689
0 5.20768 923 249 98.2382
0 8.12167 1351 798 1642.91
0 5.3811 1646 511 743.937
0 7.42936 2000 322 387.975
0 4.83779 500 474 189.25
0 9.8427 500 218 47.3604
0 2.5287 1382 656 834.337
0 3.51527 1895 667 1303.34
0 5.25459 926 800 1019.66
0 2.38648 1201 697 803.862
0 3.63887 1118 498 432.807
0 10 1296 617 986.746
0 6.68799 624 200 45.5594
0 1.36688 1039 717 606.637
0 7.59688 822 374 216.232
0 8.28717 1518 497 719.325
0 10 578 681 536.108
0 6.06274 1543 661 1201.82
0 3.92559 2000 411 538.488
0 6.30727 1028 800 1184.15
0 0.01 718 648 301.491
0 4.42519 1704 308 266.062
0 3.47894 861 216 61.9212
0 8.73775 1499 800 1862.5
0 3.97904 500 684 374.233
0 0.01 1353 503 342.321
0 2.71333 1257 340 208.301
0 2.65293 1213 328 185.795
0 2.47669 1211 402 272.784
0 5.20849 1117 200 76.7027
0 5.80616 1101 311 187.836
0 1.45446 500 800 372.065
0 0.01 709 756 405.219
0 3.88446 1908 629 1199.76
0 2.12862 1642 700 1068.56
0 1.70264 500 328 66.2245
0 9.81344 868 612 647.549
0 3.87069 1215 800 1234.66
0 2.51618 795 357 141.926
0 1.88912 1633 626 816.722
0 10 500 468 219.024
0 5.44526 1695 200 117.702
0 6.14354 1029 259 123.448
0 5.77678 2000 800 2254.96
0 10 526 763 612.442
0 6.48996 963 775 1048.2
0 0.01 2000 800 1280
0 7.53877 969 610 676.889
0 5.06155 2000 406 561.855
0 10 1787 754 2031.88
0 2.36605 1593 663 962.137
0 5.39544 500 518 232.372
0 10 1429 200 114.32
0 9.91959 877 424 314.774
0 6.19756 500 200 35.8444
0 1.28897 816 360 117.412
0 9.64747 2000 746 2208.72
0 6.44525 1194 260 146.032
0 0.01 1378 611 514.436
0 5.62104 1120 474 440.319
0 10 1496 571 975.515
0 3.85103 1877 477 677.155
0 4.53263 887 726 774.371
0 9.18911 2000 546 1170.57
0 1.54666 545 800 414.861
0 0.586022 564 200 22.56
0 2.05551 500 746 365.331
0 0.01 575 200 23
0 2.42499 2000 710 1396.06
0 0.01 1094 279 85.1581
0 5.51419 2000 484 815.905
0 6.3908 550 602 359.887
0 0.01 500 549 150.701
0 5.73725 1644 342 338.179
0 8.26388 1566 486 709.134
0 3.56379 500 534 221.269
0 10 1248 336 281.788
0 10 2000 748 2238.02
0 0.01 500 200 20
0 0.882159 500 485 117.612
0 5.85594 552 200 39.0285
0 8.63648 1804 616 1325.5
0 3.32133 722 489 262.647
0 6.05178 1541 380 396.505
0 1.80919 1393 643 724.228
0 0.489836 1040 556 321.501
0 5.88089 1940 497 847.912
0 5.26504 856 200 58.9408
0 9.32391 723 463 305.266
0 9.18666 1253 376 347.762
0 4.58955 689 654 489.718
0 7.61029 1928 800 2321.5
0 2.19457 1147 758 883.982
0 6.1656 1267 333 251.485
0 4.23933 1463 200 95.2294
0 6.06024 1358 223 120.375
0 3.09392 500 573 244.689
0 9.62514 531 661 460.16
0 3.4231 577 427 161.427
0 0.01 1019 200 40.76
0 10 1058 710 1066.68
0 7.93721 1875 200 142.475
0 6.35867 1210 408 363.237
0 9.64208 2000 772 2365.07
0 0.126911 1818 484 425.877
0 0.797258 500 200 20
0 7.85235 1485 679 1297.4
0 5.59092 1111 487 460.453
0 10 930 630 738.234
0 8.93737 680 354 166.272
0 0.01 500 671 225.12
0 0.01 1027 200 41.08
0 4.3506 500 800 524.336
0 3.73895 1453 448 458.65
0 8.68925 2000 200 155.119
0 5.32775 559 524 265.004
0 0.01 500 787 309.685
0 0.661115 2000 263 138.338
0 10 500 200 40
0 8.40155 1503 200 115.692
0 7.72514 1480 451 568.323
0 1.72253 799 383 144.884
0 6.66042 556 396 158.991
0 0.01 1199 503 303.358
0 10 1595 800 2041.6
0 5.70708 961 589 585.573
0 3.67882 500 355 98.6592
0 7.87531 1118 741 1164.07
0 10 1005 767 1182.46
0 0.01 2000 699 977.202
0 0.01 1820 800 1164.8
0 8.68035 1189 384 339.874
0 3.25161 2000 406 498.497
0 3.19821 2000 468 659.222
0 0.0417841 1639 506 419.643
0 5.54866 1628 488 676.219
0 2.7683 1723 741 1364.43
0 4.77102 1455 273 182.028
0 6.18029 753 792 845.947
0 7.32467 1561 800 1863
0 0.01 1351 335 151.616
0 10 2000 364 529.984
0 0.494191 2000 276 152.352
0 10 1156 431 429.479
0 2.94879 893 372 181.614
0 0.01 1471 228 76.4685
0 7.50176 903 326 179.954
0 0.01 2000 298 177.608
0 9.87761 500 200 39.893
0 4.05145 1357 200 87.2611
0 4.52511 2000 577 1102.41
0 10 1171 597 834.71
0 2.42174 1710 234 129.6
0 1.02498 1681 221 82.9814
0 4.94439 500 500 211.764
0 4.35139 1902 800 1994.67
0 7.10702 1238 539 665.987
0 8.11319 1141 200 87.1355
0 7.30419 1179 442 429.244
0 0.01 2000 526 553.352
0 10 735 780 894.348
0 5.01323 2000 505 867.145
0 1.89828 1985 200 101.502
0 6.45233 1340 343 285.301
0 5.71466 1480 620 999.573
0 0.01 842 800 538.88
0 0.01 2000 800 1280
0 0.01 500 800 320
0 7.87932 957 495 444.706
0 10 500 200 40
0 0.01 1764 200 70.56
0 0.01 848 531 239.103
0 9.51216 1204 246 144.14
0 3.5769 905 200 56.2369
0 1.51392 1428 450 341.251
0 10 917 319 186.63
0 8.42024 1640 311 305.4
0 0.101954 1571 200 62.84
0 0.01 1017 800 650.88
0 4.30315 765 200 49.9939
0 5.07401 1487 200 101.434
0 0.01 2000 426 362.952
0 3.98954 1441 200 92.2772
0 3.68731 1197 416 324.541
0 10 1758 800 2250.24
0 0.01 1303 200 52.12
0 7.02916 500 768 544.674
0 5.89861 2000 576 1174.98
0 6.72715 1822 200 133.212
0 8.50766 1168 800 1442.57
0 6.05055 1187 800 1353.59
0 6.15205 743 497 328.335
0 4.58039 1994 292 282.381
0 5.07925 1720 520 793.347
0 4.69089 647 413 184.437
0 10 515 800 659.2
0 5.87714 500 474 198.745
0 5.2472 1051 422 321.913
275 6.09347 1544 793 1733
174 10 1821 200 145.68
147 7.29041 916 200 68.2512
0 5.83932 500 603 321.133
0 4.30604 1920 800 2007.95
112 8.16155 1373 596 932.394
221 6.97151 1446 387 399.202
72 0.01 1415 734 762.34
122 3.91678 1320 322 218.013
202 8.63724 1033 437 381.991
155 5.06481 500 200 34.0913
127 5.40311 1776 318 311.176
266 10 537 227 55.3421
96 7.40053 651 610 452.805
252 5.35315 500 227 44.5368
102 6.53411 500 352 112.454
275 0.01 1472 640 602.931
3 7.2819 794 544 437.578
155 3.60271 960 200 59.7746
90 7.36266 1222 268 163.868
110 1.57323 500 495 146.622
81 7.99439 1593 683 1413.99
88 2.13772 623 200 33.1424
193 2.41039 2000 200 110.567
200 8.31123 1984 414 652.782
0 6.56766 2000 522 990.431
80 0.234781 1190 800 761.6
126 7.99028 1287 312 238.356
143 5.04449 1458 800 1588.93
188 4.26507 1659 724 1417.4
211 2.45879 893 800 794.825
20 0.01 1054 349 128.378
0 1.93849 2000 336 290.699
14 5.14761 1027 496 432.452
209 4.46473 500 200 32.9959
136 6.95945 2000 200 147.406
30 6.60117 676 800 787.241
96 10 1601 800 2049.28
70 0.01 500 567 160.744
212 6.90197 1094 588 695.58
131 2.28226 1185 774 964.31
204 5.90131 500 290 74.4684
0 0.241853 1678 558 522.469
168 10 1762 200 140.96
275 9.15058 2000 490 941.888
193 10 1224 391 374.253
0 5.83095 2000 200 141.259
216 10 1233 800 1578.24
110 6.65527 1441 800 1681.4
121 10 1297 365 345.586
257 5.26229 1118 450 389.665
14 6.38978 1454 318 265.468
196 2.96214 1881 518 742.745
0 9.97277 1516 722 1579.6
104 0.01 500 456 103.968
0 4.82372 1396 506 601.685
10 4.91577 1251 624 823.99
275 10 1659 734 1787.59
235 3.84897 659 433 195.878
184 2.76759 2000 639 1177.68
63 4.87293 500 200 33.7558
150 0.50877 759 200 30.36
0 7.71898 793 290 125.884
30 9.27093 1096 800 1379.82
0 10 1560 453 640.252
130 10 1590 535 910.196
112 10 1520 383 445.935
42 6.91912 1477 503 687.617
137 9.21205 500 709 493.722
208 7.27002 1918 270 260.284
252 2.10693 2000 677 1213.34
214 10 1327 260 179.41
160 0.01 1974 516 525.589
180 9.61048 993 669 881.188
94 4.8327 1439 385 359.231
199 0.279579 1532 301 138.801
0 8.59673 1967 254 245.473
124 3.93056 1123 339 205.774
0 9.71617 1364 455 561.233
178 10 2000 559 1249.92
161 7.46986 1040 336 219.949
181 7.04986 1125 443 408.042
0 1.24056 2000 669 978.92
120 7.30005 500 440 180.37
0 2.09707 1848 530 686.054
113 0.446783 817 498 202.619
98 10 1986 800 2542.08
20 7.35724 835 524 427.984
177 0.01 840 378 120.023
0 5.69916 500 347 105.708
121 0.01 1064 208 46.0329
148 0.01 1798 661 785.584
185 0.01 596 639 243.359
82 4.43868 2000 800 2108.48
179 4.30584 1588 696 1257
236 9.17836 769 200 60.3747
34 5.42546 1041 590 628.511
275 1.12495 2000 512 551.096
181 3.10218 1555 317 233.088
78 4.22819 615 318 101.133
66 5.78943 1929 800 2176.08
97 6.50563 1019 592 647.567
175 0.01 2000 200 80
216 6.95868 1820 666 1487.42
106 7.93114 1806 800 2195.33
0 7.43704 685 728 679.391
275 0.01 1890 570 614.061
0 8.54251 1862 306 336.772
275 4.77449 1818 481 706.181
119 1.14288 500 636 213.979
0 10 1730 289 288.983
89 4.60503 749 214 57.0509
269 7.71915 1595 246 182.194
71 2.23556 1155 454 321.24
275 0.820854 1719 451 349.646
0 7.80364 742 321 144.678
190 7.12192 500 200 37.0519
79 4.1909 1245 447 403.569
1 6.58909 500 386 135.499
137 6.51172 1607 800 1865.35
7 3.68323 1304 800 1307.11
13 4.53975 500 318 83.7829
85 3.3112 1512 589 797.3
242 1.34372 1091 316 122.921
116 5.85418 1971 396 546.296
275 6.03813 1776 253 202.453
237 8.13031 920 554 539.343
65 4.91354 500 474 190.008
215 5.27159 1387 200 95.5333
0 6.41172 1709 659 1341.11
8 1.95693 1926 200 99.503
143 0.01 570 652 242.309
224 9.71771 709 372 195.008
72 6.79232 1090 200 79.876
218 10 1761 800 2254.08
242 8.8609 500 200 38.9496
155 3.3351 2000 280 238.823
115 0.01 500 717 257.045
275 5.90295 2000 728 1877.28
261 0.01 886 373 123.268
122 1.10714 1807 410 317.184
275 0.01 696 517 186.033
275 10 782 784 961.322
0 0.01 1533 800 981.12
107 1.51137 2000 669 1055.68
0 0.01 1887 800 1207.68
124 0.01 1456 200 58.24
0 6.69787 500 403 148.274
183 0.01 535 800 342.4
3 1.95241 547 514 186.507
14 9.68796 1189 621 910.742
174 8.25886 901 200 69.0858
275 8.32886 1666 800 2047.81
198 0.01 1773 212 79.6857
128 5.78959 1351 632 951.163
92 3.47574 1371 692 1011.73
109 2.75128 555 800 511.323
0 2.44833 893 678 570.128
249 5.75928 969 663 749.815
89 4.51229 920 585 520.882
0 0.01 1285 742 707.475
16 2.18334 1475 658 855.192
0 10 1196 201 96.6392
260 2.44417 1552 200 86.1752
138 9.2784 1483 800 1867.37
0 1.53821 755 651 379.809
275 6.51985 934 422 301.763
168 10 500 793 628.849
123 8.33089 1373 409 441.138
275 4.74151 664 575 367.922
232 6.66715 2000 669 1632.65
259 2.19365 500 647 280.712
266 0.789788 888 395 138.55
0 8.21937 1028 499 490.147
152 9.10385 1511 200 118.416
147 0.871476 2000 200 80
275 4.74184 500 705 416.494
258 4.2129 1154 581 632.848
225 1.82284 1549 595 691.375
275 9.86156 500 507 256.271
88 10 1524 742 1678.12
0 9.27837 844 749 931.568
202 1.89709 500 405 104.819
85 3.4457 2000 800 1967.71
124 1.2108 1951 226 107.927
189 3.7119 1472 603 840.099
198 2.98238 721 524 291.918
68 10 645 755 735.332
148 9.67065 500 408 165.253
65 2.4076 1000 730 736.246
190 4.97424 2000 346 406.251
275 10 1198 604 874.099
53 9.6251 1754 643 1438.34
0 6.50913 1865 323 352.864
54 8.1631 1001 512 501.682
258 7.09418 523 586 332.415
151 10 1364 200 109.12
195 0.01 500 795 316.012
220 4.48012 500 689 391.951
0 10 1177 800 1506.56
59 10 1847 800 2364.16
0 6.40808 1568 589 982.81
87 6.32208 1566 618 1077.08
86 0.01 1562 589 541.891
11 3.03615 500 743 409.158
210 7.48387 574 220 52.0662
275 8.34017 1912 682 1708.53
99 6.33873 500 222 44.4049
275 6.527 1710 511 810.3
256 4.13083 1501 800 1552.43
201 6.63045 667 733 652.79
262 8.323 2000 602 1391.83
112 6.09106 1437 741 1408.18
134 0.01 500 726 263.538
275 10 774 690 737.003
275 6.41664 1744 800 2017.24
219 8.82055 2000 564 1237.71
174 5.27442 518 800 570.935
201 10 1549 457 647.014
224 5.00374 1177 200 80.0028
46 9.56948 1131 614 844.616
153 4.1032 615 316 99.0642
153 3.00558 2000 700 1448.37
73 5.6354 2000 436 665.688
246 6.08554 1030 800 1176.21
275 3.22346 1483 200 89.4737
256 7.96008 1921 327 390.469
35 0.01 670 471 148.633
0 8.49098 649 443 245.683
51 8.53976 1755 384 499.83
199 9.52162 1197 419 415.819
129 3.14618 1829 217 128.998
275 1.85932 500 714 323.556
234 0.221473 2000 623 776.258
21 3.9286 2000 387 477.535
275 3.89148 1676 200 106.601
109 9.66254 787 800 999.851
177 0.01 1660 800 1062.4
64 0.35385 1901 414 325.824
96 2.20524 1329 490 428.687
5 2.34003 972 800 851.765
2 0.01 1582 200 63.28
79 5.9432 1950 748 1935.51
235 4.27131 1341 678 1005.14
0 0.52926 500 200 20
268 0.112838 2000 395 312.05
0 3.99447 2000 738 1744.45
25 5.01256 574 766 572.576
0 7.35131 2000 594 1317.04
163 2.62782 823 581 394.382
69 0.01 932 200 37.28
69 3.8922 1067 495 415.743
13 0.01 500 363 65.8845
200 9.82885 1771 290 296.766
275 8.12893 2000 386 569.175
275 4.42364 807 255 86.3626
129 8.9223 979 800 1222.09
170 6.46857 1256 200 90.975
246 6.78173 500 298 81.3152
135 0.01 1676 252 106.433
253 0.01 1266 361 164.986
224 5.33387 1344 445 459.645
191 10 1117 418 390.333
213 3.17385 1608 376 341.359
129 5.65632 1498 200 105.012
62 0.01 1260 376 178.134
275 5.23672 1644 800 1808.73
190 4.02555 1137 200 72.9874
96 6.57289 2000 272 268.97
0 8.33864 2000 307 362.123
193 8.17238 1303 800 1594.75
185 6.89125 500 363 121.115
0 9.86201 1789 430 659.576
109 2.16317 1771 200 94.5778
0 1.02497 1812 386 272.873
63 10 2000 761 2316.48
148 1.75306 1022 616 482.349
0 0.01 1770 306 165.736
0 4.04711 1010 348 196.578
0 0.01 874 698 425.816
197 6.80544 1707 409 523.37
118 0.430775 1191 236 66.3339
4 7.93336 1565 200 118.906
161 2.7843 1843 800 1704.07
260 3.98291 1696 425 490.206
156 10 871 461 370.212
224 7.56925 1218 626 896.881
167 4.35279 1128 753 1048.13
0 8.50887 1959 768 2229.9
169 9.23196 1980 200 155.651
51 3.35364 1458 721 1156.23
204 0.01 1879 280 147.314
0 8.88317 1884 800 2349.51
175 6.10099 1609 680 1328.34
144 6.86662 500 679 423.407
188 0.01 1127 716 577.763
275 2.22064 828 558 347.135
84 8.0741 1959 220 180.822
123 8.86975 834 309 155.114
275 10 1367 342 319.78
193 6.23857 782 625 548.342
27 4.70449 714 726 629.42
153 5.25751 1155 533 564.627
151 1.20976 2000 229 113.556
188 5.24278 1397 226 122.696
258 8.68882 500 800 620.467
34 6.31067 2000 800 2304.1
42 0.01 525 257 34.6757
264 3.76931 2000 341 366.579
42 8.19141 1285 467 536.208
40 10 741 670 665.27
138 1.97946 1781 691 1102.58
106 0.557492 2000 593 703.298
102 0.830482 1268 524 348.162
101 4.84778 773 664 574.454
159 2.18133 500 200 26.7744
239 4.8009 500 564 267.411
0 10 1862 225 188.528
218 3.49071 973 800 960.803
266 5.22566 1508 200 103.638
0 2.40608 1242 452 350.501
112 2.40544 1859 544 759.857
66 4.49769 1825 375 424.224
0 10 1305 469 574.098
161 10 1137 200 90.96
52 7.1195 800 667 659.307
275 1.51289 655 800 494.575
59 6.12887 1865 200 133.339
0 0.929295 1254 617 477.384
78 0.01 2000 219 95.922
188 7.86167 1651 360 405.583
92 4.89148 1278 800 1381.83
0 4.32771 763 643 516.177
110 5.01581 1174 200 79.848
106 8.47056 2000 443 756.702
10 4.61725 1113 782 1132.82
105 0.13389 500 800 320
265 7.19814 1427 393 409.329
158 0.01 1907 527 529.629
190 3.97252 1137 681 843.182
0 5.94348 948 485 395.599
147 10 1087 581 733.858
131 8.04568 500 370 130.436
117 4.79757 1558 800 1676.18
139 0.01 2000 478 456.968
123 4.3866 1147 200 75.3408
175 0.01 733 222 36.1252
164 4.37951 1541 365 336.984
172 0.01 1076 505 274.407
10 10 603 510 313.681
275 6.19876 1004 416 311.41
25 1.40812 1271 793 918.07
122 10 1808 696 1751.65
144 4.61106 1750 800 1863.46
33 0.0410602 2000 355 252.05
275 3.66597 1990 293 267.225
0 3.62907 2000 673 1412.95
0 1.16163 1209 800 824.108
99 9.90998 1347 404 438.841
191 0.01 500 800 320
37 5.35894 500 730 460.713
112 0.01 1516 467 330.623
47 7.02372 1121 512 542.638
8 0.956297 1533 717 788.098
29 10 1686 200 134.88
13 5.85082 1798 639 1297.42
158 5.12663 500 304 79.0079
275 9.12144 1377 683 1259.06
32 10 1971 459 830.505
0 10 1564 791 1957.13
275 3.94792 1179 800 1204.56
86 0.01 976 200 39.04
94 4.5201 2000 619 1268.38
91 9.93976 1358 350 332.273
183 4.30642 1949 475 718.591
232 1.79998 500 750 353.044
0 4.67771 2000 677 1530.85
275 8.8935 500 248 59.9379
27 6.57997 2000 421 644.528
275 2.6556 1771 643 1042.8
0 9.48632 1410 566 893.059
174 0.343076 2000 655 858.05
210 4.70981 1142 800 1222.76
49 10 500 789 622.521
275 2.86635 500 344 86.2273
275 5.64103 1999 200 140.039
148 5.1389 500 752 483.752
189 5.87201 951 479 385.946
12 10 2000 607 1473.8
42 7.2791 500 412 158.038
35 8.67304 593 420 202.743
267 7.28453 1776 643 1367.53
6 7.76359 1870 800 2262.03
129 1.51327 1299 572 501.479
214 2.62905 1249 200 70.9332
183 0.01 1308 468 286.483
46 8.45328 1222 589 816.938
54 0.01 1311 265 92.065
130 4.59026 500 503 210.23
131 9.63323 500 478 226.63
263 5.63506 500 591 305.778
275 1.49057 1920 625 880.014
234 9.78903 896 384 263.018
68 2.85426 500 408 121.144
275 6.681 1529 800 1785.72
198 7.14357 2000 800 2373.01
50 7.07383 2000 200 147.972
275 2.83195 500 200 29.0417
87 10 1817 800 2325.76
0 0.01 941 324 98.7824
189 9.84854 760 748 847.628
194 5.96057 1272 400 361.307
128 4.85335 1539 376 366.845
184 10 2000 800 2560
223 4.29323 1099 379 257.754
210 1.56751 500 664 263.482
114 5.53107 1437 655 1074.46
148 8.01082 2000 711 1924.7
275 7.45209 1381 372 357.808
5 0.01 1569 506 401.72
275 10 500 766 586.756
37 1.99934 1320 697 834.217
152 0.900508 1104 711 558.095
56 10 1095 200 87.6
153 6.96095 944 200 69.5792
70 9.24782 1409 200 110.806
17 4.22564 1862 770 1794.95
20 3.73089 1587 200 99.7787
108 3.51721 1228 800 1215.19
115 0.01 959 704 475.296
34 6.99831 500 200 36.8999
124 9.65478 1828 598 1297.43
162 9.80929 1945 362 507.63
0 1.55333 1997 322 246.659
209 3.99779 500 800 512.582
112 6.51078 1044 692 906.697
0 0.01 1571 799 1002.93
187 5.85946 1447 800 1637.18
80 7.36881 554 492 250.424
10 4.34655 1186 215 89.8078
79 10 775 236 86.3288
118 3.50765 2000 392 474.827
120 10 1732 278 267.712
116 2.16345 509 330 74.0073
205 0.01 1791 636 724.452
192 7.0852 1597 769 1747.48
262 0.390093 831 405 136.305
121 7.40096 1424 449 536.635
63 0.01 500 556 154.568
138 7.57344 2000 224 188.591
147 4.84866 1986 559 1046.08
0 6.0366 848 342 176.629
0 2.20501 1420 725 1002.7
67 7.64711 2000 644 1562.31
54 5.03718 1155 560 616.546
94 4.85748 1211 293 175.325
156 8.36205 1642 326 335.454
260 1.66778 1765 290 181.41
160 0.01 1036 641 425.673
47 9.74561 1118 588 768.758
114 10 1034 200 82.72
20 9.24909 699 219 65.9129
275 5.16309 1974 200 135.251
20 0.01 1601 200 64.04
0 2.78111 500 434 136.014
80 0.01 1718 741 943.321
222 6.73289 1082 511 516.527
115 0.01 663 768 391.053
156 1.68672 1813 442 434.613
9 1.55867 500 571 194.443
77 3.80462 1301 479 471.727
0 8.88225 937 682 849.208
275 6.793 1985 656 1564.98
201 10 665 442 259.834
16 0.01 500 215 23.1125
275 0.01 500 314 49.298
275 7.14796 1070 459 417.986
275 4.29961 500 800 522.697
55 9.59177 1240 627 966.136
196 7.17359 945 200 70.1468
265 6.82878 500 800 586.99
0 10 708 509 366.859
238 6.51245 1174 471 472.374
44 10 1614 200 129.12
82 1.74478 1852 555 708.366
50 4.37331 929 200 60.9725
135 4.85106 1590 274 201.24
258 4.35041 617 315 100.314
182 10 683 681 633.498
199 3.26962 1291 394 303.52
0 9.82507 500 447 199.043
142 2.97419 1019 800 960.873
162 0.01 1341 444 264.359
101 6.21023 943 200 67.636
167 9.10723 1292 754 1439.21
184 9.93407 1631 465 704.313
0 2.93406 1339 200 78.5976
79 7.31345 1992 200 148.533
171 5.7211 1036 200 72.83
275 6.43748 996 456 374.593
183 3.31001 1952 200 118.668
193 2.03721 1163 626 596.596
230 4.29478 892 216 67.9584
123 0.571498 1549 200 61.96
186 7.2652 1227 603 830.392
236 7.78918 1692 200 128.016
111 3.21986 1082 589 565.994
116 5.53781 1077 721 976.041
149 0.01 500 440 96.8
240 0.01 1986 465 429.423
120 1.82013 2000 514 665.828
153 6.80293 2000 430 677.731
96 8.96827 1842 362 471.351
239 1.33204 1111 505 318.613
239 9.09507 1539 773 1801.31
228 0.219612 1359 322 140.907
36 10 1196 800 1530.88
234 6.06318 1159 266 146.193
275 5.16655 1634 681 1298.24
86 2.80632 1572 800 1456.94
64 2.33558 500 747 381.788
268 7.75156 1045 555 608.168
39 10 1666 386 496.455
227 1.25369 765 698 409.307
94 10 1121 418 391.731
7 9.4042 1806 720 1847.48
232 9.78645 2000 571 1298.05
120 9.74543 1240 614 929.715
143 0.01 500 200 20
0 6.52111 1095 549 598.788
175 7.15971 2000 629 1467.75
81 10 1707 471 757.365
105 4.40805 1285 200 84.5143
0 6.68856 1122 800 1310.73
96 10 1160 774 1389.86
275 2.45868 1819 600 910.687
86 3.3874 713 468 238.91
253 6.45542 1574 296 249.602
159 10 1123 362 294.325
67 10 1819 606 1336
193 2.51241 814 343 134.081
34 7.82053 1711 678 1489.07
67 1.3808 2000 454 469.999
0 5.17429 1735 372 411.489
212 10 2000 800 2560
275 3.79585 581 508 236.794
0 1.69398 500 241 35.6881
0 3.01216 973 577 479.067
142 7.70674 2000 452 770.99
275 7.32369 1657 800 1977.51
222 1.41592 1359 620 601.303
0 10 500 399 159.201
0 6.42461 1264 800 1462.48
0 1.25229 583 611 238.912
153 3.87646 530 630 334.138
191 10 969 502 488.384
0 10 866 476 392.43
165 10 1720 595 1217.85
157 10 1122 559 701.207
275 5.59557 1732 625 1182.53
67 5.23856 500 288 71.2992
9 0.99208 913 324 95.8431
90 10 899 642 741.071
66 0.01 500 556 154.568
264 5.43451 634 259 73.7953
275 2.22795 823 316 110.773
275 6.53641 500 800 580.909
101 7.81479 500 800 605.734
175 10 1037 800 1327.36
201 4.96984 500 200 33.9268
188 3.88955 895 450 288.149
87 9.05402 1800 436 669.578
275 4.78161 759 200 50.9919
177 10 2000 421 708.964
103 10 1382 699 1350.49
253 8.30564 2000 459 808.751
197 4.5579 970 325 169.951
82 3.4976 1428 564 701.244
48 0.01 547 471 121.347
129 0.01 1640 281 129.496
0 2.6637 2000 703 1408.98
199 8.87992 883 567 553.104
0 5.72946 500 343 103.42
232 2.30096 618 800 538.662
9 4.14415 1618 661 1143.43
62 8.63078 896 569 561.628
213 5.29382 500 200 34.4754
228 2.58368 857 500 302.572
79 2.69137 1312 280 147.088
78 0.01 2000 431 371.522
87 3.07764 1259 377 266.302
140 0.668212 1054 571 343.647
185 2.44952 1775 571 803.893
96 0.01 984 714 501.639
149 5.67825 620 472 242.303
215 5.15257 863 488 351.852
0 9.76059 1822 713 1842.75
128 0.01 2000 800 1280
67 8.9152 1641 301 289.938
251 3.46156 1205 669 830.146
265 6.90629 1362 800 1603.23
0 8.08013 1266 205 101.482
275 2.83742 1135 700 808.043
30 9.3509 2000 641 1619.57
201 7.6857 943 581 600.251
275 8.28817 2000 446 763.224
92 1.42049 889 216 47.7999
0 0.01 2000 800 1280
275 4.44995 1067 200 70.3518
249 10 500 200 40
0 10 500 200 40
89 10 1219 626 955.394
240 0.947459 500 446 99.458
275 3.21691 2000 254 194.508
221 0.01 1430 280 112.112
0 6.66093 1752 284 257.682
251 3.87943 500 792 498.288
265 2.43346 1475 409 342.036
275 5.85916 1338 465 511.451
142 1.82157 1205 611 567.014
0 10 2000 800 2560
0 5.08323 500 800 545.965
100 3.65422 1328 800 1328.25
275 5.82822 1493 723 1377.88
153 4.95831 2000 774 2031.27
177 6.09339 1084 200 77.3915
62 1.61872 1983 417 416.949
124 1.79195 2000 699 1224.75
275 8.35527 1332 769 1513.91
275 6.38205 500 278 69.7473
65 10 713 200 57.04
149 0.0299485 1107 690 527.043
213 8.08981 2000 563 1209.51
131 0.01 1405 491 338.719
229 0.01 2000 395 312.05
0 2.32658 1420 349 236.384
220 10 1304 266 184.532
0 10 500 757 573.049
85 10 1291 527 717.096
0 0.01 1606 439 309.51
194 8.38936 1515 657 1258.02
81 7.94334 500 236 52.9113
0 2.85935 936 200 54.5226
227 1.29068 791 616 333.412
275 6.06979 1028 352 227.129
122 7.4467 2000 455 775.087
275 5.37666 1798 200 124.458
99 2.5933 1760 200 99.5352
120 1.85846 1900 642 993.889
1 2.70608 2000 331 313.857
200 2.64429 1473 515 555.662
248 10 500 720 518.4
26 5.77248 500 200 35.2272
189 6.10802 1114 800 1273.28
109 2.59089 500 684 330.645
134 6.90151 1316 571 789.036
275 1.78377 513 658 277.936
135 10 2000 578 1336.34
64 0.0403228 919 541 268.974
11 9.62956 1045 658 897.478
59 0.01 1201 521 326.001
161 10 1069 739 1167.61
28 0.473441 2000 514 528.392
74 0.01 731 719 377.898
262 4.83114 818 275 104.177
0 4.70307 605 596 359.404
120 4.739 2000 800 2144.88
27 10 1105 540 644.436
43 4.92608 882 360 193.465
54 2.46002 2000 517 743.565
275 8.27307 1661 358 408.234
121 10 1078 793 1355.8
69 0.01 1614 496 397.07
101 7.96812 769 774 875.935
29 10 855 570 555.579
138 1.51295 1745 666 913.189
0 4.18565 1263 364 271.39
102 10 1948 200 155.84
261 0.01 1335 397 210.408
275 8.3798 1619 587 1072.89
28 10 985 428 360.872
245 0.01 875 631 348.391
261 10 1317 200 105.36
0 3.22126 500 351 92.8951
5 5.41558 2000 800 2219.07
130 9.07382 1595 565 996.836
52 5.52553 1047 800 1167.53
0 2.25879 918 596 441.483
6 8.32347 592 775 682.803
137 0.01 1483 775 890.727
0 5.41069 1147 433 372.736
195 1.07796 1463 200 60.4278
108 10 1503 758 1727.14
123 6.73321 1417 524 711.314
126 6.7688 1140 582 706.844
219 8.08301 2000 701 1874.77
59 0.01 1150 409 192.373
103 0.01 749 676 342.275
165 8.40099 1793 255 224.357
10 6.94626 1598 289 245.812
194 10 1866 266 264.061
0 0.188439 500 682 232.562
275 9.04031 1514 800 1895.46
223 10 1786 512 936.378
170 3.90393 671 652 453.968
45 2.74251 531 415 131.521
196 7.3678 2000 694 1798.75
243 10 500 407 165.649
275 9.12261 916 611 670.286
56 3.66235 1468 647 960.958
275 5.75077 1293 440 440.503
108 10 2000 409 669.124
215 1.52728 2000 399 376.962
264 5.20169 1123 585 659.546
0 1.96993 500 200 25.889
253 3.21786 2000 737 1637.73
275 1.56446 1782 536 611.469
89 1.44722 1081 800 802.905
0 1.45103 2000 274 174.428
169 2.45454 1775 580 829.965
102 10 1159 200 92.72
189 0.01 784 343 92.2368
207 0.01 1675 781 1021.68
12 8.74828 665 506 330.639
0 9.3289 504 800 635.388
0 6.88463 2000 200 147.03
45 0.700911 1708 439 329.167
197 0.0520873 500 651 211.9
245 7.76699 562 697 516.086
275 7.31625 1484 587 953.286
112 3.97462 1316 599 755.159
143 10 777 269 112.449
60 6.17018 535 503 242.334
147 4.4755 1410 676 1063.7
34 4.03218 943 268 108.743
275 9.35679 1863 331 402.331
236 1.43986 1230 200 56.9894
138 8.74129 2000 200 155.326
0 2.93978 2000 632 1172.96
142 2.55001 732 682 478.886
260 0.0599065 832 360 107.827
170 1.99267 632 200 32.8497
275 10 1571 690 1495.91
275 2.53713 1697 336 269.05
0 2.77474 1437 305 192.925
148 10 691 327 147.776
101 0.317394 2000 200 80
46 3.69545 1651 567 832.084
149 10 1312 325 277.16
24 3.7334 835 404 214.255
248 9.0966 2000 800 2507.37
0 0.01 1745 696 845.306
168 6.9549 995 790 1144.02
111 6.54814 683 200 49.6163
175 5.58878 1511 742 1453.6
0 10 1969 344 466.007
275 0.375622 777 528 216.615
127 10 1518 653 1294.58
275 10 1243 785 1531.94
99 0.01 736 561 231.635
75 2.76848 1134 604 596.657
0 7.31867 1175 681 1015.96
0 3.55622 2000 800 1985.27
66 5.73275 1887 606 1218.5
52 0.01 735 341 85.4665
274 5.5943 1097 573 629.498
105 0.01 1100 313 107.766
123 1.4465 693 800 514.624
0 10 500 200 40
24 4.66529 1113 498 460.658
0 5.28631 1521 800 1677.39
232 1.4957 500 704 291.136
0 0.222531 804 800 514.56
127 7.65708 1516 321 294.31
212 6.14455 2000 465 773.433
275 10 500 200 40
147 2.15175 2000 553 815.159
112 6.89694 1075 758 1135.66
0 10 1092 492 528.668
36 1.67558 2000 622 947.219
275 0.130185 2000 486 472.392
171 8.79207 666 527 359.594
275 9.82978 2000 200 159.404
256 9.00201 1295 748 1416.03
190 4.06721 1051 254 109.121
162 8.29257 500 200 38.3738
122 5.33735 1124 200 77.6606
28 9.69889 1248 630 984.085
115 10 980 346 234.643
55 5.00552 2000 221 166.006
95 8.64072 781 507 388.773
0 5.8095 500 324 92.5961
275 4.57194 500 568 267.794
239 2.74438 500 361 93.7297
275 10 500 442 195.364
240 10 1407 478 642.954
209 10 673 200 53.84
149 0.927405 2000 486 472.392
102 7.03816 500 200 36.9492
246 2.73403 1463 583 714.461
161 1.33408 990 200 44.5572
89 5.87652 659 772 694.828
51 10 1920 634 1543.51
184 3.88485 889 322 146.501
65 2.63707 1010 459 302.397
251 4.93675 2000 653 1444.2
275 5.61397 1614 363 372.026
141 10 1632 426 592.338
275 3.70144 1989 276 237.63
154 8.61389 696 431 250.201
243 8.09158 1364 413 443.916
0 8.41166 500 704 477.001
85 8.08404 526 745 556.919
179 6.32988 915 779 1000.24
118 0.01 1340 200 53.6
275 8.6321 2000 762 2248.39
79 1.54891 1378 200 65.5942
0 0.01 2000 352 247.808
275 0.01 1619 397 255.169
153 0.01 1003 623 389.293
35 3.98233 1883 439 580.68
0 10 1111 200 88.88
237 6.92712 531 303 89.728
206 7.49773 1585 493 722.284
0 7.57878 1464 200 110.069
130 0.01 925 632 369.467
60 0.645951 2000 574 658.952
50 0.01 1157 555 356.385
86 10 1072 469 471.596
157 4.31366 1786 756 1668.79
130 3.595 1308 243 120.156
182 0.01 2000 688 946.688
144 1.55244 1644 291 165.808
243 6.66143 1612 306 275.251
275 5.50387 1413 286 201.182
0 10 1297 523 709.534
23 3.9652 1544 200 98.7089
129 2.19844 1330 736 966.935
275 6.57266 1504 200 109.355
0 5.67141 849 200 59.5553
275 0.01 1725 733 926.824
80 10 1569 403 509.639
250 0.01 832 680 384.717
210 1.80091 1608 468 442.172
190 8.13199 1124 555 661.349
275 0.01 1404 489 335.726
191 2.84341 703 200 40.882
93 9.25718 2000 200 157.318
108 3.91656 1955 514 822.741
275 9.90229 1537 333 340.146
74 1.75534 500 200 24.8872
0 3.53833 2000 649 1304.71
0 10 1075 374 300.733
108 0.01 1633 612 611.63
19 3.58664 1786 653 1184
120 1.8657 1357 570 560.301
199 9.5264 1305 772 1539.13
246 10 1048 772 1249.18
24 0.01 778 800 497.92
0 2.98525 1125 335 186.221
210 5.01601 500 436 161.616
160 4.27783 645 436 200.007
171 8.60691 500 482 224.756
159 1.92877 862 756 633.211
42 3.14792 797 614 450.105
160 10 1279 200 102.32
151 4.57392 1012 750 945.119
101 2.56929 1320 757 1066.42
0 10 500 800 640
174 7.89629 946 200 71.7985
163 6.36759 866 503 395.261
193 6.28199 1235 254 143.267
275 10 653 344 154.547
245 2.76141 1494 699 1051.98
38 10 1465 307 276.15
185 3.67111 1711 626 1049.2
211 7.19027 1017 404 308.202
1 7.27002 692 765 753.877
161 6.5465 500 200 36.3202
183 6.97011 659 200 48.5878
103 2.02154 1961 348 310.08
148 1.06071 1485 308 144.479
275 0.01 1488 800 952.32
20 8.86268 1483 200 115.53
29 10 1004 779 1218.54
208 10 2000 391 611.524
180 4.01072 1239 739 1084.81
31 8.1044 1893 663 1588.25
0 3.21695 1102 599 596.041
73 2.68365 500 647 299.039
275 7.81575 500 510 246.181
89 2.81407 2000 440 561.182
275 6.32715 500 735 486.529
210 0.887088 1852 800 1185.28
229 7.58223 1648 679 1428.26
0 9.29878 791 554 477.876
275 2.63209 2000 689 1348.49
162 9.05054 2000 248 240.687
7 3.99997 500 800 512.658
197 4.47379 1534 591 884.427
217 6.12632 892 496 392.194
182 10 500 200 40
112 5.58864 1829 200 127.833
148 0.803738 581 438 111.461
130 8.36614 2000 644 1594.68
275 10 1696 538 981.794
179 3.82323 500 662 346.745
189 0.884476 1206 550 364.815
0 9.55611 2000 231 211.34
16 6.83302 500 608 339.095
37 10 629 314 124.034
154 8.47074 1443 200 111.28
148 3.01997 500 206 31.4027
262 8.10327 1155 575 728.864
202 2.91845 500 800 468.849
178 0.407468 1167 557 362.061
38 10 500 800 640
43 0.151244 500 383 73.3445
45 10 839 800 1073.92
118 4.6472 2000 484 781.099
232 4.38381 718 567 378.987
179 1.5584 2000 200 95.4144
125 0.413362 887 419 155.723
70 7.05019 2000 660 1610.15
158 8.1766 1822 397 549.221
178 0.01 500 523 136.764
242 6.76428 1858 556 1051.23
22 0.179388 908 726 478.585
245 10 500 312 97.344
145 10 1364 336 307.98
132 0.01 2000 800 1280
76 4.2706 1796 448 587.733
275 10 1115 580 750.172
158 2.77916 2000 782 1765.98
275 4.79567 1256 428 386.728
98 10 1583 541 926.628
187 0.01 1497 358 191.862
103 8.96197 2000 624 1520.44
216 2.86075 500 614 274.543
140 10 1271 512 666.37
229 6.27652 1611 800 1853.52
18 0.01 765 800 489.6
275 2.79401 974 551 427.66
0 10 1600 387 479.261
243 7.69715 1585 200 119.593
106 5.51172 500 800 557.212
275 3.12116 1499 420 395.132
173 2.46962 1833 671 1149.33
262 2.24891 1231 800 1065.14
102 0.01 1477 644 612.565
136 8.86429 1437 525 771.409
0 0.01 1559 800 997.76
275 0.01 1427 800 913.28
42 6.39826 1897 316 342.117
0 5.89921 545 383 141.567
275 8.25237 1603 468 672.902
275 0.113382 1543 575 510.154
0 4.63579 1977 718 1698.1
253 0.01 1291 414 221.272
218 7.68292 619 550 353.06
138 10 1877 331 411.292
63 5.80895 2000 543 1040.29
204 0.01 791 309 75.5255
275 2.79916 790 800 731.617
146 0.01 1216 768 717.226
265 0.01 1794 800 1148.16
0 0.01 2000 514 528.392
242 9.11582 1635 576 1063.1
200 0.01 1755 200 70.2
270 6.44802 704 501 319.734
242 8.32044 2000 595 1359.56
187 9.69765 1313 634 1048.5
0 4.36831 1671 427 499.757
259 9.99823 525 490 252.095
96 0.01 1433 555 441.4
275 0.01 1492 468 326.784
268 1.04639 500 324 53.5217
124 2.6017 500 394 109.849
101 9.71355 1860 281 291.881
118 9.58712 2000 368 536.736
209 0.01 2000 493 486.098
0 0.308873 1594 312 155.166
74 0.01 2000 200 80
228 10 1254 800 1605.12
56 10 1527 359 393.603
275 0.706182 1572 513 413.702
275 6.52416 1400 323 265.031
198 2.97619 1690 800 1593.91
45 1.76205 1785 625 868.807
118 8.4077 500 498 238.664
275 0.793021 500 361 65.1605
84 8.73866 2000 763 2260.5
275 5.70789 2000 202 143.342
224 5.01381 500 351 104.731
251 0.01 1008 323 105.164
275 6.58646 1969 760 2068.34
0 9.54278 1030 708 1022.11
275 5.96198 1240 800 1408.95
72 7.54845 1379 213 117.486
55 2.59506 977 488 329.025
149 5.46567 1264 383 322.185
108 1.12838 1266 497 329.117
156 0.01 1022 365 136.156
66 9.5185 500 296 86.6771
204 10 776 659 674.004
0 8.7583 2000 573 1275.51
125 6.16691 500 504 227.353
129 6.36315 1203 643 897.109
187 10 1478 586 1015.08
241 0.146003 822 200 32.88
175 9.80617 500 480 229.421
223 4.99381 950 653 688.015
65 3.36046 500 796 483.575
275 10 2000 737 2172.68
112 3.57083 2000 504 788.856
52 2.23553 1291 200 69.682
247 1.88932 980 310 120.2
127 0.0523011 623 200 24.92
166 7.27199 1130 451 427.888
226 0.163131 1163 555 358.233
0 5.11294 1557 318 269.03
107 3.92375 500 451 162.08
23 1.99479 1205 793 985.013
0 5.44549 1305 400 362.484
140 7.30229 1028 639 782.194
0 7.86139 983 800 1192.5
275 7.7752 785 800 949.894
0 6.08171 951 200 67.8643
0 4.04838 500 371 110.614
0 2.75908 1608 687 1093.43
155 2.21494 1250 200 67.2681
0 1.56275 2000 645 993.375
137 5.35523 1719 200 118.871
0 0.01 1643 702 809.677
85 0.01 2000 203 82.418
0 9.11963 2000 686 1844.72
45 4.54817 649 294 92.9996
125 8.65346 500 776 583.265
275 6.82096 2000 800 2347.32
211 0.528787 2000 800 1280
0 2.61507 500 800 453.595
165 0.301571 2000 398 316.808
0 0.01 1070 637 434.173
64 0.01 1420 200 56.8
275 0.651993 644 800 412.16
217 0.01 1612 603 586.138
182 8.7328 2000 354 486.515
254 7.5002 1393 800 1671.66
0 3.86864 2000 444 625.93
69 0.01 1593 282 126.682
275 3.72286 1280 346 240.716
36 2.68348 2000 200 114.296
148 3.08345 2000 539 865.193
275 7.57926 1500 389 426.64
150 10 1098 589 761.839
225 3.66151 840 200 52.539
275 6.26336 1566 797 1787.35
174 0.01 500 377 71.0645
145 1.9035 1553 484 465.501
25 2.15938 1193 221 77.7478
79 0.01 890 560 279.104
135 7.1759 1101 200 81.7328
34 5.98705 1864 559 1035.16
201 4.69543 521 200 34.8377
154 0.322753 2000 800 1280
7 2.20557 1333 659 777.759
81 10 880 437 336.105
184 7.01369 1305 568 777.188
0 0.01 1488 200 59.52
193 9.0205 1053 800 1317.67
275 7.02701 1777 432 612.446
248 3.81309 1371 200 86.7172
10 8.22436 888 378 242.99
0 10 1007 757 1154.12
275 4.4 1555 209 111.63
240 0.01 500 335 56.1125
232 7.42416 1173 418 383.392
275 0.01 1802 410 302.916
141 0.306891 925 664 407.829
116 6.05503 870 391 237.033
156 1.02453 1670 694 812.796
119 10 2000 417 695.556
133 8.44239 500 397 151.814
96 2.94417 1536 605 825.872
197 6.004 1008 240 103.258
0 0.162824 500 450 101.25
161 3.24303 500 538 218.668
29 10 724 308 137.363
275 7.55277 1479 728 1472.15
168 7.29915 1053 200 78.481
139 2.07648 1107 540 425.235
90 7.30977 1571 800 1874.04
72 5.5458 737 800 822.593
112 4.11929 500 476 182.94
41 9.53318 1724 300 307.099
256 8.90377 888 551 525.601
77 1.63302 1790 231 115.86
0 10 663 345 157.827
0 1.64891 1977 206 102.118
164 4.72241 703 623 456.803
191 0.808522 2000 478 456.968
216 1.70638 527 200 25.9721
155 0.01 1772 200 70.88
275 10 925 608 683.878
42 5.91224 955 758 972.176
240 1.91492 1461 433 351.209
122 0.01 1436 597 511.803
169 8.40212 1557 697 1455.62
275 8.96832 500 800 624.867
0 6.51918 1244 670 1013.1
273 10 1291 800 1652.48
0 3.1703 1768 650 1121.29
105 0.01 1537 415 264.71
169 8.43074 1402 662 1183.29
275 3.71454 1342 533 598.522
190 2.74119 1096 723 823.811
275 10 1078 200 86.24
275 2.74364 1048 795 952.693
228 6.05612 1015 308 171.602
168 5.23294 2000 232 185.02
22 7.19505 500 474 208.615
120 7.09195 1777 703 1625.36
7 6.71364 1077 251 123.963
10 2.81327 501 608 268.396
246 0.01 500 609 185.44
275 0.01 1624 800 1039.36
275 6.15594 1023 587 630.716
92 6.10636 1334 493 579
158 7.93263 500 494 231.763
0 0.01 500 200 20
67 8.28727 1179 338 258.398
31 0.01 2000 551 607.202
275 2.71472 500 417 124.655
140 0.01 1030 533 292.612
230 5.63994 1144 477 455.845
78 1.07837 1510 200 62.3792
0 3.46647 1434 476 500.325
50 7.5257 767 469 316.592
181 0.01 1933 367 260.354
21 0.603949 1380 660 601.128
225 2.02424 1699 800 1420.38
71 2.9388 1768 302 236.741
121 9.33569 659 486 306.66
83 3.95109 1727 387 412.993
204 3.86287 500 800 507.811
247 4.19506 1894 558 956.967
130 10 2000 675 1822.5
274 7.69217 2000 800 2414.14
275 1.35378 1256 200 56.849
45 0.01 1774 200 70.96
139 3.28994 1523 413 394.13
0 1.58803 1312 603 572.876
109 9.33122 889 766 1027.57
275 10 2000 490 960.4
237 9.44066 500 200 39.5
133 8.89772 564 424 197.645
0 8.70278 965 595 662.653
69 10 1049 295 182.578
175 3.79302 2000 380 456.011
199 0.01 1825 200 73
41 7.037 1962 749 2033.39
267 6.64413 759 200 55.3292
0 10 1700 724 1782.2
275 3.82206 500 200 31.646
258 5.69265 1323 200 92.8912
130 1.28483 1670 297 163.343
104 0.01 1462 200 58.48
164 10 500 319 101.761
201 7.1933 1439 800 1710.16
0 0.391877 2000 695 966.05
87 0.01 1631 740 893.136
20 10 847 619 649.075
102 1.86051 2000 200 101.571
154 0.685881 500 624 194.688
159 9.09927 1621 417 552.193
160 4.35002 2000 311 316.953
83 0.01 1293 536 371.474
64 0.699249 1350 776 812.938
275 4.57222 1987 458 691.943
143 2.04631 1342 624 685.038
81 0.665801 1156 656 497.468
275 6.19329 896 713 816.218
125 6.64106 1565 670 1280.17
200 3.71226 500 200 31.3928
238 2.27034 927 272 93.005
221 0.01 500 720 259.2
275 5.36364 703 481 281.291
97 10 1371 356 347.51
71 6.76439 1008 671 830.636
0 4.32123 2000 200 130.849
164 5.25163 1654 439 548.362
119 5.05914 1469 546 746.271
131 0.813774 501 658 216.915
275 3.30809 1423 417 376.01
65 7.21618 1001 372 257.417
0 3.66255 500 248 48.0895
275 2.88019 2000 200 116.754
112 10 500 482 232.324
215 1.30652 2000 562 705.036
222 1.21832 1704 200 74.0055
68 9.6675 1523 634 1215.37
166 2.61487 2000 247 172.954
177 7.26023 827 603 559.596
268 10 1726 309 329.6
70 9.72491 2000 646 1659.15
217 1.26607 2000 625 861.296
246 10 1204 639 983.237
0 4.53325 2000 458 694.91
209 5.80717 2000 609 1308.44
150 1.32351 500 800 358.953
0 3.07974 1809 763 1567.62
90 0.908999 2000 644 829.472
164 9.4096 1128 200 89.0475
139 0.96575 1040 253 66.5694
151 2.29163 500 200 27.2029
202 8.12806 500 200 38.1997
0 9.92795 1035 565 659.758
275 9.0053 500 200 39.09
83 10 1499 200 119.92
181 5.16306 739 388 190.564
113 2.13154 783 688 492.451
78 0.01 1546 686 727.541
245 4.51003 1786 224 148.238
0 9.68632 964 259 128.437
160 8.30741 500 200 38.3893
51 2.86576 1540 320 229.801
90 10 1092 741 1199.19
247 10 1655 800 2118.4
202 4.15096 1275 766 1210.56
64 4.58824 935 721 807.645
0 6.45379 1126 800 1304.22
0 9.54598 1644 582 1102.49
186 2.99045 500 800 472.236
116 2.264 1192 451 328.495
275 0.01 1398 469 307.505
175 3.82652 1070 541 495.685
74 6.29831 1340 274 181.005
0 2.12199 793 565 335.859
275 0.683975 888 498 220.228
275 2.52955 543 200 30.4741
38 2.88183 867 542 371.768
148 0.987134 500 546 149.058
275 3.48757 1914 696 1430.18
94 3.94332 866 226 70.5879
209 5.69591 500 552 267.464
163 5.21478 1282 299 196.816
275 0.01 977 200 39.08
275 0.01 839 755 478.251
139 4.90458 743 800 803.915
16 8.03742 1432 373 379.562
0 10 958 582 648.995
29 4.27082 500 520 220.445
215 6.80275 1096 800 1285.52
0 10 1195 800 1529.6
265 6.57296 1893 572 1125.85
0 10 907 426 329.197
50 10 1278 800 1635.84
113 6.47387 2000 757 2075.77
97 0.545898 959 800 613.76
275 3.99281 1460 701 1148.83
70 8.85106 983 200 76.5559
36 4.01145 1165 592 654.613
85 7.6728 965 612 681.288
223 1.5487 500 543 175.43
215 6.12093 1760 200 125.792
0 5.01665 606 200 41.218
275 9.76254 913 200 72.6588
84 7.85224 1404 493 646.649
275 7.08225 2000 524 1016.03
127 0.01 1324 785 815.882
194 6.59162 1582 200 115.106
170 0.01 1276 383 187.175
124 10 2000 215 184.9
253 3.1406 1319 495 483.817
17 0.293582 837 721 435.107
234 2.42595 1232 462 364.173
0 2.42968 1812 800 1606.79
0 1.02382 1330 687 634.138
147 5.64936 1245 435 412.745
275 10 914 363 240.874
162 8.17945 500 200 38.2545
275 2.76032 539 384 114.526
52 0.01 500 710 252.05
59 9.1614 1514 736 1609.06
275 4.27414 883 287 118.615
0 8.91524 2000 800 2496.17
207 5.40682 1328 476 521.43
207 1.58467 1031 528 344.894
77 4.66207 1360 324 238.219
73 0.01 1866 200 74.64
124 1.79959 996 200 50.0062
45 2.47232 1663 200 92.6693
246 0.01 500 200 20
130 2.83028 1826 499 660.112
222 4.49886 2000 391 505.456
0 2.37622 893 200 49.1467
31 8.85844 2000 800 2492.62
0 3.22895 1298 279 152.472
103 1.56234 730 618 332.83
145 9.75698 1422 200 113.152
179 0.354105 1430 800 915.2
99 6.06129 500 773 532.567
275 2.12124 1738 789 1435.29
0 3.78595 500 262 54.1661
0 6.21759 500 597 319.631
183 0.01 869 377 123.51
215 0.01 663 700 324.87
275 10 1785 461 758.7
149 1.21282 2000 376 306.446
67 6.39174 1354 570 794.318
51 3.26324 1716 306 243.212
197 2.44536 924 800 821.01
7 5.43453 1477 782 1567.23
275 2.11106 1562 384 305.067
67 1.52254 2000 373 329.059
147 0.01 500 741 274.541
250 5.03105 500 800 544.531
13 6.03597 1235 200 87.9689
158 4.68536 917 800 980.525
22 8.0185 881 379 240.959
135 10 978 800 1251.84
0 4.73315 1213 771 1207.88
170 9.35617 1717 541 990.542
68 4.42847 1552 661 1116.33
194 4.08755 952 639 626.41
29 4.12492 792 562 404.094
180 3.84528 1593 456 524.995
247 10 936 730 997.589
275 4.87519 500 652 358.786
11 7.66825 1386 563 827.983
57 6.60322 1628 566 949.075
160 0.446542 1341 769 793.015
177 10 1924 381 558.58
105 3.89983 1908 652 1290.49
234 0.01 930 718 479.437
23 7.77757 500 742 520.515
0 2.38199 874 800 770.205
108 0.833564 500 668 223.112
115 10 1554 224 155.947
56 0.97923 2000 200 80
2 1.32212 589 800 422.674
275 7.28876 1193 679 1024.5
235 0.702065 1354 665 598.773
198 3.69828 1189 781 1137.18
0 7.10469 2000 531 1044.13
204 7.86792 883 463 358.863
275 8.53068 1324 800 1636.24
275 1.77172 2000 437 476.809
70 5.72339 2000 338 401.603
231 4.92275 1089 389 278.857
13 0.01 1377 200 55.08
0 2.99249 500 624 287.366
164 5.56752 1184 590 719.475
246 10 705 788 875.531
44 4.03856 793 643 526.626
177 1.9926 500 413 110.82
0 0.01 1428 536 410.259
52 0.817066 774 800 495.36
106 2.22141 1046 647 589.641
275 5.13535 608 200 41.6011
275 8.03565 2000 697 1850.95
149 4.57568 1320 800 1402.75
250 8.88328 500 589 338.001
275 6.83668 1294 800 1519.55
239 1.50771 810 696 462.345
0 2.01368 1163 297 133.773
273 2.3324 1923 200 105.211
47 10 958 687 904.293
0 3.53975 500 390 117.799
181 6.52932 1420 800 1649.35
0 1.70243 1918 700 1156.98
155 4.07415 1857 600 1076.34
156 9.50123 1116 595 781.405
275 7.16144 865 521 435.548
147 10 732 800 936.96
63 0.01 1929 200 77.16
235 0.01 2000 800 1280
275 3.11616 1601 216 111.568
275 8.66342 500 789 603.126
227 1.81742 794 303 91.8096
123 9.27373 1849 669 1627.98
275 7.7217 2000 367 508.508
11 3.42258 1881 598 1032.09
209 4.07396 2000 385 477.289
140 0.01 500 200 20
275 7.89 1245 200 94.4744
140 8.04726 702 200 53.5106
60 1.35816 1327 574 495.343
219 2.42221 871 226 61.5797
219 8.54875 500 761 559.403
207 10 2000 609 1483.52
139 3.72927 1882 323 308.584
275 6.24321 1053 413 322.472
0 6.19527 783 635 565.798
49 0.641943 1218 338 139.149
201 4.08016 918 752 836.155
131 10 909 201 73.449
1 7.28177 961 285 145.361
0 0.01 500 483 116.644
136 5.11746 2000 744 1892.05
0 0.01 500 200 20
271 0.01 1451 632 579.564
275 8.73692 1687 596 1163.36
89 6.28229 1046 800 1203.73
209 7.40201 2000 200 149.548
111 10 1293 360 335.146
98 7.81475 2000 431 703.26
204 10 1263 565 806.362
59 7.67129 1611 222 149.652
253 4.30703 820 304 123.84
212 6.16906 1442 546 769.585
223 9.2753 500 289 82.1566
0 4.75551 500 691 400.415
0 0.01 1699 800 1087.36
0 4.84579 768 358 165.89
183 8.58258 699 284 109.015
186 10 1960 200 156.8
186 0.01 904 745 501.743
99 3.29604 1194 519 488.212
0 6.57182 1335 770 1438.74
78 5.65922 1584 200 111.055
67 5.5253 1239 530 606.401
24 6.55358 1528 557 861.121
57 9.60108 1429 200 113.309
0 0.01 500 800 320
0 10 500 656 430.336
114 1.60932 2000 548 724.719
79 8.52298 1176 800 1453.04
270 2.31956 1034 400 225.893
61 1.55158 1296 800 987.677
207 8.92931 906 800 1131.16
83 9.76136 1172 576 773.604
70 5.96666 1319 800 1499
275 3.79895 500 800 505.492
4 4.53455 1300 476 487.93
80 0.01 1054 549 317.677
157 8.1562 1923 264 256.188
95 4.68627 1619 800 1731.24
274 9.6567 843 459 352.514
94 0.01 1885 329 204.034
160 10 994 765 1163.43
220 5.13621 1143 380 282.34
275 2.42083 500 200 27.6793
139 9.60588 500 800 634.412
135 0.313467 1206 341 140.235
0 3.33161 1613 526 679.528
0 10 1127 739 1230.96
0 5.71646 1464 800 1646.36
185 4.70955 955 200 63.9078
86 6.3966 693 800 800.975
165 2.12227 1512 800 1283.92
118 5.2569 1833 571 1028.37
0 6.19379 1396 503 632.92
160 0.768992 1703 200 68.12
275 7.93556 1855 800 2255.18
127 0.221587 1169 417 203.276
143 2.10275 500 800 423.292
246 0.01 1439 660 626.828
28 6.86118 500 367 123.671
275 3.85458 895 555 437.226
144 3.21806 871 470 290.067
95 10 1438 481 665.394
260 1.76051 2000 531 702.443
101 9.10395 843 800 1057.04
0 0.01 1032 200 41.28
231 1.22872 888 200 38.6974
0 2.85195 1781 637 1051.59
19 2.77428 1553 651 949.828
161 1.41785 1476 800 1087.88
0 5.4209 1509 584 892.446
222 3.18375 500 364 99.5667
0 0.01 1695 439 326.662
178 6.99246 608 200 44.8614
0 1.46459 2000 725 1225.46
29 8.81331 1494 733 1561.38
226 6.44208 500 427 164.919
261 4.50925 535 346 105.942
275 5.7491 500 592 308.338
132 2.10427 2000 668 1180.8
1 4.59428 760 646 527.189
150 3.63954 1752 576 907.392
119 2.2221 1843 212 111.555
275 0.01 2000 350 245
260 3.30646 1282 771 1157.87
0 0.01 1507 469 331.481
250 7.6964 1539 440 562.02
64 3.63568 500 800 499.388
273 5.31187 1002 776 1040.98
218 3.19689 1454 420 385.941
198 10 516 544 305.406
78 1.743 2000 200 99.3038
231 1.13496 1437 427 276.412
267 2.82823 500 480 167.214
89 7.31253 1157 571 703.181
57 6.68034 674 729 653.627
275 8.58245 1702 277 252.516
80 2.17019 847 441 220.155
275 6.39241 2000 200 144.453
0 6.61117 2000 200 145.622
275 8.56371 1562 200 120.753
275 2.70086 966 200 55.3133
186 0.01 500 540 145.8
275 2.79997 893 200 51.6923
251 2.57495 1564 463 472.993
102 4.61519 1778 585 1012.62
151 9.03109 1444 389 427.344
69 4.6385 2000 374 466.172
175 1.38969 1285 526 406.34
124 3.49677 967 739 815.209
47 8.39158 909 800 1119.22
75 10 1504 204 125.181
202 5.92084 1406 425 450.112
104 8.35397 1190 200 91.4821
92 6.99901 1278 347 283.919
275 7.08291 1546 546 852.739
275 9.49388 1219 200 96.4202
49 0.01 1015 800 649.6
200 1.14006 989 640 428.155
0 0.01 961 734 517.745
0 1.14486 1477 220 75.6868
209 8.65321 1737 525 927.444
118 4.2246 500 652 345.564
275 2.64358 1535 333 242.078
128 2.68334 1595 416 394.349
3 3.06887 1041 552 471.665
144 2.3836 500 649 290.046
64 4.34927 500 277 62.857
182 7.97693 1722 393 505.814
65 4.13007 1670 679 1244.19
80 6.00829 779 800 886.814
232 2.57546 667 470 207.876
58 4.35518 500 391 125.286
42 6.16267 1216 460 460.518
182 10 725 235 80.0763
170 4.82797 679 368 154.827
83 7.77423 500 200 37.8131
107 8.68228 1814 515 932.712
68 2.79188 1577 586 783.005
95 0.01 1834 800 1173.76
220 1.98264 1767 623 889.68
0 10 500 785 616.225
79 1.03415 2000 595 718.377
171 0.01 1542 200 61.68
5 5.74466 500 478 200.982
204 7.3923 915 396 268.145
93 5.49189 500 789 541.507
115 9.09891 1696 454 684.809
133 5.44928 1144 732 1064.35
275 10 1421 200 113.68
247 10 1771 332 390.413
46 8.17763 2000 235 211.25
26 8.69745 2000 200 155.151
173 7.72851 797 239 85.9564
54 6.19137 1226 305 204.351
0 7.94242 1767 800 2148.62
160 2.91291 500 800 468.585
275 5.01813 733 709 626.591
25 6.91468 500 569 297.823
246 3.80796 1894 770 1775.04
275 8.55102 1023 603 718.657
66 3.16797 561 627 330.99
0 0.914909 1913 800 1224.32
133 9.40983 1420 610 1042.81
275 3.76657 1734 297 241.048
191 8.46343 2000 694 1856.75
155 10 859 800 1099.52
275 0.893257 899 417 156.326
93 6.57898 1821 283 265.164
94 0.01 1008 522 274.664
165 0.236541 1788 586 613.992
0 2.04413 1089 747 796.359
48 10 1521 800 1946.88
88 2.46691 1396 652 826.167
160 3.69953 1774 708 1394.46
221 6.54256 1796 421 577.997
119 9.17306 868 373 237.001
93 0.75812 1546 733 830.649
42 5.13267 1480 492 612.739
0 3.14145 1195 396 280.555
72 4.72559 1361 692 1091.3
275 2.37423 538 557 229.594
197 5.4799 1372 200 95.4239
194 4.07744 1200 593 679.55
79 1.55834 925 296 96.659
175 3.19614 1706 526 710.197
227 2.31567 924 200 50.4384
275 7.33252 1460 800 1742.89
125 2.52356 2000 800 1794.58
138 6.88717 1609 571 964.236
66 2.6881 500 493 173.713
0 10 1543 497 762.27
0 10 2000 693 1921
212 4.17047 500 800 518.459
136 3.99091 500 800 512.343
198 0.01 730 575 241.356
126 9.59761 1288 254 164.711
58 6.30296 1307 459 495.523
112 8.64439 646 485 294.297
275 6.66633 2000 704 1807.89
79 0.01 1427 200 57.08
205 5.6441 500 800 560.51
275 2.00594 1410 800 1175.21
0 0.386869 500 800 320
202 10 1126 358 288.625
42 3.87629 2000 751 1791.74
228 3.27496 1410 200 85.4576
24 10 500 480 230.4
0 4.37811 1372 430 416.366
84 3.7094 813 330 138.939
78 5.3189 2000 667 1535.6
275 3.01284 1586 642 966.795
68 0.878342 500 587 172.285
136 5.03305 1052 444 352.938
202 5.37796 500 675 394.256
245 4.74323 1074 499 448.228
275 5.65907 635 711 562.641
275 1.23044 1135 215 57.1903
71 1.99232 646 459 176.843
0 1.69036 1553 340 220.455
238 4.90638 774 600 471.114
131 6.90081 1192 649 923.259
275 2.81826 1072 453 318.973
163 2.0158 619 307 76.1017
82 4.46208 1765 640 1192.52
214 10 954 294 164.92
230 2.96711 2000 638 1198.61
144 0.01 2000 472 445.568
55 4.57748 1391 596 820.524
221 1.81062 2000 788 1562.08
0 0.274261 1406 517 375.808
20 0.963873 1026 260 69.3576
198 10 2000 707 1999.4
261 6.62816 500 356 115.418
165 0.01 1453 204 60.468
127 6.25102 500 200 35.919
0 5.43717 872 523 413.916
275 0.504264 948 327 101.369
97 3.83646 1786 800 1810.5
275 6.61228 1058 800 1232.6
189 4.73309 1412 622 915.098
211 5.60837 847 800 948.009
158 8.87325 1393 252 172.329
171 4.59436 1339 200 89.0287
275 0.01 1704 410 286.442
26 3.77912 1059 295 145.371
159 6.79652 1058 775 1164.35
2 10 880 635 709.676
7 0.01 580 291 49.115
76 8.38743 776 365 198.87
162 5.36172 500 800 553.377
122 1.21018 1062 436 218.608
43 8.39325 1000 353 239.739
130 8.78328 1118 252 137.995
29 5.94551 1855 368 445.697
154 3.89366 1845 734 1580.82
254 2.69398 1081 414 265.022
235 4.10562 1775 200 114.55
157 9.68125 1574 326 332.203
153 8.42976 1712 483 769.153
13 0.722316 500 354 62.658
275 8.92035 1575 200 122.874
96 0.01 1119 800 716.16
0 6.32263 1527 433 515.589
113 10 1762 320 360.858
203 3.89659 1336 200 85.0062
275 0.166593 909 527 252.456
212 0.890441 1436 537 414.098
275 4.59579 2000 386 495.37
273 4.65819 1502 370 343.025
120 1.45099 1047 553 371.944
0 3.57791 2000 653 1324.96
112 3.18538 1096 800 1054.38
3 4.6162 915 779 924.11
83 2.84929 1588 800 1478.48
0 7.65133 735 474 311.074
23 8.79015 879 800 1093.61
40 8.0513 1493 519 766.455
200 6.5722 922 657 723.413
0 0.01 500 762 290.322
0 4.85545 941 800 1015.51
245 9.84241 500 345 118.614
275 7.73697 1445 200 109.159
126 4.68049 1590 566 850.789
248 2.39579 1709 800 1508.79
274 3.24407 1013 596 543.741
170 4.99124 500 200 33.9642
174 3.22592 1124 200 67.8291
264 3.59625 2000 602 1127.69
157 4.15863 2000 663 1423.28
254 8.90439 1335 417 452.585
84 5.63582 1335 406 385.309
0 7.95629 2000 200 152.057
37 10 1893 800 2423.04
118 1.32741 500 489 134.267
157 10 1226 623 951.692
123 6.11471 1330 510 617.966
8 4.00956 500 491 193.238
0 9.37987 2000 558 1228.14
103 3.47256 806 566 397.806
27 0.936048 729 793 458.431
257 5.51553 971 439 325.907
186 0.01 2000 443 392.498
37 8.70654 1251 395 378.633
87 0.01 1461 533 415.054
252 2.00029 2000 780 1583.17
179 6.076 931 654 710.243
80 6.13915 1254 503 567.319
101 5.00196 1318 800 1433.26
78 3.40434 1647 695 1218.8
100 4.39931 1796 321 304.128
254 2.7526 1494 295 187.189
107 3.38798 702 364 142.303
113 8.30329 955 200 73.3154
50 0.01 607 770 359.89
149 1.49375 1219 250 89.4652
220 0.01 1474 507 378.89
242 8.89132 772 657 649.46
11 10 1394 363 367.372
275 5.30816 813 200 56.0952
155 7.14323 1222 485 532.893
0 9.46603 1231 200 97.3065
86 10 500 727 528.529
235 10 2000 310 384.4
181 10 1843 800 2359.04
255 2.58481 500 651 299.294
117 10 562 448 225.591
252 3.83396 1790 476 642.281
150 10 1024 502 516.104
0 2.97299 549 742 445.287
119 0.01 1226 434 230.924
213 0.01 1776 309 169.574
127 0.01 1735 460 367.126
212 1.51166 2000 402 381.209
190 3.26068 643 453 199.68
0 0.01 1239 800 792.96
18 4.50675 824 200 54.5113
275 6.28231 1073 323 201.291
91 1.14846 1452 343 181.095
0 1.82823 500 472 140.58
110 0.01 1094 574 360.447
275 4.62232 500 339 95.6637
126 9.54676 920 200 72.8587
76 5.86114 995 633 704.869
120 1.65964 500 454 125.732
263 4.51879 669 770 656.465
0 3.24834 1271 665 849.657
275 0.0673123 1571 200 62.84
110 9.18645 1435 455 583.214
40 3.57606 1819 482 656.465
114 1.07266 500 568 166.226
67 4.68459 662 800 707.83
176 0.01 2000 800 1280
9 9.04478 1837 794 2265.73
0 6.87813 1667 255 199.176
185 7.55286 768 206 61.2092
191 6.19388 500 792 562.017
275 7.47948 885 800 1061.36
258 0.01 1750 341 203.492
0 10 1383 281 218.406
147 0.01 500 425 90.3125
209 8.14623 1563 465 645.826
190 0.01 935 595 331.013
50 0.526303 1457 262 100.014
199 0.01 723 257 47.7534
0 4.90376 1771 612 1121.36
164 5.00997 960 585 558.457
183 3.75814 2000 267 224.556
0 4.20018 2000 289 271.154
0 3.68341 1265 571 645.987
196 7.07266 1082 389 302.831
61 6.88861 500 800 588.202
176 1.33283 1441 673 734.107
94 5.99683 1545 394 426.416
144 0.01 671 534 191.34
90 5.70993 1018 800 1144.48
55 10 500 772 595.984
170 0.01 1297 492 313.957
217 2.45795 770 757 613.587
174 4.76172 739 286 101.416
76 3.44182 1171 284 145.147
117 2.77436 1521 462 468.521
237 6.36115 500 515 239.171
70 2.82221 604 800 560.74
208 0.01 819 324 85.9753
79 10 1518 511 792.763
150 5.25364 1012 611 649.991
59 3.60938 1150 200 71.6419
0 10 1635 643 1351.98
227 5.51038 500 603 316.555
13 5.38676 2000 591 1209.44
57 8.96185 500 785 601.558
179 5.47691 733 800 815.582
149 3.60914 1501 725 1228.73
66 10 764 531 430.836
0 7.28375 2000 678 1712.19
275 10 1677 513 882.669
185 3.23526 1624 200 98.0837
275 10 500 563 316.969
36 10 805 391 246.138
END
