Delay, Zoom, Max Iter, Resolution, Estimated cost
0 4.31038 1642 448 538.664
0 7.15594 707 354 164.321
0 6.75957 624 224 57.2944
0 1.18418 1710 204 76.388
0 9.80514 1454 562 914.55
0 8.49166 1324 526 706.627
0 0.52722 851 630 337.762
0 2.64032 1249 559 554.856
0 8.6725 1299 482 584.91
0 1.82336 1533 514 510.669
0 6.42993 1920 536 997.421
0 6.11481 1412 622 975.866
0 1.44252 1465 785 1046.42
0 3.33173 1625 747 1380.7
0 6.1149 1564 668 1246.71
0 8.08458 1535 635 1180.75
0 0.838995 1331 737 722.958
0 3.78069 759 395 186.821
0 3.43435 577 400 141.789
0 2.05011 1567 320 210.489
0 2.78616 614 439 170.989
0 1.01267 1992 309 191.238
0 9.31884 769 645 630.045
0 2.44914 1796 720 1293.24
0 3.5933 1958 424 547.536
0 0.126907 1574 233 85.4509
0 7.99598 1903 588 1252
0 1.48896 1509 657 763.967
0 1.38718 1286 743 810.839
0 2.75281 546 572 257.205
0 8.03936 773 217 69.3497
0 1.67999 1952 501 600.344
0 4.38306 1752 447 574.729
0 8.23135 1042 266 141.223
0 6.24699 1160 395 324.997
0 7.41158 1163 201 87.8603
0 1.13009 773 794 513.21
0 5.84188 903 425 288.132
0 2.79255 746 725 567
0 7.43836 1100 631 819.664
0 3.35913 1566 602 866.171
0 9.57885 1868 622 1431.89
0 3.2808 1243 616 715.033
0 1.61364 1023 389 186.97
0 6.8151 1042 253 122.288
0 7.47448 1962 394 570.642
0 5.80228 594 318 105.935
0 8.55946 809 670 701.787
0 9.00823 1072 401 336.938
0 9.2475 623 251 77.1657
0 6.15081 1725 256 202.238
0 9.91273 1514 298 268.387
0 1.66704 1939 611 884.529
0 8.6171 1840 502 897.403
0 6.44822 1448 284 211.324
0 4.02225 1022 516 436.598
0 1.85653 1628 322 214.154
0 3.11425 713 480 245.321
0 8.77744 1786 731 1854.69
0 7.62528 1785 690 1599.61
0 6.6559 1694 246 186.904
0 6.52713 639 700 568.208
0 0.216511 1462 252 92.8428
0 6.66429 900 263 113.533
0 3.2497 1866 403 458.172
0 3.78631 997 757 901.682
0 8.75367 544 572 345.687
0 9.95335 649 345 154.338
0 6.17755 726 692 622.587
0 8.93716 1340 737 1420.17
0 8.9666 1024 681 927.286
0 0.59574 605 230 32.0045
0 1.08481 968 591 350.058
0 5.69443 1288 426 410.321
0 8.60365 1392 269 194.874
0 1.98887 613 464 171.386
0 2.93285 1081 255 103.139
0 0.532583 1070 408 178.116
0 9.74036 1230 749 1372.18
0 3.68135 563 644 365.657
0 3.02182 605 308 84.9566
0 1.16766 1617 303 158.448
0 1.56855 1268 472 337.717
0 5.32851 850 553 448.81
0 0.727059 1750 588 605.052
0 8.95121 889 792 1088.44
0 9.23516 866 249 105.53
0 5.83075 1281 493 549.751
0 4.10888 1848 602 1080.75
0 9.42773 1771 202 142.678
0 3.69979 659 355 130.238
0 6.09197 1797 319 326.369
0 1.0297 647 613 246.213
0 0.18826 665 767 391.212
0 2.72953 1137 547 488.558
0 7.42439 685 409 214.354
0 8.86964 1117 335 244.18
0 5.0398 624 334 118.507
0 2.04028 1637 274 160.96
0 7.80731 1167 543 651.189
0 7.5499 838 395 245.539
0 8.54861 722 587 480.615
0 6.0951 1290 485 541.635
0 1.41548 1971 514 599.31
0 1.3403 1779 466 435.461
0 2.37431 848 542 342.663
0 7.71669 585 406 182.003
0 5.03176 1226 374 291.825
0 4.06437 638 477 233.567
0 7.88488 1931 675 1668.82
0 5.51691 1490 412 440.507
0 4.88598 1249 561 663.904
0 8.05464 1673 204 132.706
0 8.52779 1937 624 1456.28
0 3.47172 636 333 108.647
0 0.93231 654 660 284.882
0 9.44886 1542 610 1133.43
0 0.4777 729 651 308.951
0 2.41288 1187 408 273.179
0 9.32542 1097 213 98.03
0 7.10413 1396 238 146.408
0 7.91398 1134 319 219.069
0 6.01651 1697 615 1142.07
0 8.98364 1403 528 764.061
0 0.0801279 1015 290 85.3615
0 7.28723 1048 776 1175.43
0 2.254 1599 390 329.049
0 4.40024 1757 366 386.81
0 1.22378 1580 292 146.532
0 9.75242 1587 638 1284.92
0 4.98526 847 694 692.564
0 2.10545 1784 357 300.888
0 2.8099 1314 270 138.771
0 3.6332 1296 702 996.516
0 1.14906 1735 473 411.593
0 5.59693 1590 663 1221.67
0 2.28712 509 697 336.121
0 5.13576 755 352 160.023
0 0.396443 1775 715 907.424
0 3.16555 1007 661 660.167
0 4.64717 909 721 787.806
0 9.87549 730 631 579.733
0 7.72282 1992 494 917.685
0 4.88701 1258 715 1086.26
0 3.40028 1049 377 228.339
0 0.0829207 657 629 259.936
0 0.167441 1148 579 384.857
0 0.196838 1220 236 67.9491
0 0.0508418 1004 676 458.804
0 3.44828 782 611 448.883
0 9.00227 681 315 132.06
0 4.28886 651 590 369.91
0 4.70133 1508 739 1377.16
0 0.774984 678 341 78.8385
0 8.12858 1158 526 611.951
0 8.76474 1695 354 412.658
0 0.777528 1604 393 247.736
0 4.92081 665 248 69.2046
0 1.82697 507 632 255.511
0 6.49312 1674 307 285.956
0 1.88009 1830 641 958.071
0 9.56863 1243 661 1075.79
0 8.4027 739 670 638.401
0 2.6853 1441 781 1256.02
0 5.51714 701 249 75.6996
0 6.73178 1411 696 1249.55
0 7.77709 1746 364 437.418
0 1.42509 1881 380 313.403
0 3.39757 1232 646 787.224
0 1.34795 509 463 123.263
0 8.32357 1135 489 521.177
0 6.80013 842 389 233.485
0 1.45472 1996 792 1455.82
0 9.46011 1015 550 606.674
0 6.13017 1944 698 1692.96
0 1.99358 793 370 141.09
0 8.9424 645 638 512.341
0 0.642974 1633 598 583.967
0 1.89206 827 441 205.377
0 1.91951 1257 429 296.853
0 5.83942 1311 423 414.348
0 4.54163 1246 776 1243.42
0 5.72392 1520 420 471.287
0 0.559939 1449 570 470.78
0 7.42482 1319 517 659.518
0 4.46145 933 321 158.576
0 5.32792 1295 779 1356.83
0 7.75189 733 292 118.085
0 8.87746 745 279 112.984
0 7.46161 823 718 794.598
0 6.9577 946 442 340.514
0 7.22584 1493 428 508.394
0 9.94135 701 485 329.364
0 9.79385 1724 292 292.66
0 4.95836 1242 784 1294.23
0 1.5425 1582 509 487.013
0 9.38385 1030 590 707.183
0 1.80213 1875 549 709.678
0 6.62832 1452 636 1069.76
0 3.94723 1452 357 295.403
126 0.704158 1516 794 955.741
2 4.38208 1707 584 955.758
225 1.0764 1043 290 90.5209
173 8.30723 1815 548 1046.2
125 7.11211 652 296 105.797
70 8.18708 1586 475 684.597
49 9.6294 507 510 261.579
217 9.57066 1300 580 866.306
129 5.58801 990 456 359.684
249 4.09841 1964 537 913.315
108 4.45125 954 766 922.763
125 2.49035 1972 675 1254.53
14 4.288 630 634 413.34
129 3.70883 849 748 745.417
97 3.96363 1411 492 545.832
229 6.59189 1120 652 866.061
210 9.37961 1726 529 952.576
266 0.498159 1168 548 350.755
172 7.85649 787 744 825.624
218 0.116385 1686 581 569.128
4 8.44891 854 333 182.466
210 4.34866 1210 357 252.656
24 7.10055 1918 780 2160.29
102 2.1763 545 776 439.02
77 2.62073 882 425 225.971
74 7.3705 735 792 860.989
155 3.45321 1421 570 710.171
40 8.19096 1314 567 808.262
201 2.09627 564 314 73.4832
189 0.400355 1670 255 108.592
27 4.48528 1002 557 513.491
105 8.4564 1732 252 211.969
126 8.05769 792 618 576.598
2 2.00616 536 669 312.428
146 3.694 1385 752 1227.7
66 5.22554 1330 343 268.841
97 9.65596 1408 455 578.55
72 4.0775 592 562 301.111
238 5.3698 1243 481 497.504
244 8.13021 1444 789 1717.03
22 5.64407 578 335 113.619
257 0.129644 1224 318 123.776
214 4.44265 930 762 889.725
130 7.95996 701 456 277.083
164 2.99467 1616 245 143.206
186 3.17448 1463 255 142.856
144 5.36682 1128 487 462.745
264 3.83259 968 353 191.003
38 0.719405 1783 347 214.689
87 2.34834 1719 725 1238.55
119 6.13012 1899 357 432.613
118 6.97945 755 354 174.451
271 0.76252 888 319 90.3638
257 2.74848 1072 742 849.359
32 4.99546 856 448 291.82
92 6.32193 1842 307 312.639
60 5.75099 1630 209 125.294
216 8.16306 712 314 134.213
230 7.85305 765 604 528.875
192 4.08833 1313 455 438.057
61 2.02532 943 750 693.013
184 7.62741 1476 524 762.879
97 8.87202 762 489 354.95
268 1.32214 1221 369 186.415
252 7.66846 1741 201 132.567
130 5.44819 1765 514 809.625
175 8.53875 1689 727 1724.13
259 6.0302 864 309 146.869
116 3.78895 595 545 278.971
207 3.34692 976 495 364.61
214 4.41237 1181 289 162.228
244 8.06876 545 551 315.505
121 4.40787 1650 207 116.248
187 0.355074 817 415 140.708
86 4.75072 1314 255 143.267
51 3.30469 1624 429 454.042
213 4.80016 1669 429 516.422
124 1.39093 1469 328 180.689
192 1.0996 1435 373 207.883
90 8.8114 1714 518 894.54
41 7.28694 739 671 619.721
135 8.5943 969 366 251.067
69 1.18912 1736 563 591.652
76 6.42721 1199 472 482.955
82 0.304108 961 499 239.29
155 5.58274 1015 457 370.3
4 8.26168 1463 224 140.727
102 2.71891 596 654 365.654
55 2.42336 1774 796 1556.13
261 4.23157 823 524 367.55
194 2.21533 1390 391 285.912
111 7.40722 903 380 243.79
259 6.8869 1287 377 336.211
248 0.0487721 1578 310 151.646
219 8.3571 1043 705 996.388
169 8.98219 670 296 114.669
209 7.15919 767 482 330.523
136 5.59759 1750 787 1894.65
225 9.5604 1898 430 695.029
129 4.17885 1762 334 318.638
259 7.9585 1000 290 159.86
150 4.61672 965 493 390.357
161 0.0411415 1710 479 392.344
32 3.65891 1719 416 465.071
263 2.52824 1374 612 721.923
256 7.61072 1985 248 229.695
247 7.60503 1316 320 253.494
109 4.20664 1565 680 1175.17
12 3.13172 715 364 141.702
160 5.97479 910 358 207.171
106 6.16206 546 735 527.903
172 3.69816 1602 358 321.937
31 4.18757 1712 796 1759.42
259 2.06607 1792 636 953.292
100 0.133318 1300 325 137.312
221 4.79033 1863 254 201.969
159 8.45116 1460 715 1438.23
29 0.344625 1366 443 268.076
219 2.06451 660 299 77.5803
166 0.679988 529 450 107.123
210 2.70612 1005 422 256.354
252 5.2264 1007 294 149.554
57 6.98023 1334 622 951.627
252 9.39939 1310 674 1174.19
96 3.6494 517 754 459.173
191 0.455087 504 585 172.481
196 9.27084 1405 335 310.168
175 3.70215 1176 247 112.531
224 8.51956 1545 738 1624.4
90 9.96774 1747 780 2124.26
163 6.84135 904 214 75.9741
97 7.03156 903 790 1040.93
74 6.09594 1248 603 810.023
171 6.1055 1006 278 138.836
165 1.13788 1827 508 497.931
175 4.8944 1508 235 140.717
201 2.44579 1931 702 1321.23
143 1.13008 1314 591 483.33
206 4.82572 1543 557 805.945
152 3.49336 746 598 411.695
64 1.91643 1729 635 894.123
0 7.39646 974 379 261.488
146 6.66238 1554 690 1349.23
245 9.08679 1345 729 1399.85
274 3.17045 1356 550 615.745
83 3.32406 1828 396 436.201
81 9.69119 1801 468 783.551
219 7.36995 1296 502 609.909
96 4.06682 1374 206 93.8309
37 3.27079 1261 731 1020.62
219 6.71992 767 591 489.548
261 2.6569 1907 700 1330.98
80 3.47358 1620 734 1344.77
270 0.622596 662 338 75.6295
117 8.45497 1064 472 456.807
140 1.52918 1562 392 284.298
237 9.07131 1306 327 273.387
193 6.15403 538 667 428.236
51 8.36771 879 570 549.072
17 2.83932 1352 205 82.5685
237 0.375125 1732 684 810.327
243 2.80083 1333 374 269.854
98 9.53187 1428 231 150.812
160 7.2759 1414 700 1290.03
136 6.31382 1959 239 201.453
93 6.05067 1964 345 416.524
127 2.4994 782 304 101.021
168 5.37518 789 575 451.396
128 6.02924 1579 729 1493.9
248 3.76335 1195 289 157.254
262 2.84519 1000 374 203.395
148 0.842895 875 398 138.603
158 2.78137 1469 597 756.163
230 2.13561 1020 250 84.7571
85 0.0920847 785 618 299.81
166 0.363243 1821 205 76.5275
111 0.457456 1068 471 236.926
16 1.74752 550 709 343.498
172 0.357969 657 525 181.086
210 0.872384 1040 341 120.932
100 8.89006 1988 450 784.571
39 5.5099 1110 440 374.165
55 5.38782 1972 430 631.313
138 5.48366 1964 425 616.931
44 3.05769 834 690 589.802
142 5.38939 1030 494 435.235
46 3.6557 1216 454 391.738
188 2.30417 1973 200 107.53
263 3.73138 1210 616 721.711
184 6.55147 1560 677 1298.67
31 3.35536 1054 457 335.856
213 7.28189 1979 593 1295.96
123 9.48214 1876 252 235.516
145 3.48796 618 614 359.394
214 4.11842 1795 565 925.255
179 2.52256 911 644 529.65
247 7.76289 1730 653 1394.25
197 7.44253 1685 586 1083.02
18 6.56606 1421 682 1201.13
201 6.53197 940 325 180.211
75 8.52861 1817 591 1225.42
122 5.47552 1731 382 439.116
238 9.36155 659 548 390.13
56 1.6649 1169 510 371.371
235 4.74144 611 331 112.188
90 6.6642 1273 329 251.296
120 2.93818 1173 729 915.171
63 8.87662 582 302 103.414
161 2.86411 692 397 158.907
268 8.76392 1872 346 435.375
242 3.23076 982 421 262.696
121 8.92024 1442 320 287.994
272 7.75484 1464 744 1531.27
171 6.31941 786 546 421.933
8 6.26482 1831 555 1013.45
84 1.28473 1676 583 631.64
154 3.31637 1302 294 171.135
98 6.76941 1926 565 1125.47
74 5.05669 636 364 143.58
203 6.82396 1452 634 1070.42
248 4.83075 1199 749 1132.74
220 2.55608 1516 365 284.286
272 6.33125 1948 482 815.295
80 0.145111 1643 654 702.737
137 5.84248 862 562 480.969
134 7.85149 1241 694 1132.63
127 2.97139 1749 313 252.388
12 0.440098 1556 345 185.203
128 9.81838 854 396 266.776
23 5.87303 1620 646 1195.84
88 4.50971 1576 739 1423.7
50 8.21741 666 326 135.525
27 4.64148 1826 393 470.037
88 8.31726 1895 601 1314.18
138 5.62386 1931 630 1341.25
219 9.45407 1678 401 533.07
80 3.18049 876 510 342.34
170 5.83568 692 560 383.262
204 1.00761 762 437 145.997
81 5.13309 820 795 886.422
154 8.98255 818 770 947.384
158 1.69538 1714 561 663.105
199 5.42524 640 239 63.4059
124 6.11542 1055 387 282.267
129 8.12099 1191 283 182.15
98 4.09791 1412 796 1442.7
270 6.30561 651 358 150.16
229 2.23856 1098 776 892.585
142 9.10847 1112 223 108.355
158 8.32558 840 748 902.563
143 5.21695 1076 528 515.176
62 5.0839 842 273 107.07
159 9.4082 1289 501 638.509
34 4.3525 1004 366 220.397
166 4.20096 1684 351 336.797
275 8.63459 682 520 357.068
159 0.636316 1081 777 652.631
208 4.59584 1652 612 1028.58
159 1.47551 1092 230 67.5261
15 6.68717 1189 633 869.581
71 6.52936 1988 677 1653.63
215 3.97521 1201 526 531.448
255 5.36461 724 257 82.7056
217 0.206703 707 400 113.12
112 1.78311 1908 715 1220.42
90 1.92425 910 412 198.376
214 6.07573 1200 211 95.2891
256 8.43666 1858 219 171.644
135 4.6228 1150 286 156.61
17 7.56341 1322 545 737.711
163 8.38911 1615 399 494.606
62 1.75521 1768 353 274.136
100 4.87263 1828 371 424.654
138 9.95621 1563 427 569.417
28 7.48664 1567 476 665.455
132 3.71437 1521 325 252.211
62 4.5458 1104 382 267.041
200 3.71441 1436 629 891.918
234 3.07147 1156 685 806.772
47 7.09729 2000 240 213.246
53 1.0747 896 349 112.548
203 5.64473 894 372 216.705
4 6.86304 1585 636 1177.44
15 6.32415 1261 768 1339.53
87 5.01753 1315 412 379.572
144 7.54941 1476 565 884.828
116 4.66159 1706 662 1247.47
145 3.41037 863 262 90.8028
29 2.01897 539 713 357.62
163 2.04808 641 462 179.415
227 6.98676 1509 693 1336.54
160 5.82667 1854 661 1430.08
21 2.17626 934 468 273.653
215 6.37533 1708 718 1588.89
255 1.30813 1107 732 662.35
81 4.50182 967 640 654.879
46 1.16457 1916 611 762.61
259 5.47053 1939 565 1075.8
204 0.527649 1192 411 201.354
206 1.16602 576 738 334.642
2 6.00144 736 300 117.792
238 4.98897 889 268 108.421
2 6.36947 640 778 698.877
29 5.95682 1580 589 972.948
11 2.08926 1166 415 265.073
164 3.90059 947 462 321.617
237 4.20379 1309 787 1316.37
9 1.35286 1879 593 747.473
32 3.7801 1978 540 909.88
18 6.45227 1369 326 263.298
92 4.56524 1248 502 521.903
20 0.64386 621 301 56.2632
18 1.37544 1828 752 1176.85
64 2.30173 1437 207 83.8671
35 3.84459 1897 310 288.921
61 2.78419 581 505 214.06
3 2.28876 577 586 269.391
162 4.49605 987 653 695.62
136 2.3757 1751 279 187.52
134 5.73602 1310 218 109.485
239 6.75224 1215 394 345.055
250 0.25595 1765 627 693.873
248 3.75191 1320 328 223.561
180 4.2497 1945 739 1729.65
259 6.56537 976 605 649.198
225 8.03645 1853 550 1067.85
203 4.98286 1906 647 1354.37
98 1.55762 1847 573 723.137
141 1.46172 1956 342 266.499
60 7.95591 1286 754 1389.62
22 7.44826 1822 737 1852.69
243 1.75994 694 747 482.329
179 0.604801 1746 632 697.394
40 5.46126 1373 296 208.991
237 9.47963 1588 561 987.955
265 4.56086 1777 250 184.258
97 5.80283 1432 359 325.493
217 9.48733 1934 559 1194.86
90 7.20878 1242 593 811.418
76 6.91178 1763 240 186.808
3 3.60448 1945 758 1739.81
156 1.14307 1265 221 65.3719
17 8.56627 916 654 757.244
222 1.88093 1897 364 320.307
69 3.84575 568 397 141.891
249 4.42907 862 745 787.648
75 2.88998 1337 253 125.023
170 1.76314 1079 220 65.0856
13 4.37496 1242 353 253.964
70 7.14097 1397 658 1121.25
73 3.84489 1827 423 518.104
79 6.48479 665 605 441.028
206 9.72985 825 773 980.06
27 9.22733 744 269 105.793
10 7.29329 1924 441 697.071
271 3.582 1845 490 688.454
140 1.81213 755 381 137.893
153 9.13327 1799 363 464.771
27 1.9001 1377 473 393.959
33 2.23821 1670 411 380.804
130 8.30818 1002 525 530.122
254 6.25958 1645 325 312.155
175 6.00061 755 782 820.994
92 8.41594 1287 260 167.486
150 7.83377 1586 442 586.842
172 6.27362 855 390 233.759
95 0.0759537 663 612 248.323
250 2.26393 1221 646 690.36
162 9.55109 1611 519 859.225
76 1.8713 1940 572 807.477
256 2.68983 1001 466 310.784
134 7.69319 1459 365 366.613
154 9.61677 1843 422 650.848
176 4.51549 847 668 625.399
249 4.94246 1939 287 270.546
197 7.69212 1489 250 175.52
131 7.42225 1754 210 144.689
166 8.21422 1000 452 391.154
172 1.32708 1522 504 434.126
264 6.40738 1414 404 416.959
17 4.74386 1481 782 1518.02
139 1.5181 1164 306 128.753
46 2.69308 1616 403 375.373
22 1.43983 1562 346 216.6
133 8.38213 1285 492 598.264
50 4.78031 1463 775 1475.76
187 2.85842 1304 759 1093.86
209 0.299175 1284 399 204.414
123 6.28494 1807 693 1560.58
0 6.78236 506 697 450.189
150 7.1009 1246 796 1461.59
78 4.62709 1517 490 606.558
258 0.929481 1589 735 858.418
3 2.17709 685 230 48.48
39 8.18861 1381 779 1603.36
222 9.25891 1872 447 735.577
60 1.41952 1783 760 1186.55
38 9.8628 1301 527 720.483
23 5.88442 1661 662 1288.21
15 1.0616 1886 551 587.457
98 4.08991 862 395 216.765
220 8.01361 1728 526 910.213
199 2.79223 1089 592 551.855
251 1.66881 1449 649 746.06
13 3.81817 837 552 403.432
26 3.25084 1427 736 1168.77
179 0.960489 1280 387 191.704
121 0.340805 745 484 174.521
78 4.77693 1054 735 956.103
148 5.73314 1827 554 985.993
171 3.0457 932 389 209.246
185 4.08301 1659 591 933.494
49 8.82865 1149 357 284.955
121 7.63442 542 454 210.334
134 3.05187 1602 397 374.838
188 8.55319 1655 481 739.817
275 3.52574 883 273 101.823
221 9.70275 734 782 891.835
142 5.56083 1818 202 129.457
266 8.42712 1138 710 1104.7
138 8.94204 1268 703 1222.88
104 4.24508 1626 370 362.366
63 6.33442 1963 319 359.903
226 4.29039 520 683 396.002
23 2.87402 1813 722 1378.4
40 3.46416 1402 511 563.634
216 5.17327 923 451 321.741
199 7.30741 1462 495 667.65
262 8.19795 949 638 739.235
79 2.79339 873 224 63.3459
149 8.67743 1385 361 349.869
111 0.730913 1209 338 138.121
201 7.26182 1477 691 1312.48
60 0.293311 1914 651 811.155
244 6.82358 1888 534 987.385
95 8.30653 1349 552 788.969
273 8.00765 1131 709 1082.2
162 4.3282 743 729 646.113
183 5.70918 623 455 226.557
81 5.8382 862 348 184.385
95 7.84164 1770 681 1555.04
146 3.61101 1309 699 996.226
123 0.530538 1907 685 894.812
180 5.07384 1009 593 605.077
154 3.35472 1107 595 597.913
168 2.98115 1688 492 602.439
259 0.399341 1911 424 343.552
32 9.44031 1730 410 574.352
103 4.38316 1770 421 515.056
178 2.8699 1979 749 1618.55
255 0.918277 1083 253 69.3217
6 1.28064 1187 469 289.142
112 1.11168 1347 777 850.614
104 3.58068 901 736 758.441
7 2.69664 1287 283 147.481
9 8.79028 1728 277 257.751
69 7.14764 964 665 790.439
226 2.25188 1733 582 793.956
105 7.21656 1201 345 265.646
194 3.82984 1902 382 439.408
255 0.74654 1231 627 483.942
44 5.05364 1630 357 353.91
110 7.60473 1418 584 909.725
36 8.80436 1215 455 489.16
29 1.43638 1868 678 993.735
85 0.919204 1830 522 498.646
212 3.93262 1216 576 643.358
208 3.13812 1666 699 1218.3
122 6.05845 950 689 803.818
25 1.86656 1699 722 1125.71
176 0.816256 871 524 239.156
25 6.14619 1350 629 955.322
264 8.61013 1064 525 567.471
85 1.54585 1183 758 808.288
78 8.29346 722 548 416.019
40 2.11729 1719 705 1132.73
229 2.20409 1439 778 1169.96
105 5.59829 584 729 542.529
79 2.27945 1362 777 1116.52
254 1.03473 515 209 22.8293
165 8.13027 637 566 389.789
153 1.1264 1906 330 218.293
18 9.45476 1452 649 1208.28
190 2.99649 1758 748 1452.41
255 3.45052 1026 767 928.244
31 9.05586 1729 219 162.278
187 5.33798 1950 218 160.079
88 1.20269 1711 260 124.934
123 0.705359 1963 750 1104.19
123 8.96641 905 465 382.095
236 2.01318 1349 436 334.367
160 9.42011 544 568 346.462
135 7.85603 792 663 659.794
211 1.60557 1348 254 104.851
71 6.81603 1578 601 1045.07
192 5.5646 1712 226 152.624
135 4.8837 879 680 686.391
82 5.18849 1359 674 1058.8
12 2.28291 678 659 399.997
237 1.58686 1417 308 161.379
274 3.80267 788 761 721.069
98 5.58306 1772 618 1182.23
46 7.28581 1935 723 1883.86
252 6.65453 1177 332 236.52
1 5.93205 829 277 112.791
158 3.54335 880 697 662.393
114 5.16802 1667 562 902.086
246 1.72991 1856 511 599.996
181 1.0773 564 432 108.66
83 8.71187 1185 458 482.254
131 4.12863 1749 557 876.777
175 0.576554 1076 496 264.713
125 6.68232 900 690 781.963
114 8.14363 1790 688 1619.01
21 6.67461 587 759 616.947
237 3.14812 1102 541 483.173
78 5.52646 1345 779 1422.19
258 6.07264 1983 629 1399.16
203 5.44268 1965 744 1888.04
29 0.411602 1993 453 408.982
60 8.93654 1157 506 578.002
92 6.78944 1748 396 502.132
152 6.94843 1899 569 1132.43
273 9.17152 527 762 600.506
67 5.32349 1167 376 284.798
220 3.32934 1797 603 994.717
126 6.72452 1616 685 1385.86
25 0.894112 919 700 450.31
79 7.57406 1198 663 989.661
11 2.48062 1955 392 418.944
136 4.00903 735 278 91.0586
108 4.03961 1764 611 1057.84
177 9.08553 745 530 409.825
108 9.83647 1139 635 915.258
175 5.2721 1979 685 1599.03
238 2.57119 526 764 432.945
109 6.83172 901 596 587.141
53 4.00049 1382 453 454.357
170 9.9533 1449 474 650.449
9 9.71776 1465 715 1488.58
170 4.11338 1804 298 258.599
68 3.546 928 630 570.805
87 0.583796 1172 205 49.2533
122 7.97335 605 795 727.14
196 3.04939 1218 393 279.208
275 9.08601 1043 798 1300.73
170 5.11315 1309 247 136.457
96 7.03165 576 795 672.415
194 1.03301 917 519 250.488
141 2.35554 1344 202 75.2462
265 5.35558 1586 446 545.405
248 3.57618 702 569 353.061
171 4.67743 1439 506 615.29
190 8.53951 1298 460 530.481
61 9.46478 668 206 56.0173
130 9.18727 1288 437 482.881
260 4.03457 1708 587 945.05
235 4.33342 1050 436 326.713
72 6.88686 759 688 660.342
165 0.92513 1325 547 396.452
181 3.41744 1372 419 369.422
270 0.413216 680 579 227.964
227 9.15645 817 298 142.329
34 5.74372 1273 382 326.79
48 9.98966 1773 596 1259.31
26 1.2402 796 585 297.879
221 4.86876 1536 548 778.351
82 8.32404 1368 779 1594.18
25 4.31328 1165 369 259.326
235 8.14295 548 350 128.271
151 9.61464 904 464 385.934
119 9.74953 1953 544 1149.56
256 5.88297 1272 251 141.811
129 2.7055 1285 783 1128.35
73 1.7899 1717 235 118.795
67 0.714445 1521 444 299.844
239 8.24421 997 433 358.179
161 8.70788 1161 799 1437.83
127 2.54319 903 554 389.494
162 0.464462 981 619 375.881
189 5.33089 682 211 52.4314
254 4.77915 521 214 40.0688
177 3.27228 1168 465 382.577
83 6.29099 785 257 93.2608
158 9.03654 1763 349 420.022
33 6.4644 1846 201 135.03
3 0.0215655 577 560 180.947
53 9.66042 1382 229 143.86
219 0.0987119 1289 212 57.9328
105 0.8417 1946 381 282.483
250 1.32499 964 231 57.7267
249 5.27888 679 788 726.26
131 4.58513 1300 586 741.652
192 9.79267 655 459 274.737
213 4.78822 1443 240 139.651
256 2.29581 1352 746 1023.98
234 8.17566 1203 555 708.693
90 8.82473 1780 342 405.087
153 1.05638 1581 582 548.279
232 3.54143 1502 497 574.757
203 1.56051 556 303 60.9112
218 6.55437 1859 298 299.885
99 0.525381 1267 407 209.877
50 5.44788 799 238 78.5791
264 3.6873 908 230 75.254
192 5.25277 734 453 259.131
181 2.23758 1549 472 465.798
267 2.30408 527 617 273.348
230 7.86459 1154 344 258.873
214 2.02578 1459 561 599.959
33 4.02696 1581 656 1091.96
209 9.43641 812 407 265.625
111 3.92501 1206 796 1217.92
225 1.62031 1676 482 470.987
201 6.1832 1296 686 1092.45
101 3.6309 1811 511 737.715
145 5.14265 940 211 71.6127
53 5.95733 1629 267 206.136
99 6.33274 1267 657 985.289
15 0.0483673 1890 334 210.841
128 0.816461 1195 377 169.844
25 4.89261 1614 258 181.515
185 8.81675 1178 211 102.023
186 0.889142 912 782 557.71
156 5.12245 884 794 952.701
205 2.48458 1467 360 265.27
99 8.62878 721 401 224.449
110 1.48197 525 205 25.8323
28 1.47521 1547 494 441.27
122 5.59853 1648 794 1816.18
132 1.348 1910 279 167.958
191 9.67785 1984 458 826.425
136 5.64654 1612 717 1451.72
42 7.08236 1751 456 673.642
246 2.11984 1568 527 577.577
170 1.61424 1567 481 437.94
128 8.4877 1362 407 435.162
246 7.3524 1133 266 149.625
141 1.0908 1529 392 243.821
228 9.85961 1506 731 1604.55
103 5.28837 935 233 87.4762
214 8.22564 1300 492 602.672
100 5.00434 903 666 680.641
168 5.65667 1375 507 619.429
93 4.27393 1438 343 275.902
43 1.46054 1801 719 1084.22
192 1.79172 1431 208 77.5909
41 8.73589 1184 612 860.892
106 6.77835 961 686 828.113
158 3.4074 1960 621 1158.29
11 7.33666 1648 417 534.594
53 3.32212 1904 426 525.695
254 3.23055 1689 469 560.717
156 5.26224 1135 662 856.122
20 9.24744 1756 391 527.796
142 1.73406 1194 290 124.421
145 1.80473 1121 607 518.937
19 0.246468 1799 306 168.451
146 0.435013 1615 618 616.807
163 6.4898 912 735 892.86
62 1.75495 1917 625 931.741
146 2.33546 746 480 235.194
133 5.27317 1801 599 1112.8
33 8.63407 668 703 639.206
56 9.77186 1255 224 125.311
38 1.18892 856 582 311.738
81 3.1111 1138 536 488.097
192 7.51802 1152 254 139.437
256 9.19103 1940 630 1511.76
261 0.0165715 1669 216 77.8689
168 4.80968 1066 614 676.005
229 6.55362 1393 295 220.204
46 5.94206 1023 352 224.853
85 9.35053 1768 474 782.87
89 7.57348 1684 424 568.943
252 1.45925 1464 571 555.668
209 8.3117 744 610 531.452
93 9.17563 681 290 112.404
237 0.458676 1215 676 555.226
216 7.78237 1082 701 1005.5
130 5.12782 1132 475 436.73
215 5.3547 1175 693 975.512
151 5.67646 892 353 194.968
177 6.21905 1286 506 590.606
200 5.16024 1067 404 298.264
264 8.06137 1224 453 478.844
1 6.32269 1113 447 400.498
94 2.68664 792 479 259.712
39 8.20673 1156 442 432.298
83 4.11685 1660 261 182.576
133 7.43977 550 663 452.474
23 7.17093 721 367 180.196
179 4.8529 1624 362 358.807
109 2.39575 1600 439 425.356
198 7.16465 520 593 339.236
141 7.67275 1298 264 170.523
182 3.51279 1454 764 1311.79
232 0.992799 1890 702 931.4
263 2.47936 1076 649 631.931
175 9.34126 1312 528 720.705
191 0.06258 796 615 301.067
117 2.94736 1293 619 727.997
181 2.02489 581 239 43.3559
118 5.62009 1246 799 1391.83
230 9.03565 600 404 191.546
56 7.72086 1051 792 1244.45
214 8.84251 1713 216 155.574
157 9.48645 1310 730 1380.21
69 8.5996 1454 449 567.049
137 7.55203 551 728 548.434
108 5.12999 513 725 461.125
237 4.8495 1881 613 1191.49
183 4.82278 1519 295 222.517
261 1.49095 1736 623 790.67
258 2.61379 948 787 832.167
199 1.06188 1681 601 623.01
28 0.442342 1175 314 115.85
167 2.3747 650 232 48.1265
14 2.7646 1290 419 326.492
169 4.60977 1121 744 1032.34
139 7.82356 1841 686 1640.38
88 8.10322 1653 626 1236.37
166 4.24833 1641 260 180.621
44 4.54971 1838 542 895.209
131 1.13517 592 521 169.541
55 1.30802 1067 533 338.472
139 3.58699 585 520 245.933
237 0.629736 1597 656 687.247
149 5.19425 780 434 252.041
133 3.84282 1247 600 711.381
138 5.61172 1257 424 395.258
251 0.0520892 1913 784 1175.84
229 9.49299 954 649 794.571
223 7.78844 914 421 306.412
29 2.84621 957 558 433.336
93 7.67312 1391 740 1435.8
109 5.79586 1721 522 826.805
105 5.30898 1801 506 795.439
0 5.72369 1632 246 173.592
270 5.47521 1163 364 267.875
54 5.87802 907 266 113.542
90 5.63671 723 342 148.075
178 1.94884 1199 456 321.561
133 4.64629 1908 226 162.465
141 4.88099 1847 702 1536.9
4 4.23099 949 361 201.15
78 5.21675 1078 450 374.9
33 2.2418 1731 583 794.621
125 3.9407 1907 420 536.742
31 3.1977 709 366 142.922
58 6.5829 883 679 740.276
215 8.17809 1135 369 295.586
128 6.90398 734 538 390.72
248 1.71097 1072 502 333.158
140 2.1379 1662 478 505.05
230 5.15356 1543 604 963.764
215 6.67407 1092 746 1108.71
46 1.05603 1378 224 70.7795
214 5.60039 1037 774 1086.07
31 6.9986 1710 720 1635.54
207 2.76762 1722 399 395.345
86 2.34623 1234 512 443.295
73 5.68096 885 799 991.222
227 9.01497 1406 518 737.537
91 4.11664 669 404 176.294
1 6.83256 1579 585 991.36
183 6.56987 1434 756 1489.64
177 1.15849 727 538 223.87
142 0.0111141 1229 659 533.731
119 6.51609 1493 678 1244.95
92 4.91488 618 221 51.0562
17 9.86554 1489 478 678.425
68 5.73953 1522 515 710.01
191 4.66443 1475 671 1108.26
53 9.67523 1461 347 349.313
154 5.68252 1311 773 1374.44
158 5.4831 1095 560 597.168
231 7.00636 1213 662 981.045
180 3.66421 1803 336 318.35
188 7.78891 1729 252 207.681
118 8.87553 1232 776 1445.33
179 8.36346 620 669 533.439
91 8.52586 1088 576 696.943
216 9.40526 1305 456 535.487
229 7.04431 1453 645 1116.99
62 6.98916 934 422 306.784
26 6.88998 1616 347 357.682
225 8.56007 564 422 194.097
146 4.19813 1797 374 407.967
236 5.75334 822 204 60.204
183 8.91599 1286 270 182.827
153 1.53323 1034 211 54.5791
264 7.79674 588 247 67.8691
114 5.6286 1884 765 1929.93
102 6.84315 1525 600 1007.56
44 0.469922 1338 224 67.1355
156 3.69251 1377 404 352.253
12 6.13849 1692 523 827.535
239 9.71474 1804 708 1797.19
38 4.60642 1371 527 633.353
92 2.71104 1274 300 164.323
23 5.09632 1725 306 275.76
24 2.10879 1345 369 242.479
217 7.02536 747 326 146.604
52 4.03551 1579 255 164.885
20 5.81622 1108 424 351.502
5 9.44698 690 355 171.766
69 2.0115 754 463 210.693
121 7.71284 1649 530 874.165
55 5.79124 1778 369 426.757
132 1.35208 1347 434 286.953
27 4.88193 577 520 263.455
33 6.14527 1144 506 523.873
150 9.42534 633 772 744.819
229 7.21757 720 236 74.5236
137 4.71388 1805 204 125.699
150 5.81619 1106 755 1112.51
65 3.10004 1212 360 234.257
226 8.10538 901 322 178.316
184 4.06032 1423 508 590.704
180 7.05866 703 513 342.028
142 2.89224 816 680 551.351
162 4.5196 1377 733 1224.52
22 5.76574 1308 353 286.999
266 0.689732 958 585 327.852
264 2.1757 724 245 58.1295
270 6.33328 884 290 133.941
107 6.68659 1584 645 1202.78
212 0.748544 817 575 270.121
91 9.90957 710 277 108.74
20 3.65541 1763 614 1038.8
35 2.32024 1438 669 878.847
46 6.97874 1395 578 859.287
21 6.22984 1134 345 242.208
144 0.722512 594 399 94.5654
157 5.3019 1429 567 792.217
132 2.72335 548 586 270.059
146 4.19206 1741 459 595.099
164 4.28894 1083 272 130.792
261 1.21082 1877 575 672.141
68 2.76394 1293 732 998.72
244 7.40368 1205 703 1113.3
5 7.67247 832 313 153.641
216 4.90289 1478 629 988.504
135 9.41179 1365 652 1145.26
264 7.3141 1623 629 1197.02
93 6.32731 1429 525 709.443
73 8.55229 1752 401 544.313
125 9.18972 1553 531 859.701
202 8.51222 1970 724 1993.01
73 5.05442 1080 792 1154.14
133 1.27406 804 653 378.896
119 5.23148 1810 384 458.693
213 4.89256 983 770 984.696
149 9.96694 1399 253 178.968
124 8.83208 1046 249 126.208
145 0.690083 1279 504 324.886
244 5.90496 1709 577 1007.78
163 9.91874 1125 606 824.817
250 0.497542 1412 774 845.895
163 1.3124 1933 427 394.053
269 5.62775 1748 689 1452.45
160 4.79515 1469 670 1108.38
266 2.51458 1786 361 325.963
78 4.68897 1731 689 1373.19
5 8.44002 1492 206 121.965
115 4.11692 1791 619 1107.99
229 0.738192 896 611 334.496
249 9.36871 820 691 771.981
230 3.51425 1414 342 255.661
120 7.59802 1218 735 1237.49
70 4.40358 1873 507 791.415
231 0.848242 1195 392 183.628
106 4.86415 1494 238 142.765
110 4.80845 1651 729 1475.81
240 3.03282 584 757 495.916
106 1.635 1293 358 201.099
173 1.96312 1547 236 111.402
243 0.0654156 744 643 307.606
266 0.708653 712 347 85.7312
100 8.97225 1898 547 1109.05
272 7.60849 1974 644 1540.2
49 4.58246 1591 727 1396.8
84 3.82734 649 615 388.551
31 9.6961 719 346 170.998
13 8.30061 552 730 564.527
133 7.86428 1698 621 1241.31
269 5.14338 1932 633 1324.73
69 0.26743 869 700 425.81
149 1.07343 1999 332 227.119
4 6.30155 763 475 309.778
61 7.22022 683 540 370.154
170 3.96557 584 535 267.165
229 7.46865 1833 708 1721.17
33 1.88216 1509 737 1044.76
143 9.17105 936 445 363.737
100 6.07888 701 720 648.239
138 7.80344 775 300 131.987
178 2.51703 1899 741 1460.71
100 1.99921 1042 249 84.0421
179 4.83308 1796 567 972.461
159 6.87446 1113 479 469.172
214 6.54135 728 224 66.3229
204 5.06944 1063 266 128.236
174 8.16534 1066 257 134.619
193 2.13407 1390 736 1000.84
268 5.45887 1134 292 167.959
266 5.45037 1587 512 722.392
162 5.57593 578 771 600.012
27 6.10592 1574 394 436.333
186 4.39862 714 332 129.329
55 7.8651 1508 542 839.79
188 4.66638 1428 356 302.05
226 0.10612 602 215 27.8274
227 8.35459 1459 326 298.007
253 2.97395 1991 469 645.235
226 3.04422 921 745 758.321
145 3.91195 1750 760 1609.59
123 5.2228 669 544 340.113
245 5.93898 1057 612 702.2
241 8.04108 1095 424 375.07
31 4.38573 1269 203 85.8693
183 5.63905 1233 266 152.779
94 0.196917 1616 418 282.354
21 0.178905 681 541 199.316
238 7.93964 692 222 64.7918
30 3.62669 1751 257 180.36
34 1.5277 602 416 123.353
104 0.435365 884 463 189.502
200 5.48327 582 248 62.2495
142 9.94314 809 490 388.001
8 4.32696 1435 211 104.532
40 5.78914 1026 713 919.356
110 9.31476 863 308 161.211
112 7.94386 611 633 465.168
15 1.72398 1605 407 328.753
104 3.9421 1792 496 703.494
230 6.42357 1381 450 505.549
140 3.30495 1216 359 238.082
147 6.74964 1974 614 1361.33
137 9.79808 1016 476 458.363
197 0.0783322 1509 703 745.761
156 7.19229 935 381 252.024
27 1.15596 1253 405 218.459
262 3.4236 969 360 192.704
17 7.68901 1153 649 915.863
174 2.09753 1504 596 706.116
223 4.14358 1425 370 315.522
31 3.24512 1372 243 122.433
140 5.71201 1628 237 160.646
18 4.0918 885 488 339.723
58 4.00166 1263 355 255.028
49 7.43076 521 718 502.537
146 5.50296 905 325 166.385
128 4.73788 645 477 245.902
245 4.24522 926 420 265.912
103 1.55742 1421 529 474.165
214 7.93891 708 598 480.988
73 8.36391 572 546 327.814
78 2.82115 739 777 647.116
142 0.34205 1134 368 153.571
223 3.81832 1987 537 906.396
157 1.96991 1624 556 649.86
25 3.44076 1497 763 1339.21
260 3.46501 1249 375 270.435
58 0.891504 1265 369 172.244
0 3.56823 1643 211 113.559
56 7.2391 1990 649 1558.77
128 1.83195 1951 678 1132.64
12 3.22861 1886 698 1386.58
89 2.07651 1772 459 491.796
89 5.58302 1074 770 1112.36
254 4.2611 1321 523 588.798
88 7.65532 1706 491 774.844
174 1.69542 951 616 443.601
153 9.80773 817 482 378.017
65 8.32017 594 417 198.331
27 3.2214 1568 700 1158.66
175 2.15731 526 219 33.6513
18 1.98757 1884 762 1420.28
31 1.4385 744 374 120.501
209 5.94673 1684 769 1766.92
50 9.00791 1733 227 174.547
37 9.35503 1253 408 411.119
221 8.4463 959 255 120.145
252 7.48422 1776 668 1485.25
37 1.72889 622 633 308.487
163 1.19261 1087 708 586.556
165 1.11365 1269 739 725.424
198 6.02173 973 510 450.407
197 0.606664 1808 272 133.763
275 9.59227 1056 317 210.314
47 4.18118 908 664 649.061
96 0.904059 910 780 553.644
61 8.45638 1248 414 412.229
175 4.38644 1304 729 1137.98
143 3.40577 1587 381 352.977
129 5.08537 859 208 63.4134
206 1.61697 1427 565 550.605
179 5.13895 1242 792 1332.88
226 3.01278 1361 357 256.539
206 7.51731 1647 255 200.919
34 1.92725 1499 353 240.012
224 3.58944 1470 779 1387.17
79 8.33159 1712 576 1090.97
227 6.43278 1356 386 365.366
47 3.50565 668 383 151.369
96 4.00572 734 410 197.747
156 0.596611 923 518 247.663
215 0.447371 1129 633 452.378
218 5.24698 1109 599 684.37
10 8.27313 1349 401 415.982
81 8.43042 1753 254 217.807
85 5.68654 1525 228 139.117
86 3.74103 1584 616 945.46
198 3.99839 1199 510 499.564
26 4.12831 988 223 79.3865
153 9.99167 1923 460 813.666
146 0.201658 1044 466 226.711
149 8.88625 741 702 711.609
122 9.4098 1534 755 1725.73
267 4.73524 1937 731 1734.08
181 4.3909 977 505 409.258
116 3.9133 1969 660 1365.92
264 4.28874 1851 746 1681.48
95 9.10441 549 666 477.102
235 3.66089 1380 429 397.114
100 7.5896 948 371 245.338
201 4.25524 1244 695 978.793
224 3.28834 1874 425 513.483
5 6.54361 1755 441 619.764
90 9.17117 1188 519 627.978
207 6.18823 1397 506 640.812
220 2.31865 592 583 274.705
196 3.44018 751 678 530.463
184 1.46593 856 633 399.965
145 8.37117 1152 349 269.795
114 5.51947 1207 783 1289
259 0.897054 547 349 66.6251
210 4.64268 1034 584 587.789
52 6.46152 806 480 336.183
66 7.43066 1205 712 1142.95
125 5.75571 1947 456 712.579
37 4.1079 1663 547 802.912
128 1.11909 1922 280 158.048
257 6.1518 508 728 481.656
153 2.53782 994 377 198.417
0 3.13613 1071 546 477.772
101 9.94889 1319 757 1510.02
118 0.165363 1682 593 591.474
33 9.30325 1689 200 133.001
189 6.47946 1503 439 524.73
228 7.09965 1363 714 1286.34
105 9.2767 1362 354 335.795
26 0.219428 1211 573 397.606
140 6.56451 1651 670 1346.79
161 4.08806 1933 329 337.178
14 1.90447 1710 765 1280.71
269 6.27052 1132 525 560.772
209 6.02293 1914 478 778.343
82 8.78865 1614 615 1186.68
243 0.196985 663 527 184.134
124 5.21177 678 312 113.32
31 4.89164 1376 471 515.711
142 8.59328 536 541 303.425
38 2.53939 953 739 731.096
242 8.17038 1116 208 92.3281
216 1.57962 1396 424 300.797
35 4.89548 919 469 341.582
97 2.53228 721 461 215.057
43 2.53628 1513 740 1163.4
176 7.39318 1011 388 284.436
259 0.944026 1702 343 200.239
171 3.86682 605 368 130.054
157 7.68541 1223 376 326.037
177 3.48258 1072 489 395.247
104 0.642409 1282 618 489.627
178 1.24077 1023 671 503.75
261 1.24918 989 744 600.344
68 1.1969 571 741 337.998
186 8.97738 949 317 186.26
94 5.60282 740 722 674.448
74 4.05471 1631 442 512.358
131 9.75325 551 593 385.415
164 4.63632 1800 417 521.512
74 5.00965 817 515 368.329
207 1.23173 1960 246 129.347
46 2.97277 1495 312 214.388
132 1.82199 1784 552 685.222
216 0.969524 559 245 33.554
205 5.54525 511 393 137.636
122 2.14358 529 372 97.4463
97 6.545 1712 323 324.342
38 6.34082 1030 450 375.882
107 1.94616 1225 721 820.956
2 0.72911 901 487 213.689
172 4.71112 664 567 357.16
199 6.10774 1830 729 1736.84
158 6.09902 1083 254 124.738
48 1.28732 579 528 179.121
128 9.99932 1512 363 398.464
102 8.22845 1407 383 395.305
248 2.02451 841 654 469.895
25 6.00183 917 681 756.249
79 5.12052 1204 207 88.1838
194 1.02869 1874 610 705.882
111 5.0428 1567 514 704.898
15 5.7144 1965 439 665.359
236 4.43282 1707 577 935.824
80 6.28691 822 678 679.558
162 1.4897 1750 303 188.477
102 1.11499 610 694 307.686
63 6.1972 1445 786 1599.92
97 1.76183 1666 245 124.598
220 1.33734 1802 304 187.557
53 1.44398 868 210 44.3867
149 6.0155 835 640 608.539
125 4.62423 524 534 248.793
139 0.837407 1371 541 401.266
259 9.06759 1032 634 812.004
188 4.44511 1572 336 292.454
14 1.81544 1987 652 1063.44
263 1.82254 1842 365 309.371
166 3.02288 1251 559 578.717
59 4.96224 1634 749 1554.39
139 7.31882 1358 393 391.051
192 4.36045 798 447 261.419
156 6.17232 1871 665 1481.42
54 7.39902 1116 546 621.869
172 1.66303 1437 642 723.115
107 9.34381 1773 735 1887.41
145 4.24313 522 548 255.154
42 1.46585 627 456 152.03
89 9.72945 1600 396 498.822
152 9.95906 1281 249 158.705
119 6.00219 563 444 197.37
184 4.58747 937 452 318.08
116 9.19766 1834 449 726.043
95 1.26522 1666 468 402.173
210 7.52289 1589 253 190.848
107 1.47269 545 332 70.171
80 2.556 1411 225 100.545
91 6.67519 1826 539 967.862
260 3.5027 532 725 431.865
101 1.27678 746 406 136.016
21 9.16652 1377 337 306.858
119 2.81621 1127 341 189.977
265 4.00961 1577 298 224.505
261 0.361483 1035 775 621.647
269 4.92176 798 798 859.884
256 1.68711 1051 416 223.195
190 8.13956 1010 335 216.561
53 0.897605 671 680 310.27
162 9.35456 556 486 258.845
245 3.07737 820 686 574.272
97 0.307184 1024 589 355.247
13 9.07905 1502 427 536.225
56 5.96787 743 319 134.267
174 5.04834 855 416 252.003
74 5.74488 1665 633 1173.7
64 7.25963 1661 792 1938.86
11 2.98962 867 444 252.208
103 9.19973 957 208 81.3074
218 1.96503 1302 493 409.286
65 7.4553 625 218 55.6169
98 8.43615 1399 593 947.58
174 3.1953 1988 556 924.616
26 7.57926 1649 736 1678.99
240 6.23845 1634 769 1734.55
22 5.9004 1245 744 1220.41
160 3.81114 966 516 406.652
270 2.23526 1235 425 300.997
274 5.09956 1080 225 93.3594
204 2.32776 1221 305 155.262
195 1.6864 1986 388 366.837
66 6.21964 1890 746 1886.71
72 3.89017 1797 518 766.648
183 9.43079 784 531 436.488
171 7.32046 1574 210 129.424
64 9.42512 1466 741 1589.21
186 2.01625 1137 345 176.546
152 9.78879 1521 790 1889.71
226 3.96145 752 584 409.808
202 1.74049 1367 421 300.6
18 2.91087 1667 348 295.557
209 6.99057 1149 281 167.346
271 7.84983 1610 353 380.148
4 3.10923 549 788 508.843
72 5.69363 1003 220 85.2157
257 9.15516 1610 218 150.094
269 0.900441 1226 261 83.5163
123 1.1154 1380 787 895.27
117 3.35115 1503 596 814.285
49 5.43157 546 442 185.062
46 3.09931 1144 307 160.79
80 0.447957 1484 433 278.234
137 9.02577 529 296 90.6345
134 6.41596 1896 464 737.727
91 1.57311 1325 298 140.817
22 4.64244 1256 618 799.532
127 6.58565 1166 210 93.5134
143 4.26891 1202 534 558.803
22 7.57026 1357 217 120.075
0 8.1105 1363 750 1463.64
136 7.31687 1817 691 1617.46
252 0.103266 1838 660 800.633
24 6.35567 648 442 228.273
70 1.8659 1649 504 532.34
275 3.55951 1065 228 85.8895
4 9.97961 1750 742 1926.12
250 4.84501 553 467 203.252
92 3.99147 1674 676 1224.83
170 7.60559 954 339 206.237
65 3.52134 834 691 615.929
109 5.13201 794 346 162.571
101 4.72777 1641 485 646.424
150 3.09571 1255 769 1106.38
30 0.761516 782 624 304.492
98 7.7758 911 231 91.9127
129 8.53949 1436 385 411.107
227 1.62166 627 274 56.9561
207 8.93682 969 787 1171.04
192 7.3148 1619 225 152.794
61 1.87749 664 388 127.308
264 2.94677 1928 425 511.692
130 1.31762 1455 531 459.397
51 9.6009 746 332 163
263 5.84331 1369 609 896.997
20 9.98861 875 744 968.448
1 1.6082 1616 324 204.645
16 3.92757 1899 579 1014.86
136 0.117401 1649 434 310.599
190 9.37248 1975 219 186.78
240 5.09765 1995 782 2082.97
14 3.6843 1895 248 182.559
26 6.90821 1599 743 1623.66
103 1.32134 726 563 257.967
113 9.97292 1691 789 2104.13
159 1.1476 524 687 262.099
203 5.56231 1595 744 1540.87
234 7.27491 1638 750 1715.44
101 6.96799 1693 588 1078.85
33 9.77268 935 331 203.856
36 1.16116 1573 682 779.119
73 1.31619 1291 409 241.728
50 1.9768 1538 337 226.365
237 0.835913 540 458 113.273
198 5.90234 946 282 133.234
198 2.2143 671 216 42.1142
72 7.04038 849 295 136.508
72 7.32442 1634 669 1363.74
50 8.64929 1393 385 399.943
154 5.21757 836 419 252.071
1 1.78397 1641 771 1220.7
235 6.07765 1223 704 1081.19
221 4.66676 1811 306 283.023
24 1.75896 1000 429 229.178
130 8.01796 1282 712 1237.46
183 2.28885 1422 543 570.054
83 9.96498 1813 756 2070.81
246 7.601 570 621 413.444
241 5.81342 1911 543 994.18
253 4.36922 637 478 238.751
152 2.11751 1276 702 833.703
151 0.580245 1037 522 282.566
140 8.18275 1184 675 1031.93
119 0.501234 1276 342 149.246
122 8.76243 869 336 190.584
163 7.38739 1919 551 1088.6
227 4.94172 1064 697 875.567
146 1.61615 1948 496 579.152
161 2.13262 934 669 555.515
8 2.30612 572 653 332.415
261 9.93424 1717 413 584.895
113 9.5096 1818 488 856.437
91 3.5414 1787 324 290.613
144 6.41847 1740 448 631.2
25 0.341129 1594 662 698.561
152 5.12962 1622 331 303.896
177 4.35314 1122 522 501.026
9 8.04214 1444 543 811.235
236 2.6233 1686 279 186.21
171 3.56884 1383 200 85.8858
204 4.44966 1237 545 605.628
9 3.57227 1887 406 483.036
152 7.46466 698 654 559.179
117 8.0008 1451 719 1427.56
153 7.30521 820 287 125.875
185 2.37612 801 730 587.293
48 6.25926 1775 387 477.588
267 1.29154 1323 264 102.453
237 8.80686 1875 588 1260.77
108 8.30838 1172 395 351.005
26 5.3867 588 274 76.4287
118 6.63463 1232 699 1096.65
63 7.08697 1097 283 162.577
207 9.22869 1822 744 1981.93
151 4.49841 1939 520 866.708
138 7.15684 701 391 198.77
227 9.91995 1972 283 315.32
215 1.72995 762 772 562.24
118 0.282595 689 389 104.26
35 8.28288 1144 780 1335.07
75 9.21389 1728 351 418.213
73 3.56929 808 473 280.665
218 2.50447 1001 489 334.797
48 8.61077 1145 754 1259.62
31 4.11822 568 352 113.639
97 9.901 1702 758 1951.59
202 4.06511 1468 370 323.374
35 3.09108 1928 699 1403.72
49 5.42376 699 736 656.685
57 7.30722 1034 677 883.255
11 9.85012 1558 307 292.717
250 6.268 1409 749 1420.54
255 5.02715 858 638 594.176
168 1.14117 1419 554 460.491
178 2.77352 1842 454 547.869
34 1.0916 1013 634 422.68
139 0.683803 579 362 75.8745
138 5.87971 1968 680 1610.12
158 0.931707 1363 253 87.2443
229 0.61936 628 759 361.779
140 1.37538 1339 266 107.857
234 4.17064 1953 359 407.812
206 1.62779 808 554 300.462
107 8.73175 1409 524 750.969
164 2.5517 982 424 248.362
150 5.87021 1053 754 1058.8
32 1.10083 630 334 73.2123
151 4.7213 1994 640 1367.28
177 3.58505 1170 708 911.678
272 0.244371 1457 305 135.537
216 6.34571 989 647 746.234
143 0.396808 1692 713 860.16
185 5.17646 1317 264 157.33
167 5.91258 813 201 58.1958
180 8.26175 1480 431 527.054
95 2.48949 1842 320 263.335
57 7.94402 1435 641 1120.29
231 7.48234 1049 222 96.8857
116 8.01605 1032 270 143.24
85 0.923013 808 543 238.238
71 8.85225 1370 311 258
86 9.88916 1982 456 822.263
31 6.24203 610 560 343.439
22 9.28401 1457 695 1384.83
87 2.1442 665 756 505.976
92 9.88969 1833 295 318.265
120 0.996924 1825 576 605.491
179 0.430148 644 607 237.281
146 4.48861 564 447 186.18
158 6.62361 1073 269 141.396
152 1.0203 527 497 131.31
5 5.07014 1752 201 120.686
8 3.00643 1114 339 189.223
201 5.65856 1753 312 299.089
142 9.8417 1170 706 1162.3
39 4.1134 1296 697 1016.31
239 2.68652 1049 580 504.338
151 1.3444 1614 283 145.878
95 8.33709 975 245 112.426
206 1.45603 1784 799 1324.74
233 2.1939 1054 629 559.295
35 2.72288 1822 707 1306.92
148 4.71929 977 524 449.035
21 5.91598 1221 292 184.481
72 9.59677 764 286 123.867
169 1.70249 1112 344 161.998
168 3.04224 1917 797 1806.08
263 5.72784 906 796 1009.19
15 2.45339 995 723 722.839
94 8.47651 1308 500 630.527
96 0.418727 1915 267 136.518
51 5.45495 1464 720 1318.12
48 7.44268 1731 256 212.334
10 3.8159 595 434 177.252
216 1.14726 1598 789 1054.14
112 4.34469 762 524 342.705
65 6.96345 1529 434 530.727
226 4.43522 1139 313 183.774
3 1.22627 1978 510 560.054
43 2.73843 1651 278 183.419
264 1.49521 1435 218 80.1111
266 5.02287 842 239 81.8088
75 7.3647 1055 713 1001.41
102 6.87261 1667 236 170.568
164 1.00576 1805 226 92.422
199 2.92719 961 517 376.68
179 7.82417 631 541 349.683
267 9.31063 628 575 408.824
275 2.9914 1911 783 1729.15
180 7.43848 983 510 478.498
5 7.96509 837 795 1005.74
38 0.773836 943 342 110.297
18 1.87233 1532 743 1076.1
220 8.04845 1461 419 488.805
30 6.96484 886 664 719.903
25 4.77977 779 301 118.529
273 4.46236 1136 594 661.181
233 9.06625 1572 766 1805.49
216 1.86313 843 356 135.711
215 2.68162 1889 434 508.23
222 4.57079 1732 343 338.253
40 4.08613 1536 420 436.586
198 3.23546 1273 573 631.097
258 8.54156 1035 302 182.33
178 3.26273 566 515 227.215
238 3.09521 957 273 106.322
160 2.66481 1582 336 254.626
263 0.427289 845 752 477.851
74 4.51126 1437 545 706.096
133 8.90733 1089 406 349.992
53 1.06044 1080 620 425.733
37 8.94694 1961 575 1265.38
275 9.59858 993 589 682.856
15 1.84137 1474 450 377.626
267 3.72244 539 650 357.721
263 1.96999 1004 715 664.41
120 9.81091 1637 425 588.915
20 5.3842 1778 430 569.11
47 5.41579 1482 352 318.345
212 2.03157 851 304 102.856
206 5.02937 579 305 91.646
244 9.51641 963 702 938.925
104 3.06491 521 610 288.163
238 5.13506 1403 483 559.869
36 5.27503 775 681 618.993
0 6.64009 663 658 523.064
212 3.70826 1758 558 858.929
20 2.25836 537 751 410.021
173 1.23069 1032 772 670.502
76 2.29042 1359 437 352.934
12 8.09048 1786 715 1742.07
64 3.24406 1969 527 826.337
204 0.374712 889 572 290.867
38 4.84246 879 434 278.988
10 4.28505 779 578 424.719
173 4.20239 872 754 804.842
156 8.4082 1012 262 133.705
74 3.9547 1602 452 522.727
63 0.983019 1663 725 874.114
115 6.58091 1236 414 385.196
124 2.39993 1403 483 451.745
72 1.93686 825 476 240.591
194 2.61108 1014 718 740.631
51 6.0684 1622 428 529.795
208 4.63068 1678 386 416.437
12 1.98703 1703 433 414.509
8 0.132031 605 450 122.513
92 4.74078 764 213 58.0882
94 5.86519 739 439 251.84
140 5.13822 1919 301 297.448
205 5.35404 1027 797 1127.72
72 6.46202 1145 208 89.6807
136 4.29688 1377 683 1049.06
214 9.77446 1245 484 580.408
88 5.26669 847 374 203.959
69 2.91718 1582 626 908.201
148 1.63123 1685 596 725.738
217 8.18695 615 777 710.329
228 3.60333 834 382 189.452
76 0.336725 1277 482 296.678
50 0.75264 801 219 38.4168
97 8.97906 1226 402 386.987
265 9.78931 1996 217 187.11
212 1.21856 642 724 365.411
242 2.0413 1471 549 580.761
210 1.07146 916 441 183.484
211 7.57929 1461 336 310.028
216 6.11972 1056 456 392.331
233 3.60185 1824 754 1614.08
142 8.92377 749 658 632.543
200 4.10226 1539 595 878.847
227 2.9535 1747 489 614.225
4 3.99932 1641 758 1510.45
67 3.8178 1963 263 214.777
61 7.87462 1231 633 935.312
267 8.37514 1335 659 1114.88
79 3.02698 1743 305 240.135
202 2.73375 1887 301 245.634
45 7.99446 566 646 449.44
41 8.8977 975 337 215.843
75 9.33419 618 530 341.998
204 5.98914 1103 469 431.219
241 1.88582 1297 270 120.6
224 1.69888 1730 336 240.263
191 4.90993 1144 214 88.5965
80 6.23077 899 611 602.276
37 7.66014 1097 535 591.629
34 2.19504 1285 358 220.923
253 0.341075 562 320 57.5488
227 2.61175 1132 775 963.382
33 9.13162 613 238 68.0757
75 9.86049 1667 246 201.145
116 4.07019 1990 791 2004.14
260 9.82117 577 219 55.1301
35 5.66358 1661 564 926.259
28 8.94528 1545 724 1580.5
116 5.12314 1556 747 1484.33
123 0.399351 1146 731 612.378
243 4.9761 513 303 79.9201
51 2.94607 760 259 74.9043
43 8.15091 929 736 961.787
223 6.10546 983 698 855.219
240 1.55614 1944 257 153.058
189 1.53427 1889 766 1314.43
152 6.30927 829 409 249.614
22 4.96576 859 223 72.4478
112 2.76402 1234 571 579.982
76 8.11073 1331 201 102.657
214 2.45146 1000 507 357.15
104 8.10251 1587 435 573.159
194 9.03003 1188 707 1161.33
29 6.96256 622 426 208.008
149 8.99892 1774 422 617.37
90 6.87806 628 351 142.165
40 6.56266 1481 528 750.234
130 9.73961 531 681 489.692
57 7.16026 934 497 427.944
223 0.890003 1331 755 758.703
2 8.09099 1976 411 636.868
1 3.01975 1837 578 908.276
224 8.52475 1006 698 946.28
242 2.53211 1251 390 267.051
275 0.900097 1255 336 141.684
203 7.77823 1435 625 1059.93
194 1.99918 595 544 229.057
191 4.73038 1347 488 537.273
59 4.64907 703 630 465.23
61 0.69934 837 398 132.584
216 4.17441 909 341 171.296
263 4.04421 1494 796 1521.06
162 3.10604 1669 678 1144.84
141 4.12779 1515 343 287.983
110 0.273346 1527 267 108.858
228 2.43718 1442 415 344.431
63 4.68304 501 265 58.7737
65 7.36337 698 220 63.0758
0 6.77449 1096 671 903.472
131 4.29692 1010 512 432.404
181 9.50437 1883 687 1757.82
153 2.32717 1549 296 185.502
211 2.2778 1860 614 951.907
96 8.9846 531 282 82.4909
212 2.87869 1446 406 347.803
67 0.266563 1079 627 424.186
149 2.38104 1116 427 280.143
0 6.84599 1717 447 629.687
71 7.04668 1712 528 882.003
47 2.3138 1744 517 635.983
229 2.26724 538 748 408.022
235 1.43563 1880 657 938.939
249 1.18364 1615 365 230.913
186 8.35644 1062 784 1254.63
19 0.215494 1096 585 375.079
96 0.696326 1959 262 134.474
203 0.472977 720 535 206.082
1 3.39351 874 758 768.645
3 3.64479 1390 629 858.828
104 5.92506 1231 278 168.648
79 6.27335 779 576 464.57
178 1.20675 1417 485 360.518
216 3.23123 1426 791 1346.69
183 9.85699 920 435 347.085
54 8.39343 882 697 824.376
19 5.34897 1720 377 422.496
130 6.71537 1888 430 637.814
22 4.90044 914 786 954.418
226 3.79968 572 434 170.201
187 7.51152 1332 321 257.445
265 9.2319 575 636 457.098
11 3.65213 727 312 110.58
164 3.04089 756 361 146.109
42 5.6019 1167 779 1238.14
209 4.74701 1928 454 666.195
182 5.34452 1042 418 314.587
105 4.36468 1826 403 486.342
170 6.05797 768 520 370.131
116 4.57242 543 388 135.709
202 7.18219 725 705 668.889
55 8.66897 651 358 161.694
151 8.33795 1888 532 1026.52
64 4.95534 1471 451 507.171
170 4.91157 1498 488 603.326
174 4.12513 1099 345 211.313
49 8.76442 847 505 419.64
274 0.424351 913 630 362.37
147 4.73813 1694 625 1108.78
153 4.79769 1022 494 419.257
206 9.59781 1637 716 1663.47
268 2.49776 1998 495 684.185
32 5.79453 1057 678 856.626
139 5.56189 917 455 331.316
258 0.505631 766 398 121.337
135 9.24841 889 685 820.127
272 5.82376 538 580 319.472
5 2.17172 801 645 445.471
255 8.20705 1067 344 241.694
38 7.32562 1282 678 1098.98
251 9.65114 660 214 59.9846
49 6.43986 684 725 650.341
125 7.22094 1437 265 187.557
89 7.32485 1698 683 1477.1
237 3.84875 1196 291 160.559
92 0.705332 640 706 318.999
32 2.07103 946 401 200.215
74 0.463652 1208 411 204.057
269 7.12969 788 764 852.324
44 7.4918 1634 339 352.012
120 7.37235 1950 694 1754.04
131 2.5463 1167 278 126.8
263 8.87338 1218 515 629.319
178 1.698 1074 488 314.577
7 2.29813 1265 231 91.8951
268 5.70439 1167 348 248.202
109 0.275017 516 344 61.0614
31 1.75458 1412 623 681.854
192 2.01176 932 274 91.2123
93 3.24861 1453 256 143.95
140 1.45175 1057 218 58.3651
39 3.93615 1583 281 199.376
73 6.6791 1641 299 267.699
272 5.05123 1410 567 772.149
136 3.54151 1476 680 1057.33
106 5.113 1861 349 387.308
92 4.32793 1608 223 130.844
109 0.0540032 806 611 300.897
133 8.14195 1259 691 1148.63
219 7.81794 1526 439 556.744
97 9.94343 1326 512 694.349
195 3.58585 1476 583 779.902
109 1.16345 1530 252 103.549
75 1.96519 883 564 363.29
37 8.7327 1434 436 529.153
23 3.48889 1175 509 469.625
89 6.66776 1037 513 497.776
100 7.54604 1119 441 408.637
96 6.94374 731 730 717.393
169 6.81642 713 391 199.865
209 4.55958 1494 795 1566.43
33 9.11297 1662 746 1812.55
96 8.72942 1494 451 589.829
9 4.24766 950 253 99.0054
28 3.55695 669 388 156.215
150 1.29551 1785 566 636.132
177 2.79628 1791 384 382.033
99 4.58337 1496 436 472.414
79 9.04455 851 604 607.377
236 5.14625 882 268 108.421
68 8.92094 886 265 121.353
214 7.64862 1540 738 1579.86
139 6.61855 787 527 397.969
27 6.85956 1132 723 1086.59
142 1.78087 763 410 160.406
65 3.45605 909 579 468.858
4 3.19111 1891 433 533.21
166 2.12999 997 710 667.626
71 2.38025 753 227 53.4148
225 3.19343 1344 436 384.321
265 6.96285 1691 637 1264.44
147 6.63776 1711 667 1386.93
97 5.35738 910 661 687.428
154 9.42805 1240 709 1230.71
56 6.23576 1608 761 1671.45
138 7.77952 672 616 482.182
250 3.14353 510 398 120.97
214 9.8641 1657 750 1858.59
244 8.96308 1036 262 138.849
113 0.275623 1272 258 84.6694
30 9.53505 929 203 75.7747
23 9.77121 1961 707 1950.55
192 6.18924 1470 273 196.288
32 4.21656 619 449 202.78
239 8.28374 1708 227 168.826
53 8.03964 1677 337 362.862
239 1.00616 1783 697 868.507
58 2.94848 742 272 80.6753
76 4.07896 1329 373 297.794
269 6.76082 529 310 93.0315
102 2.76572 1529 638 897.338
27 7.79354 834 790 984.647
66 8.85514 1457 474 637.42
189 8.02402 834 716 814.233
31 4.9497 948 392 246.855
43 3.5186 1142 770 1047.03
1 3.07175 640 509 246.626
167 0.65024 1281 704 634.884
137 4.96505 744 421 223.637
20 0.904097 763 599 273.765
126 4.73538 1425 605 873.841
220 2.17795 1673 304 206.878
152 0.0609183 540 268 38.785
12 3.73359 1706 274 201.357
134 5.27093 1400 599 864.941
81 2.43898 1695 413 401.062
214 5.36168 775 363 176.598
257 0.776495 1084 785 667.988
123 2.03666 1188 473 347.897
252 0.537799 1415 768 834.601
25 2.74128 1772 463 546.224
221 6.83336 913 300 150.752
256 5.91674 1744 715 1579.95
102 0.396654 1618 664 713.37
179 5.61669 721 568 406.95
159 2.37733 1516 542 612.836
274 8.68949 691 727 708.147
74 4.55391 968 382 234.254
20 1.11933 1998 683 977.676
171 2.79616 1547 555 689.308
2 9.50224 1218 557 747.387
2 5.13765 1260 536 619.285
251 6.14551 914 551 496.309
205 7.71516 661 399 198.609
37 7.46133 1889 605 1294.9
39 1.93972 1838 281 186.89
21 9.74382 1827 531 1024.48
168 4.79527 539 675 412.777
31 5.03933 1757 738 1629.07
65 4.99593 1239 332 231.976
115 5.734 1707 653 1279.95
19 8.50938 758 312 142.401
110 3.79473 1085 534 488.59
172 1.28046 1287 723 744.983
162 9.06899 944 622 714.937
256 3.98502 928 422 264.49
155 9.23544 1071 593 740.223
94 6.3457 1850 579 1117.89
189 8.42295 1918 758 2121.89
101 9.41282 1163 465 496.331
32 5.84405 704 787 770.351
61 3.55546 1750 394 421.321
75 9.26587 1503 426 536.485
233 7.0878 1217 684 1053.65
63 8.61912 1329 557 798.032
233 0.253828 1770 295 154.034
83 7.34532 613 638 465.603
42 3.1601 1555 790 1455.42
139 2.85548 1377 522 546.186
248 7.97326 1235 681 1089.15
78 8.40746 658 588 437.86
41 5.37191 1101 227 98.1561
130 5.67377 702 792 772.299
138 5.28418 829 799 911.859
57 3.28611 726 509 285.277
71 0.798971 1992 605 729.122
66 4.15717 843 282 108.522
38 7.40101 705 600 474.426
219 2.07717 984 341 150.746
116 6.67973 1060 225 97.9211
72 5.07925 796 466 294.858
144 7.44973 908 225 86.0576
149 1.25259 1800 704 979.366
267 8.7898 1174 252 144.931
270 0.0437388 1065 268 76.4926
122 1.90196 1019 482 302.836
208 3.03753 773 749 642.901
14 2.28078 1398 745 1053.77
21 1.77528 1245 619 595.945
134 2.7064 821 336 132.765
209 4.97249 1754 800 1904.51
210 6.0655 550 234 53.6925
203 0.1018 1233 685 578.554
217 7.34255 631 354 147.541
84 7.20309 582 222 53.2798
101 3.68475 1566 202 100.092
40 4.88134 1160 276 149.206
199 5.57729 514 560 281.507
57 7.40061 1728 584 1101.64
152 8.63024 1915 488 882.915
270 1.71222 767 249 58.6616
106 2.32818 783 463 229.455
103 1.04788 678 504 175.721
27 3.32937 981 552 455.056
141 4.92376 1818 489 735.678
13 4.33867 1975 311 312.774
154 5.92595 1724 316 305.183
133 8.31253 733 367 189.53
119 8.65126 1014 275 148.543
128 4.06905 1491 600 863.912
249 3.3149 1781 648 1137.08
83 2.50478 1569 590 763.964
107 8.38423 827 217 74.9047
67 4.76149 824 727 730.67
188 4.62571 584 218 46.2154
23 1.63294 1610 436 371.235
66 6.47497 962 754 990.588
72 6.00378 580 678 474.158
14 5.75242 1646 450 586.585
33 5.5541 1176 245 123.151
212 0.101087 549 255 35.6987
7 3.737 706 347 133.678
34 2.72628 1697 684 1139.77
120 9.76094 1306 289 217.011
25 3.32707 1499 620 877.036
23 8.25226 1121 588 742.823
197 5.6043 1431 271 183.759
2 1.9048 840 641 441.727
44 8.0363 783 790 930.944
191 2.61962 1768 654 1072.47
END
