Delay, Zoom, Max Iter, Resolution, Estimated cost
535 5.24668 1229 748 1182.64
465 5.33161 1311 748 1266.67
510 5.09474 1248 754 1211.22
516 5.07259 1237 751 1189.69
492 5.26445 1214 751 1178.61
514 5.37647 1251 751 1220.98
472 5.25071 1274 750 1232.75
487 5.27244 1253 747 1204.01
527 5.16433 1242 752 1203.15
521 5.07992 1252 750 1201.35
495 5.32384 1231 752 1201.69
476 5.34119 1255 746 1206.63
504 5.24111 1240 750 1199.3
492 4.99135 1233 746 1165.29
494 5.32525 1253 751 1219.99
499 5.36474 1238 753 1214.07
487 5.38222 1289 748 1248.37
497 5.18366 1276 749 1227.4
519 5.30246 1200 750 1164.02
508 5.4143 1259 749 1224.4
489 5.4606 1278 751 1252.19
522 5.22281 1240 751 1201.44
507 5.34512 1285 749 1245.66
495 5.33459 1278 748 1234.96
494 5.16923 1233 752 1194.71
515 5.35894 1220 748 1180.26
487 5.32509 1262 749 1222.21
484 5.29168 1194 749 1154.52
510 5.12346 1264 749 1212.26
495 5.62764 1225 748 1199.66
486 5.28949 1242 751 1207.23
461 4.94787 1259 752 1206.37
509 5.36088 1266 750 1231.43
518 5.43501 1253 750 1222.99
502 5.3546 1249 751 1217.78
496 5.36255 1243 749 1205.93
471 5.29286 1227 748 1183.33
522 5.51087 1276 748 1243.1
516 5.43545 1261 749 1227.54
506 5.24804 1217 753 1186.88
496 5.19071 1246 747 1192.56
519 5.15082 1238 748 1185.76
509 5.40125 1302 749 1265.45
473 5.19584 1226 749 1180.01
537 5.21357 1254 750 1211.22
480 5.16757 1232 749 1184.14
494 5.20567 1270 751 1229.48
511 5.1782 1211 749 1164.57
484 5.03122 1282 749 1223.85
465 5.41497 1288 749 1252.64
482 5.51159 1217 748 1185.66
497 5.49431 1272 748 1238.28
482 5.09577 1265 752 1221.27
487 5.19938 1205 749 1159.99
491 5.39627 1251 750 1218.85
529 5.41021 1270 747 1228.28
516 5.08458 1274 749 1219.49
473 5.32162 1222 750 1186.44
488 5.29548 1255 750 1216.97
492 5.26168 1222 746 1170.47
496 5.31868 1214 750 1178.51
498 5.29071 1281 748 1235.28
479 5.18388 1216 750 1172.82
515 5.32197 1253 751 1219.8
498 5.36518 1231 753 1207.23
517 5.28345 1270 751 1234.09
515 5.23688 1272 749 1226.72
500 4.97678 1245 750 1188.39
515 5.11362 1294 750 1243.74
509 5.38577 1285 747 1241.38
507 5.30107 1228 750 1191.1
523 5.26885 1256 749 1213.15
486 5.28918 1205 748 1161.91
507 5.34867 1235 751 1203.79
496 5.2068 1223 749 1177.75
481 5.33762 1232 750 1197.05
481 4.93302 1250 748 1184.13
492 5.46824 1250 750 1221.92
492 5.28423 1285 750 1245.39
520 5.22997 1247 749 1202.21
485 5.1347 1261 749 1210.06
495 5.13997 1278 748 1223.42
517 5.40433 1236 751 1207.9
505 4.9645 1269 750 1210.54
493 5.51737 1226 748 1194.74
483 5.05361 1238 750 1186.35
487 5.17589 1248 750 1203.22
470 5.32054 1216 750 1180.55
488 5.11461 1263 751 1217.24
497 5.24281 1262 749 1217.42
490 5.28426 1279 751 1242.89
475 5.08121 1261 749 1206.84
517 5.22762 1256 748 1207.52
517 5.58454 1227 750 1205.75
516 5.57669 1279 750 1256.41
507 5.59411 1253 753 1241.7
510 5.51484 1228 749 1199.76
487 5.16988 1224 748 1173.45
498 5.28123 1263 751 1227.16
505 5.27528 1237 751 1201.56
519 5.42591 1216 749 1183.22
510 5.54874 1246 752 1228.99
467 5.09527 1246 747 1186.96
526 5.25792 1249 748 1202.54
504 5.23863 1242 748 1194.69
493 5.51965 1291 752 1271.71
520 5.15822 1217 753 1181.71
505 5.21268 1257 749 1210.83
474 5.32071 1253 750 1216.48
488 5.40401 1177 750 1147.17
499 5.17446 1208 750 1164.57
501 5.34303 1235 751 1203.48
489 5.46186 1243 749 1211.49
487 4.94087 1251 750 1191.91
496 5.33709 1262 749 1222.9
507 5.28573 1233 748 1188.72
515 5.36835 1231 752 1204.2
502 5.50767 1255 749 1225.74
515 5.29306 1267 748 1221.92
525 5.45607 1248 749 1216.04
523 5.17441 1225 748 1174.67
511 5.39272 1214 750 1182.61
516 5.2854 1266 750 1227.05
495 5.24256 1262 749 1217.41
490 5.25462 1213 750 1173.95
488 5.29542 1214 750 1177.21
522 5.04133 1241 752 1194.83
510 5.42628 1223 749 1190.05
487 5.44869 1225 750 1196.41
523 5.22004 1247 750 1204.84
529 5.25 1261 752 1226.65
497 5.44162 1254 748 1217.82
490 5.21136 1244 752 1207.85
508 5.14623 1268 750 1220.72
522 5.19657 1193 746 1139.1
516 5.25921 1298 749 1253.14
493 5.06694 1259 751 1210.5
512 5.39293 1269 749 1232.9
502 5.08493 1268 748 1210.53
503 5.35312 1244 748 1203.15
507 5.24899 1264 749 1219.71
505 5.10899 1248 750 1199.25
486 5.27615 1240 749 1198.11
504 5.16684 1248 747 1193.08
490 5.40494 1260 750 1228.12
486 5.22407 1258 751 1218.95
518 5.29678 1265 747 1216.95
502 5.19889 1257 751 1216.49
494 5.59413 1255 751 1237.08
497 5.20496 1200 747 1149.33
490 5.13363 1243 750 1195.91
485 5.26601 1241 748 1195.3
519 5.44676 1235 750 1206.07
476 5.18914 1235 749 1188.28
496 5.36127 1248 750 1213.95
512 5.36937 1280 750 1245.54
493 5.1463 1219 750 1173.55
507 5.48529 1246 749 1215.71
505 5.17002 1302 749 1251.57
518 5.32449 1277 750 1240.01
500 5.15464 1254 751 1210.96
513 5.26647 1267 751 1230.18
491 5.23393 1251 750 1209.52
486 5.10766 1260 749 1207.48
500 5.38352 1266 747 1222.89
492 5.15484 1227 750 1181.75
504 5.04797 1210 749 1156.09
500 5.26761 1229 749 1187
495 5.23268 1236 749 1191.76
502 5.1792 1236 749 1188.67
487 5.06566 1235 748 1177.88
494 5.25151 1255 749 1211.18
485 5.45521 1255 751 1229.35
486 5.28214 1272 750 1232.67
518 5.05258 1245 749 1189.81
495 5.25749 1203 749 1161.33
513 5.45024 1253 752 1230.38
506 5.17267 1243 750 1198.21
509 5.35913 1245 748 1204.46
525 5.19553 1244 748 1194.12
522 5.50238 1212 749 1183.46
494 5.44689 1242 750 1212.92
499 5.47175 1255 749 1223.74
492 5.26262 1214 748 1169.11
491 5.22101 1220 749 1175.67
505 5.26581 1248 752 1214.92
511 5.00793 1266 749 1207.14
490 5.12776 1258 750 1209.99
503 5.10087 1236 748 1180.92
505 5.10158 1252 747 1193.05
502 5.29318 1216 751 1182.17
492 5.30808 1222 751 1188.84
491 5.06879 1307 746 1240.09
516 5.33893 1258 750 1222.39
491 5.58975 1240 749 1215.56
517 5.13133 1222 750 1175.57
496 5.20783 1285 751 1244.13
511 5.20609 1225 750 1182.78
534 5.1 1239 752 1196.42
490 5.31158 1270 750 1232.46
508 5.46299 1234 748 1199.57
492 5.10053 1238 748 1182.81
508 5.11829 1262 752 1219.74
511 5.39204 1285 751 1255.07
489 5.29601 1245 750 1207.3
503 5.47066 1244 750 1216.19
485 5.16339 1285 749 1234.83
505 5.31102 1245 748 1201.73
496 5.25853 1303 749 1257.92
504 5.38141 1258 750 1224.83
484 5.57535 1259 750 1236.69
488 5.10312 1253 753 1213.35
498 5.23752 1293 751 1253.68
510 5.16682 1215 753 1180.27
513 5.16641 1254 750 1208.44
494 5.27399 1226 750 1187.63
509 5.02081 1301 750 1244.65
483 5.41716 1251 749 1216.78
501 5.48126 1257 749 1226.22
506 4.98989 1276 751 1222.06
499 5.09753 1256 749 1203.04
516 5.17304 1274 750 1228.11
493 5.17039 1242 748 1190.73
489 5.30276 1234 750 1197.02
499 5.08417 1230 749 1177.35
511 5.35917 1219 748 1179.31
520 5.07465 1214 751 1167.69
488 5.38109 1194 748 1156.3
485 5.09472 1238 749 1185.63
515 5.30606 1250 750 1212.73
480 4.96076 1283 748 1217.14
489 5.22274 1252 750 1209.83
541 5.15297 1217 749 1168.89
472 5.33637 1267 749 1227.71
508 5.3351 1215 749 1177.25
520 5.26123 1258 749 1214.64
486 5.08885 1227 748 1171.61
480 5.1697 1249 749 1200.61
517 5.09494 1236 750 1186.89
489 5.16539 1241 751 1199.04
491 5.29359 1266 750 1227.53
473 5.37861 1247 748 1207.49
511 5.31158 1277 749 1235.95
509 5.21472 1253 752 1216.79
505 5.22577 1223 752 1188.29
521 5.15483 1256 750 1209.68
481 5.34428 1207 749 1170
473 5.41189 1240 749 1205.79
512 5.17452 1286 748 1233.17
510 4.98045 1257 751 1203.28
523 5.18434 1277 750 1231.69
482 5.25229 1242 750 1201.88
502 5.36631 1259 752 1231.48
506 5.18183 1260 751 1218.38
529 5.48891 1248 747 1211.37
483 5.38991 1257 752 1230.87
508 5.12203 1249 749 1197.79
497 5.31384 1209 748 1167.14
518 5.0899 1273 750 1222.11
492 5.06863 1243 751 1195.22
476 5.20121 1237 749 1190.9
504 5.18949 1255 748 1204.32
510 5.21604 1235 747 1183.49
497 5.1522 1270 748 1216.49
495 5.30775 1232 749 1192.18
499 4.99945 1214 751 1163.25
531 5.24683 1252 751 1214.47
488 5.27985 1246 748 1200.91
491 5.53242 1253 749 1225.15
521 5.41643 1229 751 1201.74
494 5.36912 1293 750 1258.18
497 5.1854 1268 752 1229.6
503 5.37905 1282 750 1248.06
497 5.35792 1246 749 1208.58
505 5.06706 1253 747 1191.94
513 4.91773 1239 750 1179.05
504 5.32344 1232 747 1186.7
488 5.72062 1196 751 1185.47
498 5.24447 1235 750 1194.66
477 5.48316 1255 751 1230.92
508 4.82586 1266 749 1195.72
480 5.40329 1216 751 1188.3
485 5.55783 1271 751 1250.83
492 5.29789 1241 753 1213.18
477 5.05548 1236 749 1181.38
491 5.32655 1263 749 1223.26
483 5.10829 1200 749 1150.01
494 5.04654 1278 750 1224.24
466 5.01772 1252 749 1194.39
512 5.52036 1294 750 1267.93
491 5.4647 1231 750 1203.16
487 5.38315 1234 750 1201.56
506 5.49347 1228 749 1198.6
510 5.36091 1272 750 1237.27
497 5.12888 1263 748 1208.39
506 5.24754 1286 750 1244.17
501 5.40409 1240 749 1205.35
490 5.20252 1212 749 1166.91
503 5.27956 1243 748 1198
471 5.5119 1280 755 1270.51
524 5.17584 1249 751 1207.39
514 5.04023 1224 748 1165.89
512 5.19138 1281 751 1239.27
504 5.59921 1235 751 1217.64
486 5.18205 1284 748 1231.7
490 5.3272 1209 750 1174.13
487 5.45831 1251 749 1219.09
501 5.27319 1233 748 1188
526 5.08179 1269 749 1214.53
487 5.14731 1226 749 1177.2
475 5.44499 1218 750 1189.37
507 5.32734 1232 751 1199.66
507 5.36218 1234 752 1206.79
515 5.35974 1278 751 1246.36
503 4.98975 1256 747 1190.11
531 5.41185 1255 748 1217.12
506 5.14641 1242 746 1182.98
492 5.23002 1209 751 1171.81
516 5.27546 1263 751 1226.82
498 5.2896 1272 753 1242.99
503 5.15869 1236 752 1197
496 5.25043 1229 750 1189.19
498 5.29814 1269 751 1233.98
502 5.55131 1285 750 1260.87
508 5.26838 1248 752 1215.07
509 5.16011 1242 750 1196.51
503 5.08325 1271 752 1226.3
489 5.22693 1249 750 1207.18
513 5.14813 1305 749 1253.11
476 5.34061 1257 751 1224.77
471 5.28006 1233 750 1194.76
505 5.34529 1238 749 1200.11
500 5.57657 1236 748 1207.69
498 5.43575 1277 751 1249.78
502 5.09011 1249 752 1205.49
489 5.21582 1253 751 1213.62
516 5.16809 1244 749 1195.71
531 5.28122 1228 750 1189.98
505 5.38008 1219 748 1180.46
501 5.42467 1274 749 1239.58
509 5.18093 1277 750 1231.48
497 5.4283 1244 748 1207.37
500 5.21568 1253 750 1210.38
493 5.45478 1204 748 1169.97
517 5.3822 1248 750 1215.13
540 5.13783 1256 749 1205.44
504 4.94279 1230 750 1172.02
492 5.24136 1222 749 1178.75
481 5.48664 1274 750 1246.43
504 5.02302 1251 750 1196.95
488 5.15126 1247 749 1197.6
496 5.30447 1270 751 1235.33
488 5.48433 1274 750 1246.3
477 5.35024 1229 753 1204.42
507 5.28441 1211 751 1176.82
488 5.33536 1255 749 1216.02
487 5.37175 1220 750 1187.29
497 5.11395 1248 749 1196.35
501 5.16104 1194 747 1141.13
483 5.03545 1293 749 1234.62
522 5.52942 1264 749 1235.74
509 5.17479 1238 751 1196.7
510 5.37982 1257 749 1220.5
497 5.32016 1289 747 1241.41
513 5.38363 1227 751 1197.95
507 5.33028 1245 752 1215.72
534 5.0869 1252 750 1201.77
491 5.55407 1231 749 1204.82
499 5.43104 1224 749 1191.28
505 5.18366 1270 752 1231.43
506 5.26914 1235 751 1199.26
512 5.33027 1252 747 1206.35
492 5.15675 1266 748 1212.93
520 5.38897 1243 749 1207.42
519 5.28242 1266 747 1217.08
486 5.26455 1252 751 1215.5
506 5.09865 1217 752 1175.1
515 5.08652 1247 749 1193.76
496 5.16941 1254 749 1205.4
500 5.40959 1207 751 1179.85
503 5.15265 1222 751 1179.95
512 5.48213 1238 748 1204.51
509 5.14023 1252 751 1208.17
509 5.2514 1224 749 1181.25
477 5.41297 1259 749 1224.33
492 5.26297 1262 752 1228.38
503 5.22721 1223 751 1185.22
518 5.30685 1268 749 1226.96
487 5.15517 1264 750 1217.4
490 5.10503 1249 749 1196.78
477 5.47521 1239 747 1201.88
478 5.47623 1264 748 1229.48
520 5.40694 1241 749 1206.48
475 5.14508 1252 748 1198.83
518 5.17165 1258 749 1209.38
485 5.17174 1212 748 1162.05
506 5.22752 1210 750 1169.52
468 5.45505 1253 749 1220.86
505 5.18672 1260 751 1218.67
482 5.14307 1246 750 1199.35
482 5.46666 1226 751 1201.57
509 5.34762 1257 753 1231.71
504 5.26113 1236 749 1193.39
523 4.95685 1278 749 1215.39
503 5.15461 1262 748 1208.97
504 5.00689 1256 749 1197.55
518 5.25365 1241 748 1194.59
501 5.1541 1215 749 1167.03
503 5.40481 1274 750 1241.75
476 5.37499 1205 748 1166.62
510 5.18648 1234 749 1187.16
501 5.42824 1230 750 1200.17
479 5.12052 1229 747 1172.24
525 5.11139 1237 749 1185.65
511 5.10284 1276 751 1229.05
469 5.5782 1216 748 1188.24
537 5.28244 1205 751 1170.88
473 5.13396 1246 753 1208.42
503 5.16281 1282 750 1235.2
531 5.59813 1267 749 1242.49
482 5.13782 1206 749 1157.46
516 5.09414 1246 748 1190.07
500 5.18556 1270 749 1221.74
492 5.38053 1241 747 1198.58
472 5.36451 1235 751 1204.69
519 5.10771 1235 750 1186.68
489 5.31204 1253 751 1219.23
494 5.45165 1220 749 1188.52
454 5.37272 1251 749 1214.27
522 5.22606 1215 753 1183.68
488 5.392 1257 749 1221.19
506 5.46248 1265 750 1236.26
488 5.23424 1303 750 1259.81
525 5.23278 1233 748 1185.7
479 5.04777 1194 749 1140.8
490 5.18397 1269 753 1233.76
533 5.23738 1205 748 1159.03
510 5.34616 1267 751 1234.84
508 5.14652 1257 747 1200.49
483 5.05118 1264 752 1217.58
480 5.16097 1251 750 1205.23
518 5.33657 1268 747 1222.13
502 5.18861 1251 749 1203.64
483 5.34939 1232 750 1197.72
486 5.42817 1264 750 1233.34
484 5.29058 1237 748 1192.85
493 5.07821 1233 750 1183.02
499 5.26957 1239 748 1193.58
503 4.98004 1275 750 1217.23
499 5.34423 1277 752 1247.79
497 5.01375 1261 749 1202.73
514 5.10392 1251 749 1198.63
531 5.17574 1291 748 1238.04
484 5.32883 1208 750 1173.25
494 5.55949 1242 751 1222.38
482 5.21264 1234 751 1195.03
505 5.22386 1250 751 1211.19
480 5.1759 1238 749 1190.4
512 5.35839 1248 749 1210.55
482 5.32299 1241 747 1195.34
511 5.12901 1271 749 1219.31
506 5.05117 1264 749 1207.88
484 5.30731 1247 751 1213.12
484 5.38168 1257 751 1227.13
484 5.28906 1242 749 1200.79
526 5.231 1281 752 1244.96
485 5.40846 1218 749 1184.21
496 5.08662 1267 751 1219.4
504 5.32612 1215 748 1173.61
507 5.20762 1223 755 1196.74
525 5.27974 1232 750 1193.77
481 5.42062 1252 749 1217.95
500 5.1228 1198 749 1148.92
481 5.25384 1234 749 1191.04
517 5.12944 1273 747 1214.74
502 5.03789 1253 749 1196.57
498 5.14645 1260 750 1213.03
498 5.14248 1224 749 1175
508 5.02263 1261 749 1203.28
503 5.38244 1273 751 1242.8
497 5.16271 1296 750 1248.69
495 5.20516 1252 748 1202.36
492 5.44309 1209 751 1183.63
501 5.30109 1270 748 1225.28
497 5.13341 1219 748 1166.56
518 5.27538 1239 752 1206.71
497 5.19854 1246 752 1209.04
490 5.34641 1241 747 1196.66
466 5.15928 1247 749 1198.07
489 5.09062 1228 749 1175.81
493 5.22245 1226 750 1184.69
494 5.47668 1233 749 1202.56
504 5.51906 1262 748 1229.92
474 5.07673 1261 750 1209.79
501 5.35177 1260 749 1221.81
507 5.23618 1213 749 1169.78
484 5.26987 1294 748 1246.58
498 5.19027 1270 748 1218.76
499 5.37793 1267 748 1226.82
520 5.15073 1255 752 1214.93
487 5.21963 1228 751 1189.63
509 5.36807 1285 750 1250.33
473 5.10687 1270 748 1213.76
472 5.12609 1219 749 1169.25
500 5.40199 1269 750 1236.72
480 5.00336 1266 753 1219.79
479 5.23791 1244 749 1199.78
513 5.17651 1259 750 1213.86
490 5.09357 1204 750 1156.08
482 5.28649 1255 751 1219.69
484 5.21416 1286 750 1242.17
496 5.17171 1234 749 1186.31
477 5.01506 1283 747 1217.27
513 5.1773 1256 748 1204.56
491 4.93652 1212 750 1154.49
513 5.06058 1257 748 1198.56
511 5.09528 1294 748 1235.99
535 5.08035 1270 751 1221.9
500 5.12037 1220 752 1179.27
499 5.19288 1257 747 1203.22
505 5.12552 1282 750 1232.93
514 5.1432 1209 747 1154.45
502 5.11544 1249 748 1194.2
485 5.40095 1228 748 1190.33
502 5.43637 1216 751 1190.12
504 5.47775 1252 750 1224.41
488 4.95907 1238 749 1177.49
521 5.12518 1242 750 1194.45
500 4.97891 1253 751 1199.35
483 5.23364 1220 750 1179.53
525 5.34888 1207 750 1173.38
498 5.48473 1260 749 1229.34
499 5.39452 1263 749 1227.17
500 5.36136 1212 751 1182.08
489 5.48462 1284 751 1259.45
480 5.11983 1202 748 1149.52
509 5.19494 1269 751 1227.87
509 5.28637 1255 752 1222.94
524 5.20946 1211 748 1163.23
513 5.06799 1260 751 1211.53
490 5.08649 1203 749 1151.63
499 5.36787 1226 750 1192.91
526 5.58301 1225 750 1203.7
489 5.31145 1224 749 1184.64
517 5.07988 1252 748 1194.95
527 5.22282 1226 750 1184.71
490 5.06448 1274 751 1224.77
501 5.34004 1276 750 1239.95
496 5.29813 1294 750 1254.95
507 5.4153 1260 746 1215.63
480 5.24769 1237 750 1196.78
534 5.48276 1271 752 1249.92
497 5.22588 1234 751 1195.8
530 5.08083 1279 752 1233.87
497 5.40526 1245 748 1207.05
478 5.13096 1284 751 1238.49
487 5.2917 1269 749 1227.05
483 5.32139 1292 747 1244.37
539 5.35378 1240 750 1205.74
481 5.31091 1261 752 1230.22
498 5.28842 1244 747 1196.27
504 5.2598 1215 751 1179.31
498 5.2269 1295 750 1251.63
504 5.27442 1250 749 1207.68
469 5.07311 1252 750 1200.94
494 5.32089 1268 751 1234.34
481 5.22018 1271 752 1234.6
497 5.22542 1249 749 1203.87
499 5.12744 1244 749 1193.31
517 5.27607 1296 749 1252.22
475 5.25124 1263 751 1225.4
504 5.2453 1235 751 1197.89
484 5.26164 1256 749 1212.73
507 5.22486 1245 747 1193.58
505 5.23445 1212 750 1171.84
519 5.45895 1239 749 1207.43
505 5.23871 1248 748 1200.47
493 5.27673 1218 751 1183.18
526 4.88763 1268 748 1198.33
497 5.05712 1235 750 1183.68
518 5.4272 1234 748 1197.6
478 5.49897 1259 749 1229.16
490 5.42458 1244 751 1216.86
497 5.4745 1234 748 1200.2
509 5.31614 1221 747 1175.7
494 5.2567 1228 747 1179.09
462 5.19791 1233 750 1190.03
505 5.17905 1251 751 1209.52
505 5.37908 1240 749 1203.95
509 5.09899 1217 751 1172
480 5.13274 1260 748 1205.75
508 5.24089 1254 751 1216.06
503 5.33377 1242 748 1200.12
517 5.01602 1247 749 1189.52
481 5.18148 1220 749 1173.41
506 5.28908 1223 749 1182.42
498 5.17726 1278 753 1242.1
486 5.13966 1258 748 1204.25
519 5.16917 1231 749 1183.28
476 5.10898 1294 749 1240.14
485 5.21102 1253 750 1210.11
478 5.29434 1204 748 1161.23
494 5.46605 1211 748 1177.38
485 5.118 1232 749 1181.25
513 5.30163 1225 751 1191.4
510 5.32684 1247 746 1198.13
502 5.24809 1258 749 1213.87
511 5.28134 1210 749 1169.42
509 5.23479 1257 752 1221.86
493 5.32055 1239 750 1202.88
515 5.24114 1251 753 1219.64
497 5.51618 1263 749 1234.03
485 5.3578 1233 750 1199.16
502 5.29984 1243 749 1202.37
500 5.40723 1234 750 1202.9
502 5.53702 1274 749 1245.95
510 5.15624 1279 749 1228.63
513 5.26227 1254 747 1204.38
487 5.27237 1284 748 1237.09
502 5.14982 1258 750 1211.31
498 5.19803 1263 751 1222.25
519 5.27375 1225 751 1189.81
504 5.36849 1256 749 1218.88
501 5.23906 1269 749 1223.95
504 5.10438 1304 751 1256.12
496 5.49898 1203 752 1183.92
502 5.13205 1239 748 1185.62
486 5.3333 1268 749 1228.5
512 5.12303 1241 749 1190.18
526 4.65876 1303 746 1209.73
499 5.50795 1224 751 1201.87
501 5.50361 1224 752 1204.84
486 5.26142 1230 749 1187.61
510 5.061 1269 748 1210.03
469 5.38528 1288 750 1254.26
488 5.47177 1317 753 1297.95
521 5.44948 1228 748 1193
487 5.42886 1260 752 1236.04
497 5.44661 1241 752 1218.4
487 5.05127 1252 750 1199.62
501 5.09531 1243 750 1193.63
503 5.22516 1252 749 1206.75
473 5.22787 1251 750 1209.16
514 5.24474 1281 752 1245.79
520 4.9297 1249 750 1189.31
497 5.19643 1220 750 1177.4
521 5.51527 1245 749 1216.39
495 5.17724 1262 750 1216.8
513 5.08755 1292 751 1243.51
509 5.30511 1239 751 1205.21
509 5.35775 1236 751 1205.28
469 5.07861 1227 750 1177.28
502 5.03519 1278 751 1226.8
512 5.14809 1250 749 1200.29
476 4.89854 1258 751 1199.12
497 5.43013 1263 749 1229.19
483 4.99102 1268 751 1214.47
522 5.15292 1205 751 1163.55
506 5.53369 1219 752 1201.55
494 5.3294 1243 753 1216.95
490 5.30035 1250 751 1215.64
490 5.35346 1276 751 1244.04
496 5.53966 1249 749 1221.64
499 5.10058 1283 750 1232.37
465 5.13163 1236 747 1179.56
474 5.5368 1260 752 1242.13
504 5.1634 1261 749 1211.77
531 5.35368 1288 751 1255.75
515 5.42273 1271 749 1236.55
484 5.17564 1261 748 1209.26
502 5.17722 1232 750 1187.87
485 4.82865 1261 749 1191.18
493 5.30881 1246 747 1199.35
498 5.10535 1230 749 1178.59
508 5.28703 1259 748 1213.86
509 5.50955 1261 747 1225.14
498 5.26757 1230 751 1194.32
519 5.26485 1251 749 1208.09
557 5.03084 1266 749 1208.55
488 5.25549 1279 749 1234.57
487 5.1371 1285 750 1236.53
504 5.08808 1232 750 1182.64
473 5.27185 1226 746 1174.88
477 5.13561 1241 748 1187.74
494 5.03056 1150 749 1097.8
510 5.03283 1249 749 1192.44
494 5.08452 1216 747 1157.76
495 5.27783 1270 750 1230.48
503 5.06068 1259 750 1206.9
513 5.0449 1272 749 1215.14
499 5.28518 1262 750 1223.16
473 5.30232 1262 749 1220.89
492 5.2457 1237 751 1199.85
481 5.103 1268 752 1224.61
486 5.23413 1217 749 1173.52
522 5.17762 1297 751 1253.9
531 5.39118 1247 750 1214.67
521 5.30828 1261 750 1223.53
521 5.16873 1278 750 1231.71
483 5.3356 1280 754 1256.87
531 5.12291 1288 749 1235.24
493 5.113 1253 748 1197.88
491 5.20447 1247 748 1197.52
510 5.2594 1244 748 1197.81
507 5.30284 1268 748 1223.45
511 5.27315 1232 749 1190.21
489 5.36877 1215 747 1172.82
516 5.24248 1260 751 1221.97
485 5.25446 1278 751 1240.15
518 5.15454 1273 751 1229.31
487 5.18614 1254 752 1216.07
502 5.27523 1221 748 1176.56
514 4.96155 1238 750 1180.79
495 5.23624 1264 747 1212.46
504 4.96735 1265 747 1197.26
507 5.29962 1207 750 1170.65
516 5.25152 1270 752 1235.49
511 5.3259 1244 748 1201.61
499 5.20888 1281 748 1230.43
471 5.31392 1289 752 1257.71
465 5.44379 1264 749 1230.94
509 5.13642 1285 749 1233.19
514 5.12397 1238 748 1184.19
478 5.4359 1249 748 1212.64
495 5.06453 1267 747 1205.1
494 5.22911 1227 751 1189.2
476 5.34463 1247 748 1205.57
521 5.29475 1267 749 1225.29
504 5.33429 1243 746 1194.7
493 5.40628 1240 748 1202.26
503 5.26548 1214 749 1172.39
512 5.31676 1248 751 1214.64
500 5.07183 1231 750 1180.72
513 5.15193 1292 748 1237.55
527 5.23884 1287 747 1234.68
512 5.13598 1256 748 1202.12
487 5.41376 1277 748 1238.56
499 5.37422 1289 750 1254.59
505 5.02106 1222 747 1159.75
482 5.25248 1274 748 1226.29
530 5.09143 1268 747 1207.68
506 5.2181 1266 750 1223.08
525 5.35916 1199 749 1163.06
533 5.12786 1269 749 1217.32
495 5.1146 1282 750 1232.27
502 5.27542 1206 748 1162.11
497 5.21313 1277 751 1236.7
484 5.49882 1251 749 1221.34
519 5.36717 1248 750 1214.28
486 5.49418 1264 750 1237.07
504 5.61982 1240 751 1223.69
515 5.20373 1201 750 1159.48
502 5.23405 1265 749 1219.8
489 5.10344 1282 751 1234.87
475 5.30817 1253 748 1209.29
497 5.12994 1262 749 1210.73
496 5.21548 1229 750 1187.19
501 5.16282 1276 752 1235.99
541 5.40707 1236 748 1198.42
480 5.23291 1274 749 1228.41
508 5.36976 1232 748 1192.47
507 4.97078 1260 748 1195.94
505 5.08068 1244 749 1190.54
497 5.38207 1231 749 1195.38
489 5.25365 1251 749 1207.44
485 5.37529 1231 749 1195
527 5.39092 1199 750 1167.9
506 5.35554 1248 746 1200.71
509 5.10065 1209 749 1158.2
497 5.23191 1230 748 1182.76
490 4.94136 1239 747 1171.08
498 5.18411 1263 749 1214.92
515 5.3366 1274 750 1237.8
512 5.27727 1236 749 1194.31
500 5.29247 1249 751 1214.21
473 5.16642 1260 749 1210.99
515 5.2847 1233 749 1191.84
492 5.00804 1269 748 1206.78
468 5.05089 1237 751 1188.39
504 5.07205 1269 749 1213.94
503 5.22348 1187 749 1144
482 5.4086 1265 749 1229.91
521 5.31938 1251 751 1217.71
474 5.13813 1288 749 1236.18
507 5.22343 1265 750 1222.43
494 5.33616 1239 748 1197.36
481 5.15064 1287 749 1235.98
520 5.43018 1267 748 1229.79
492 5.30084 1279 749 1237.25
496 5.28436 1277 748 1231.06
480 5.16287 1303 750 1255.44
520 5.46745 1270 750 1241.43
514 5.18755 1266 748 1214.76
483 5.2965 1289 749 1246.67
467 5.25679 1250 748 1203.44
516 5.04529 1227 751 1178.45
490 4.93466 1284 748 1216.44
532 5.15148 1247 753 1210.44
509 5.31522 1228 748 1185.56
501 5.2112 1257 749 1210.75
500 5.47618 1246 753 1228.22
501 4.98114 1244 749 1184.54
487 5.47116 1246 749 1214.93
517 5.25982 1229 750 1189.73
480 5.56769 1258 747 1225.42
475 5.23803 1252 748 1204.28
498 5.53328 1238 747 1204.08
503 5.1041 1242 751 1196.38
487 5.27931 1219 750 1181.15
505 5.17753 1242 749 1194.34
504 5.4119 1255 752 1230.17
511 5.38666 1287 748 1246.69
491 5.15624 1234 752 1194.92
512 5.1658 1223 750 1178.53
515 5.27671 1288 752 1254.52
503 5.42751 1248 749 1214.44
517 5.40924 1264 753 1242.14
502 5.37076 1225 747 1182.58
534 5.42585 1232 748 1195.58
506 5.23449 1262 748 1213.69
500 5.17979 1270 750 1224.66
512 5.26394 1241 753 1211.21
470 5.13063 1256 750 1208.24
488 5.1721 1270 750 1224.2
511 5.59447 1248 751 1230.2
539 5.36692 1237 748 1197.15
519 5.29123 1245 750 1207.03
492 5.12255 1215 748 1162.1
497 5.0303 1254 751 1203.46
482 4.93782 1245 748 1179.69
496 5.15092 1225 748 1173.31
493 5.1406 1207 750 1161.67
504 5.47015 1261 750 1232.78
480 5.33949 1255 749 1216.26
509 5.52725 1266 751 1244.2
491 4.9327 1265 749 1201.53
470 5.1984 1250 748 1200.04
498 5.23023 1215 749 1171.37
489 5.46646 1226 748 1191.98
480 5.2724 1246 748 1200.48
466 5.20181 1247 749 1200.57
516 5.173 1213 746 1156.87
476 5.35319 1269 750 1233.91
516 5.33445 1270 749 1230.5
523 5.30567 1266 749 1224.96
508 5.3719 1230 750 1197.03
495 5.21937 1251 749 1205.45
502 5.32476 1233 749 1194.11
501 5.21891 1249 750 1206.71
514 5.11986 1251 753 1212.43
497 5.16489 1259 747 1203.48
486 5.17666 1240 749 1192.36
506 5.12434 1216 754 1181.9
522 4.78286 1256 751 1189.87
506 5.24455 1235 750 1194.66
522 5.23759 1253 751 1214.9
486 5.27938 1228 749 1186.7
504 5.15093 1304 746 1242.31
508 5.47537 1221 749 1190.78
480 5.43094 1259 749 1225.34
517 4.98881 1234 747 1169.21
496 5.23048 1226 748 1178.84
483 5.33408 1246 752 1216.92
496 5.14975 1230 750 1184.34
497 5.26171 1283 752 1248.75
499 5.31859 1247 753 1220.24
501 5.17164 1258 750 1212.61
536 5.15924 1264 749 1214.4
499 5.30521 1252 750 1214.62
484 5.04598 1262 751 1212.1
517 5.29124 1265 750 1226.42
487 5.46421 1257 750 1228.54
491 5.39439 1298 753 1274.67
491 5.29029 1203 747 1156.95
520 5.12511 1243 750 1195.4
514 5.08437 1273 749 1218.52
502 5.23145 1245 749 1200.36
510 5.24018 1271 748 1222.68
488 5.28198 1268 748 1222.24
495 5.1284 1269 747 1210.86
496 5.43669 1230 752 1207.05
495 5.13554 1244 748 1190.61
467 5.21915 1289 748 1238.73
478 5.4314 1243 750 1213.03
469 5.04734 1244 749 1188.54
511 5.00348 1220 749 1163.02
487 5.40076 1254 749 1218.77
510 5.31939 1226 748 1183.86
487 5.46975 1238 748 1203.83
518 5.39196 1277 750 1243.94
499 5.3088 1242 750 1205.13
466 5.35486 1273 750 1237.89
475 5.49476 1271 751 1247.27
498 5.03764 1275 750 1220.82
490 5.23203 1245 750 1203.61
511 5.18701 1219 748 1169.63
490 5.12328 1255 748 1200.41
491 5.22894 1212 749 1168.41
504 5.19865 1231 750 1188.15
530 4.99439 1233 752 1184.29
496 5.19049 1267 748 1215.9
496 5.34881 1265 750 1229.76
531 5.21801 1263 752 1226.7
497 5.32645 1245 748 1202.61
490 5.21517 1255 750 1212.28
494 5.49411 1240 749 1210.34
485 5.48848 1243 750 1216.2
509 5.29516 1243 750 1205.31
466 5.37697 1237 749 1200.92
502 5.32167 1227 748 1184.95
500 5.36084 1288 752 1259.52
504 5.26512 1244 749 1201.35
485 5.2681 1229 749 1187.03
475 5.4579 1225 749 1193.73
517 5.26618 1254 752 1220.78
516 4.91609 1230 752 1176.64
491 5.48343 1216 749 1186.34
503 5.27287 1291 747 1240.54
516 5.41623 1250 750 1219.01
515 5.52591 1251 751 1229.38
503 5.24367 1218 751 1181.31
508 5.23974 1251 749 1206.63
496 5.26615 1234 749 1191.75
511 5.32948 1257 749 1217.62
497 5.44846 1215 749 1183.47
531 5.30264 1215 748 1172.31
491 5.2565 1291 750 1249.55
507 5.41259 1256 749 1221.39
489 5.25321 1256 747 1205.78
499 5.33608 1296 747 1249.09
523 5.63569 1262 749 1239.64
484 5.29164 1217 750 1179.91
471 5.21209 1205 747 1154.52
503 5.40366 1259 752 1233.62
489 5.31072 1252 752 1221.43
510 5.37233 1226 752 1199.54
509 5.26726 1241 748 1195.37
509 5.16801 1306 752 1265.37
523 5.53258 1222 750 1198.05
504 4.98038 1216 751 1164.03
488 5.3409 1218 748 1177.33
504 5.15284 1239 747 1183.66
523 5.24491 1227 746 1174.31
508 5.07022 1252 751 1203.97
492 5.25672 1240 750 1200.2
513 5.22246 1256 750 1213.68
516 5.56657 1258 746 1222.08
477 5.25487 1241 750 1201.06
491 4.90454 1279 751 1219.53
499 5.18213 1254 751 1212.6
482 5.17053 1267 749 1217.96
507 5.32039 1238 747 1192.31
521 4.98464 1251 749 1191.42
490 5.07158 1228 747 1168.42
511 5.07139 1301 751 1251.16
516 5.39989 1226 749 1191.51
495 5.48917 1255 750 1227.98
480 5.1401 1299 751 1253.52
508 5.4915 1242 748 1208.92
494 5.2091 1271 749 1224.11
491 5.19314 1271 751 1229.7
507 5.24566 1249 748 1201.83
491 5.0428 1214 748 1156.52
469 5.41243 1248 749 1213.6
477 5.43009 1245 750 1214.91
509 4.9567 1249 751 1194.16
515 5.1423 1256 749 1205.71
485 5.53551 1256 749 1228.26
506 5.15073 1244 749 1194.69
475 5.46947 1270 754 1254.82
507 5.07997 1230 751 1183.39
472 5.38015 1277 748 1236.63
498 5.14275 1269 749 1218.22
507 5.1129 1239 749 1187.66
525 5.1221 1266 748 1210.86
498 5.14124 1245 749 1195.09
508 5.13208 1229 750 1182.35
492 5.49796 1223 748 1190.77
514 5.30729 1262 749 1221.18
501 5.4242 1267 749 1232.75
537 5.18067 1224 744 1161.54
505 5.46062 1279 751 1253.17
495 5.03735 1257 750 1203.56
508 5.31035 1275 748 1230.65
501 5.15728 1252 752 1212.41
487 5.25411 1260 750 1219.4
528 5.01673 1226 750 1172.65
511 5.13485 1294 751 1248.37
481 5.1056 1240 751 1194.54
499 5.18449 1270 748 1218.42
497 5.3252 1238 748 1195.77
514 5.24808 1221 748 1175.03
519 5.21942 1256 753 1223.23
481 5.1885 1252 751 1211.04
485 5.32792 1274 747 1227.42
477 4.90569 1283 749 1216.91
511 5.07773 1219 748 1163.33
504 5.3645 1267 749 1229.33
492 5.31319 1270 750 1232.55
514 5.29617 1254 749 1212.8
490 5.44939 1235 749 1203
501 5.18673 1198 749 1152.54
514 5.3028 1244 751 1209.94
515 5.16301 1237 752 1198.22
499 5.31859 1261 746 1211.11
495 5.14769 1233 749 1183.95
517 5.03106 1256 749 1199.02
490 5.48282 1279 748 1244.44
489 5.30212 1254 749 1213.14
468 5.23558 1245 749 1200.6
481 5.23448 1315 749 1268.04
505 5.19297 1294 747 1238.64
483 5.32538 1317 750 1278.9
513 5.22645 1218 750 1177.19
503 5.09321 1279 751 1231.35
493 5.25315 1214 749 1171.7
463 5.51511 1206 747 1171.99
495 5.1393 1234 747 1178.1
493 5.52365 1215 747 1181.2
507 5.41026 1299 749 1263.07
519 5.10206 1287 750 1236.3
486 5.07538 1252 750 1201.08
485 5.195 1248 747 1194.73
491 5.21006 1268 747 1214.76
481 5.12591 1246 749 1195.14
531 5.29628 1261 749 1219.58
525 5.2645 1245 746 1192.66
497 5.18928 1216 748 1166.89
498 5.05227 1228 751 1179.82
479 5.49671 1231 749 1201.7
498 5.32341 1234 750 1198.19
507 5.26772 1272 748 1225.26
485 5.14005 1264 750 1216.5
514 5.14089 1250 748 1196.67
505 5.52681 1272 748 1240.1
509 5.3922 1238 750 1205.96
502 5.44032 1288 750 1257.46
468 5.23546 1244 750 1202.84
499 5.32306 1239 749 1199.82
505 5.30348 1279 749 1237.41
477 5.15705 1243 748 1190.91
511 5.50495 1294 748 1260.3
502 5.20701 1269 749 1222.06
478 5.03851 1258 749 1201.38
487 5.22993 1244 746 1189.72
496 5.27505 1272 749 1228.97
518 5.25016 1295 749 1249.7
478 5.27694 1223 748 1178.58
501 5.02354 1250 751 1199.21
489 5.2192 1203 749 1159.18
496 5.14177 1234 747 1178.24
522 5.21408 1232 750 1190
486 4.94146 1263 749 1200.17
511 5.23103 1242 748 1194.25
496 5.10132 1198 750 1150.76
521 5.08545 1225 751 1178.91
504 5.26982 1263 747 1213.46
517 5.08158 1275 751 1226.79
509 4.8373 1265 749 1195.51
539 5.4103 1292 749 1256.26
495 5.1602 1250 748 1197.8
495 5.36726 1232 748 1192.33
523 5.3202 1240 750 1203.83
509 5.34219 1231 748 1189.97
522 5.2986 1221 750 1184.18
487 5.07445 1241 752 1196.83
507 5.34514 1315 752 1284.98
492 5.51008 1233 752 1214.05
512 5.32331 1240 749 1200.8
511 5.03822 1231 751 1181.87
497 5.18524 1270 750 1224.99
503 5.3162 1251 749 1211.05
479 5.43208 1238 749 1204.97
503 5.34957 1282 750 1246.33
513 5.18988 1225 748 1175.56
487 5.37385 1273 751 1242.3
514 5.08072 1261 750 1210.03
468 5.48174 1228 750 1201.16
535 5.17446 1258 748 1206.31
501 5.09214 1289 752 1244.22
507 5.19794 1244 749 1197.45
509 5.19686 1290 750 1244.98
487 5.2291 1216 752 1181.68
499 5.26383 1250 747 1200.63
489 5.41689 1251 751 1223.27
484 5.10741 1250 753 1210.71
482 5.46083 1254 747 1215.64
512 5.46471 1236 751 1211.27
516 5.16752 1246 748 1194.4
485 5.13237 1255 749 1204.16
479 5.27087 1235 750 1196.17
476 5.22844 1244 747 1192.83
501 5.55145 1265 750 1241.25
500 5.21839 1237 749 1191.9
498 5.12883 1248 752 1206.84
494 5.35084 1271 746 1222.57
505 5.65859 1251 748 1226.79
498 5.13901 1259 752 1218.09
496 5.11568 1303 748 1245.85
510 5.32805 1237 747 1191.78
478 5.34333 1244 750 1209.04
516 5.30028 1305 751 1269.12
524 5.21008 1277 748 1226.66
491 5.17161 1280 751 1237.1
489 5.48251 1244 748 1210.37
510 5.21102 1255 749 1208.81
517 5.28817 1228 751 1193.55
497 5.23018 1247 752 1211.87
504 5.15783 1265 750 1218.53
488 5.35287 1287 752 1258.07
489 5.24679 1297 748 1248.09
484 5.26989 1245 747 1196.17
515 5.41592 1253 749 1218.66
475 5.06271 1219 750 1168.67
506 5.09902 1282 751 1234.6
503 5.10403 1216 750 1168.21
506 5.29035 1201 751 1167.43
504 5.25524 1207 752 1174.41
487 5.18683 1244 751 1203.2
545 5.51255 1267 749 1237.73
471 5.28415 1260 746 1208.17
476 5.3288 1280 751 1246.49
511 5.26878 1322 748 1273.49
485 5.37763 1246 750 1212.93
514 5.28724 1251 749 1209.38
485 5.33112 1293 749 1252.59
495 5.06324 1243 749 1188.54
502 5.32152 1248 750 1211.68
507 5.28467 1223 750 1185.33
489 5.60374 1263 750 1242.18
508 5.11819 1259 748 1203.93
534 5.26542 1211 745 1157.04
483 5.02012 1216 751 1166.39
500 5.19594 1292 751 1250.19
508 5.34971 1238 752 1209.99
504 5.21278 1229 750 1187.03
515 5.09502 1232 747 1173.61
486 5.07318 1243 749 1189.13
494 4.92744 1264 750 1203.45
519 5.31169 1241 750 1204.32
478 5.18038 1255 749 1207.01
466 5.25154 1289 749 1243.99
524 5.04547 1261 752 1214.34
491 5.18694 1229 749 1182.38
504 5.42994 1207 752 1184.11
492 5.38403 1261 751 1231.17
510 5.203 1281 747 1226.79
497 5.10107 1243 750 1193.98
501 5.17431 1245 751 1203.43
470 5.28129 1286 752 1252.84
475 5.34543 1247 752 1218.55
502 5.20198 1235 749 1189.02
517 5.24685 1216 751 1179.55
486 5.20894 1255 749 1208.69
485 5.26695 1238 749 1195.66
485 5.23242 1244 749 1199.46
513 5.34468 1245 748 1203.64
481 5.42794 1258 748 1220.93
493 5.29131 1237 752 1205.68
511 5.27016 1254 750 1214.53
482 5.30625 1226 750 1189.46
471 4.95265 1236 749 1175.2
515 5.12981 1243 751 1198.87
507 5.0692 1210 749 1157.33
501 5.38641 1271 749 1234.47
486 4.88164 1216 749 1151.9
494 5.29794 1249 750 1211.29
502 5.1548 1244 748 1191.74
516 5.28093 1300 752 1266.46
506 5.22568 1278 749 1231.84
503 5.46835 1224 748 1190.14
491 4.77702 1242 749 1169.97
500 5.39378 1270 749 1233.92
491 5.20272 1232 750 1189.35
506 5.10757 1239 751 1193.7
500 5.23807 1244 752 1209.41
491 5.24294 1227 751 1190
498 5.42674 1241 748 1204.37
513 5.03329 1242 749 1185.79
462 5.0314 1259 751 1208.33
496 5.35817 1251 751 1219.93
509 5.07897 1310 747 1246.91
507 4.98752 1249 750 1192.87
470 4.98306 1266 752 1215.28
488 5.213 1284 750 1240.17
478 5.16318 1229 751 1187.32
501 5.23578 1285 750 1242.5
496 5.61472 1260 749 1236.53
517 5.31721 1237 749 1197.55
479 5.10601 1203 751 1158.92
476 5.18583 1215 748 1165.73
491 5.30673 1246 751 1212.11
472 5.04274 1231 752 1185.29
470 5.33417 1254 749 1214.98
479 5.12127 1248 747 1190.4
489 5.41133 1181 750 1151.46
484 5.48005 1314 750 1285.18
521 5.34173 1235 750 1200.2
490 5.21745 1223 751 1184.66
525 5.1815 1244 747 1190.11
498 5.21534 1251 749 1205.21
496 5.46796 1239 748 1204.7
505 5.08246 1240 749 1186.82
486 5.3184 1219 750 1183.35
526 5.11544 1230 751 1185.49
498 5.26759 1266 751 1229.27
521 5.08717 1286 750 1234.42
456 5.42236 1263 747 1222.2
485 5.18738 1273 748 1221.47
500 5.25748 1237 748 1190.96
499 5.14024 1212 752 1172.69
504 5.34533 1241 749 1203.02
483 5.41476 1270 748 1231.83
497 5.20861 1204 748 1156.46
488 5.35697 1257 748 1215.94
505 5.37011 1212 751 1182.56
531 5.07406 1285 750 1232.65
522 5.40763 1274 748 1235.3
491 5.47777 1231 749 1200.67
484 5.0663 1244 750 1192.86
479 5.50031 1289 751 1265.26
506 5.19304 1230 749 1183.69
523 5.37285 1228 749 1191.95
518 5.14051 1246 749 1196.01
492 5.05053 1253 750 1200.53
523 5.36284 1251 749 1213.71
511 5.31844 1251 750 1214.41
496 5.34557 1240 749 1202.06
495 5.2781 1216 750 1178.17
490 5.06648 1261 749 1205.95
485 5.09616 1217 749 1165.6
507 5.18802 1241 747 1187.62
501 5.27186 1258 749 1215.26
501 5.20799 1245 750 1202.21
497 5.43812 1242 748 1205.97
498 5.32744 1261 753 1234.46
497 5.37523 1255 750 1221.55
471 5.00513 1222 747 1158.81
518 5.3505 1238 750 1203.61
478 5.4221 1237 749 1203.44
494 5.04187 1285 752 1237.23
517 5.11911 1262 750 1213.31
507 5.205 1209 750 1167.27
471 5.60072 1230 750 1209.57
482 5.50715 1266 752 1246.38
476 5.11772 1259 749 1207.12
507 5.35599 1237 750 1202.95
527 5.12887 1216 750 1169.65
517 5.19355 1241 750 1197.5
512 5.27636 1251 750 1211.99
512 5.02571 1198 751 1149.45
505 5.44793 1252 748 1216.23
495 5.18375 1268 749 1219.71
498 5.30405 1234 751 1200.29
526 5.2374 1271 747 1219.25
518 5.3082 1257 752 1226.16
504 5.09598 1270 750 1219.6
496 5.13439 1256 751 1211.69
509 5.30396 1236 751 1202.23
509 5.31242 1235 752 1204.94
528 5.13517 1248 749 1197.61
502 5.2537 1224 745 1168.8
525 5.31023 1249 748 1205.54
499 5.13865 1225 750 1178.88
491 5.22742 1281 750 1238.13
488 5.1144 1224 750 1176.5
501 5.35275 1237 749 1199.56
507 5.22068 1258 750 1215.51
487 5.1631 1228 746 1170.61
499 5.34883 1310 752 1280.31
510 5.39565 1233 749 1198.08
508 5.25096 1303 748 1254.11
490 5.20583 1246 751 1206.26
464 5.21123 1238 748 1189.27
492 5.35313 1227 751 1196.25
539 5.27844 1254 750 1215.01
466 5.09146 1254 749 1200.76
491 5.35843 1221 750 1187.52
455 5.37372 1268 749 1230.83
485 5.22262 1261 752 1225.03
537 5.22733 1259 750 1216.86
521 5.19594 1229 747 1176.59
517 5.34034 1274 751 1241.32
504 5.36485 1206 750 1173.29
506 5.11993 1261 751 1215.64
495 5.16573 1290 749 1239.78
500 5.26037 1229 750 1189.76
487 5.45021 1257 750 1227.75
498 5.53898 1220 749 1193.24
492 5.21912 1251 749 1205.43
478 5.28771 1280 750 1240.75
503 4.92984 1274 747 1203.44
503 5.35115 1267 747 1222.01
465 5.17308 1287 751 1243.96
493 5.44464 1232 748 1196.62
509 5.09186 1203 750 1155.02
448 5.36025 1280 751 1248.34
497 5.22423 1244 750 1202.19
491 5.02682 1227 747 1164.84
513 5.133 1241 750 1193.95
513 4.96672 1240 746 1170.42
482 5.31489 1222 752 1192.4
503 5.52197 1246 749 1217.74
506 5.36676 1238 748 1198.11
526 5.24613 1246 748 1198.97
485 5.58379 1288 750 1265.65
518 5.04374 1231 750 1179.05
501 5.21114 1220 747 1168.84
481 5.34346 1272 751 1239.56
511 5.36934 1250 750 1216.35
521 5.28752 1259 745 1204.17
506 5.20366 1257 749 1210.3
516 5.27236 1254 751 1217.9
517 5.26292 1267 749 1223.43
471 5.45145 1242 748 1206.71
486 5.32363 1212 748 1170.57
482 5.36161 1251 748 1210.4
504 4.83055 1266 750 1199.22
496 5.26762 1258 748 1211.77
466 5.35792 1268 749 1229.92
496 5.09927 1269 747 1209.11
489 5.31742 1269 750 1231.83
505 5.15735 1265 747 1208.77
492 5.45037 1281 750 1251.2
541 5.36614 1305 750 1269.68
503 5.1409 1267 753 1229.21
509 5.18783 1264 750 1219.35
496 5.32802 1271 750 1234.39
508 5.04936 1210 750 1159.27
478 5.2773 1265 749 1222.34
496 5.38886 1282 750 1248.63
496 5.32002 1251 749 1211.27
485 5.36469 1298 748 1256.06
500 5.12688 1214 753 1176.98
530 5.43803 1200 748 1165.18
493 5.07601 1238 750 1187.68
512 5.09871 1240 749 1187.78
485 5.26377 1247 749 1204.16
503 5.49109 1278 748 1243.94
497 5.30503 1236 749 1195.89
495 5.62545 1264 752 1251.01
474 5.51821 1248 749 1219.48
495 5.03976 1239 750 1186.47
474 5.2962 1212 749 1172.18
501 5.16406 1284 750 1237.21
522 5.17456 1221 749 1173.97
489 5.11489 1275 751 1228.83
483 5.23684 1245 749 1200.68
497 5.33033 1260 750 1223.84
500 5.34854 1231 750 1196.69
524 5.32313 1203 749 1164.96
504 5.26044 1227 748 1181.5
486 5.27488 1259 749 1216.4
484 5.42533 1272 750 1240.98
486 5.35571 1268 750 1233.08
511 5.19174 1275 750 1230.2
516 5.41836 1271 749 1236.3
502 5.3327 1267 752 1237.35
520 5.38975 1247 750 1214.59
504 5.09828 1263 751 1216.25
521 5.08007 1246 750 1195.6
467 5.08881 1259 748 1202.17
509 5.11816 1240 749 1188.93
504 5.29948 1239 749 1198.48
490 5.47391 1206 748 1172.94
489 5.07043 1199 748 1143.82
487 5.07006 1247 746 1183.24
494 5.15834 1245 748 1192.9
497 5.1313 1228 746 1168.77
506 5.32485 1259 750 1222.55
514 5.14806 1223 747 1168.1
511 5.26331 1272 749 1228.28
484 5.061 1262 749 1206.57
500 5.19646 1229 750 1186.09
538 5.50557 1270 750 1243.59
491 5.37463 1237 749 1200.79
514 5.15399 1241 749 1192
517 5.05327 1232 751 1183.73
506 5.12049 1272 749 1219.75
536 5.26703 1233 753 1203.58
483 5.34457 1215 751 1184.07
500 5.49419 1280 749 1249.39
519 5.67177 1240 752 1229.75
510 5.00781 1255 750 1199.85
489 5.42693 1240 749 1206.63
474 5.48033 1264 748 1229.71
538 5.5516 1230 749 1203.7
494 5.19698 1240 747 1187.18
500 5.25027 1229 750 1189.18
514 5.20041 1251 750 1207.55
487 5.24642 1183 748 1138.37
485 5.35487 1220 749 1183.19
489 5.15743 1247 749 1197.96
501 5.21393 1227 751 1188.33
495 5.1113 1195 750 1148.45
512 5.28119 1232 747 1184.32
485 5.12351 1228 749 1177.74
514 5.14012 1213 752 1173.65
507 5.28644 1288 751 1251.76
492 5.15056 1227 749 1178.35
506 5.21296 1265 751 1225.07
510 5.42598 1304 749 1268.85
482 5.47665 1243 752 1222.04
504 5.36249 1262 751 1230.91
497 5.19634 1255 751 1214.41
508 5.13856 1265 747 1207.65
514 5.35991 1247 750 1212.9
511 5.31673 1254 751 1220.47
508 5.16317 1230 749 1181.97
485 5.24891 1244 749 1200.41
501 5.34278 1254 748 1212.23
502 5.03813 1247 752 1200.41
485 5.32396 1271 748 1227.58
500 4.96565 1282 750 1223.01
493 4.9866 1240 750 1184.22
514 5.41132 1200 753 1179.36
487 5.26289 1234 748 1188.38
514 5.15399 1270 755 1239.48
483 5.28987 1200 750 1163.33
490 4.76481 1305 750 1231.79
472 5.14089 1280 751 1235.23
508 5.32619 1223 747 1178.18
494 5.13004 1217 749 1167.56
493 5.20965 1244 751 1204.54
484 5.40575 1276 747 1233.83
464 5.10974 1301 754 1263.6
503 5.4419 1250 750 1220.45
504 5.25772 1226 751 1189.87
475 5.30845 1277 750 1239.07
503 5.04187 1259 752 1212.19
496 5.33581 1271 749 1231.55
499 5.32962 1231 749 1192.44
478 5.22813 1304 745 1243.66
471 5.36254 1222 748 1182.39
486 5.2027 1254 750 1210.58
497 5.21746 1225 750 1183.44
499 5.18684 1236 746 1179.6
505 5.28021 1243 750 1204.46
495 5.46043 1230 751 1205.15
495 5.34681 1241 751 1209.54
506 5.41119 1262 748 1223.87
485 5.24576 1230 751 1193.07
498 5.52301 1238 747 1203.52
498 5.39867 1275 750 1242.37
500 5.22831 1225 747 1174.6
499 5.38845 1251 746 1205.45
502 5.0628 1266 748 1207.27
493 5.04696 1239 750 1186.91
512 4.93989 1265 749 1201.97
527 5.71043 1249 748 1227.6
476 5.06917 1284 750 1231.39
511 5.29998 1232 751 1198.11
510 5.19704 1237 749 1190.66
473 5.32101 1264 751 1230.46
481 5.09866 1226 751 1180.65
467 5.27526 1228 750 1189.64
510 5.21233 1276 749 1229.12
515 5.15751 1228 751 1186.02
513 5.10585 1251 750 1201.95
487 5.17098 1226 750 1181.72
535 5.20309 1229 749 1183.31
459 5.27648 1225 750 1186.8
474 5.26934 1292 751 1254.63
528 5.06332 1236 750 1185.01
489 5.42658 1243 748 1206.3
498 5.29847 1229 748 1185.58
524 5.33603 1236 747 1191.26
472 5.24956 1248 749 1204.31
508 5.30769 1221 753 1194.18
494 5.16258 1258 752 1218.54
473 5.2006 1233 749 1187.02
476 5.3294 1238 751 1205.62
496 5.26153 1251 748 1204.67
505 5.33721 1253 749 1214.19
504 5.28112 1220 749 1179.07
500 5.35897 1249 749 1211.55
496 5.37897 1223 749 1187.44
497 5.44021 1214 749 1182.05
517 5.36218 1238 748 1197.86
492 5.22932 1255 749 1209.88
503 5.46021 1246 748 1211.08
514 5.06676 1255 749 1200.23
467 5.37981 1247 746 1201.11
499 5.48119 1255 748 1221
497 5.26181 1233 750 1193.71
498 5.35493 1232 746 1185.28
481 5.09805 1231 748 1175.97
501 5.36941 1249 750 1215.38
501 5.2013 1278 750 1233.67
503 5.41324 1234 751 1206.45
524 5.21408 1226 751 1187.37
491 5.23769 1258 749 1213.26
489 5.19078 1268 750 1223.39
457 5.57073 1222 751 1203.3
488 5.31983 1252 747 1205.76
495 5.26166 1222 750 1183.06
496 5.07973 1297 748 1237.89
479 5.28928 1259 750 1220.49
495 5.20566 1207 749 1162.27
470 5.2981 1277 752 1245.07
486 5.39189 1259 750 1226.4
509 5.40922 1263 748 1224.73
496 5.41192 1254 751 1225.93
520 5.28101 1279 753 1249.32
505 5.69627 1246 749 1227.17
499 5.20436 1256 750 1212.61
498 5.04496 1251 749 1195.09
476 5.28518 1242 748 1197.36
502 5.18893 1286 749 1237.34
497 5.236 1199 751 1162.45
521 5.21712 1230 752 1194.59
506 5.38214 1244 751 1214.47
493 5.47078 1245 749 1213.93
494 5.15226 1209 750 1164.27
499 4.92609 1242 749 1179.27
491 5.26589 1253 751 1216.55
503 5.18953 1235 747 1181.97
493 5.11304 1280 752 1236.82
490 5.48562 1256 749 1225.49
504 5.07597 1249 749 1195.04
503 5.24739 1252 749 1208.04
484 5.22458 1291 748 1240.98
496 5.41306 1271 748 1232.7
487 5.08412 1222 750 1172.81
472 5.32672 1253 747 1207.12
545 5.27217 1254 749 1211.41
478 5.30105 1248 749 1207.28
501 5.35393 1254 749 1216.11
515 5.3041 1263 752 1231.77
502 5.48249 1238 752 1217.45
487 5.23551 1240 749 1195.78
518 5.23685 1267 749 1221.9
503 5.36388 1249 747 1205.37
502 5.36622 1320 748 1277.44
508 5.36442 1252 752 1224.52
497 5.29827 1261 748 1216.44
517 5.33066 1247 752 1217.7
519 5.26779 1229 750 1190.18
500 5.2199 1269 750 1226.09
515 5.22517 1238 749 1193.25
500 5.27648 1225 752 1193.14
446 5.19122 1262 751 1220.88
482 5.12791 1287 748 1231.3
522 5.02674 1215 748 1156.53
507 5.05716 1238 749 1183.4
493 5.3202 1251 745 1198.37
474 5.41784 1212 752 1188.35
510 5.18107 1240 749 1192.62
488 5.04289 1232 752 1186.26
485 5.43489 1254 750 1223.96
466 5.58585 1220 749 1195.75
493 5.29157 1271 749 1228.97
488 5.69101 1294 750 1277.56
483 5.48679 1271 746 1230.28
485 5.39241 1256 749 1220.24
483 5.44605 1241 750 1211.89
491 5.24023 1225 751 1187.9
484 5.46397 1239 750 1210.93
508 5.14809 1243 748 1190.39
526 5.46503 1251 748 1216.21
512 5.43928 1258 750 1228.11
496 5.0317 1250 747 1186.97
522 5.03928 1285 747 1220.67
496 5.5133 1230 749 1201.63
505 5.20616 1273 751 1232.41
496 5.34457 1233 749 1195.22
474 5.16988 1264 750 1218.28
498 5.24918 1238 753 1207.43
503 5.18374 1251 751 1209.79
497 5.37265 1251 749 1214.27
491 5.19633 1273 748 1222
485 5.31562 1267 748 1223.23
514 5.19177 1237 749 1190.36
502 5.192 1264 751 1222.86
534 5.29819 1257 752 1225.58
477 4.80525 1206 749 1137.79
514 5.11081 1218 750 1170.53
457 5.20128 1231 745 1172.51
509 5.51876 1276 749 1246.87
498 5.13843 1274 751 1229.3
534 5.359 1244 750 1209.93
506 5.06411 1271 749 1215.37
503 5.16253 1272 750 1225.55
491 5.14739 1253 749 1203.13
508 5.1218 1246 750 1198.09
529 5.29357 1241 750 1203.28
469 5.04907 1268 751 1218.06
505 5.22659 1222 745 1165.37
495 5.34343 1227 747 1183
490 5.01805 1263 750 1208.12
513 5.53689 1259 749 1231.27
493 5.37434 1247 751 1216.95
486 5.37485 1264 750 1230.29
481 5.51309 1212 750 1187.2
486 5.16717 1263 748 1210.68
508 5.22829 1218 749 1174.15
514 5.18125 1248 749 1200.33
514 5.36116 1261 750 1226.58
474 5.31908 1235 750 1198.92
517 5.00281 1180 751 1130.86
530 4.93727 1265 747 1195.4
504 5.19853 1246 751 1205.83
483 5.27319 1238 749 1196.01
477 5.23922 1225 751 1187.84
502 5.23399 1236 750 1195.02
491 5.3314 1254 749 1214.82
516 5.18021 1261 747 1206.3
487 5.35397 1226 748 1185.79
490 5.31034 1223 750 1186.78
495 5.27257 1249 748 1203.38
505 5.28494 1218 750 1180.5
495 5.27106 1238 751 1202.29
529 5.33168 1217 748 1175.85
482 5.15604 1254 750 1207.83
486 5.18266 1206 747 1153.82
497 5.17685 1248 750 1203.27
511 5.12721 1282 749 1229.75
490 5.47787 1269 747 1231.13
489 5.32866 1276 751 1242.59
467 5.34306 1270 748 1227.72
498 4.8699 1237 747 1164.82
499 4.95337 1255 747 1186.94
509 5.16324 1241 749 1192.54
499 5.23225 1251 748 1202.98
462 5.25837 1262 750 1221.59
500 5.44625 1276 747 1236.14
501 5.50297 1245 749 1215.71
478 5.32034 1263 747 1216.38
486 5.02223 1260 752 1211.95
468 5.26319 1239 750 1199.6
518 5.19332 1225 749 1178.9
498 5.23288 1275 750 1232.66
512 5.58056 1214 750 1192.76
500 5.36958 1260 750 1226.09
493 5.2333 1253 748 1204.96
492 5.45772 1241 747 1202.86
513 5.19948 1289 750 1244.18
507 5.20516 1282 749 1234.46
502 5.50699 1240 749 1211.05
468 5.07533 1235 751 1187.93
486 5.25105 1232 750 1192.13
502 5.31483 1252 749 1211.94
509 5.18866 1280 751 1238.13
523 5.25558 1231 753 1200.97
517 5.11661 1271 752 1228.34
479 5.53255 1268 750 1243.14
477 5.02526 1239 750 1185.6
490 5.45865 1244 751 1218.77
498 5.11265 1248 751 1202.67
504 5.16487 1260 750 1214.13
480 5.3478 1219 749 1181.83
510 5.40023 1266 749 1230.41
511 5.08381 1268 752 1223.44
498 5.08676 1282 750 1230.56
503 5.16446 1293 747 1235.96
496 5.19263 1236 751 1195.81
495 5.05469 1272 750 1218.99
513 5.35115 1256 751 1224.41
502 5.12492 1246 752 1204.68
506 5.1062 1228 750 1179.87
500 5.22743 1245 750 1203.34
506 4.91141 1275 747 1203.23
490 5.32607 1227 751 1194.72
501 5.21293 1299 751 1258
524 5.35901 1267 750 1232.3
506 5.35515 1215 750 1181.51
512 5.4276 1247 751 1219.97
496 5.31274 1267 749 1226.34
470 5.24358 1226 750 1185.9
484 5.14641 1233 751 1190.2
510 5.26891 1236 751 1200.22
502 5.11249 1237 748 1182.56
482 5.35483 1255 750 1220.39
478 5.12897 1227 748 1173.96
494 5.23023 1255 748 1206.71
528 5.1463 1233 749 1183.87
515 5.11872 1233 749 1182.25
517 5.24196 1277 749 1231.84
492 5.23903 1232 751 1194.62
514 5.00551 1239 749 1181.25
485 5.01923 1214 749 1158.23
479 5.06109 1252 748 1193.82
526 5.24421 1237 749 1193.39
476 5.24683 1300 750 1257.67
520 5.26792 1283 748 1235.87
510 5.42266 1223 748 1186.68
495 5.06712 1258 750 1206.33
502 5.27751 1276 749 1232.98
514 5.41715 1270 749 1235.26
480 5.24959 1240 749 1196.59
508 5.41957 1236 753 1215.2
495 5.31417 1240 748 1197.08
515 5.14937 1290 746 1228.88
501 5.08857 1251 748 1194.51
494 5.25268 1266 748 1218.6
530 5.20602 1240 748 1190.89
485 5.26671 1247 750 1207.55
502 5.28143 1264 748 1218.35
503 5.02829 1297 752 1247.92
510 5.01714 1252 751 1200.74
519 5.19628 1286 750 1241.09
479 5.30058 1272 748 1227.18
489 5.32492 1212 752 1183.2
508 5.26354 1242 750 1202.53
498 5.19178 1236 749 1189.4
495 5.51071 1290 749 1260.1
495 5.25186 1249 749 1205.41
505 5.06384 1285 749 1228.74
472 5.02682 1252 752 1204.53
512 5.07628 1266 748 1208.09
500 5.20137 1219 751 1179.86
505 4.99603 1255 750 1199.12
487 5.20833 1307 751 1265.46
517 5.26471 1267 748 1220.27
495 5.23239 1241 750 1199.76
486 5.28778 1261 748 1215.83
491 5.40697 1218 747 1177.81
487 5.3607 1216 749 1179.64
490 5.24344 1250 749 1205.88
486 5.65783 1260 747 1232.27
490 5.38161 1278 751 1247.63
518 5.22546 1261 751 1221.94
496 5.53668 1225 749 1198.01
510 5.05819 1264 751 1214.77
517 5.53837 1253 750 1228.76
483 5.35543 1270 750 1235.01
512 5.15927 1246 751 1203.51
485 5.1231 1260 750 1211.63
489 5.61682 1261 751 1244.25
487 4.88118 1229 749 1164.19
526 5.32347 1239 750 1203.05
491 5.3022 1240 748 1196.4
512 5.24386 1268 746 1213.49
497 5.35303 1257 748 1215.72
491 5.06998 1254 749 1199.46
464 5.19962 1250 747 1196.91
507 5.32553 1241 749 1201.9
512 5.34081 1245 751 1213.09
483 5.26033 1286 750 1244.94
507 5.29181 1247 749 1205.78
502 5.20747 1234 749 1188.38
533 5.35206 1217 752 1189.6
477 5.42229 1273 748 1235.17
499 5.14692 1278 748 1223.84
517 5.20966 1273 748 1222.8
506 5.43044 1247 749 1213.64
520 5.17868 1246 747 1191.86
519 4.95335 1228 748 1164.52
500 5.14723 1227 753 1190.78
504 5.37283 1232 751 1202.23
499 5.02657 1267 750 1212.48
471 5.23626 1264 750 1222.22
488 4.97827 1270 751 1215.59
515 5.06985 1231 752 1186.91
495 5.2123 1248 750 1205.35
512 5.44244 1233 746 1191.07
480 5.18691 1235 747 1181.81
515 5.15491 1252 749 1202.62
491 5.06334 1230 751 1182.4
541 5.31972 1234 748 1191.6
508 5.34478 1295 749 1255.33
519 5.23532 1227 748 1180.07
546 5.30608 1253 749 1212.4
507 5.34444 1251 749 1212.66
515 5.23858 1233 749 1189.2
496 5.27929 1292 751 1255.22
476 5.28044 1264 751 1228.09
500 5.09903 1277 751 1229.78
503 5.24645 1238 750 1197.67
514 5.34078 1268 749 1228.93
501 5.23365 1271 751 1232.12
458 5.45308 1251 751 1225.31
510 5.07123 1218 748 1161.99
477 5.05929 1246 750 1194.35
527 5.00438 1192 749 1136.38
466 5.26872 1229 750 1190.24
485 5.0233 1258 747 1194.05
507 5.39774 1249 749 1213.74
501 5.20598 1281 749 1233.55
510 4.77112 1264 749 1190.32
495 5.161 1280 748 1226.6
486 5.40445 1257 748 1218.64
495 5.08983 1257 748 1200.32
505 5.17291 1272 749 1222.91
525 5.20209 1291 749 1242.95
506 5.30786 1263 750 1225.45
512 5.14273 1281 750 1233.02
470 5.36168 1243 750 1209.11
504 5.09999 1293 751 1245.25
478 5.26734 1257 750 1217.27
477 5.37034 1267 748 1226.38
481 5.33966 1248 750 1212.71
503 5.38845 1248 750 1215.49
481 4.98521 1260 749 1200.03
467 5.23079 1248 751 1209.65
492 5.42706 1244 750 1213.76
501 5.38862 1304 749 1266.65
484 5.39986 1250 752 1224.59
506 5.46076 1255 749 1223.12
506 5.38713 1261 748 1221.53
519 5.52801 1224 749 1196.56
510 5.33056 1286 751 1252.44
494 5.24281 1244 751 1206.48
503 5.33288 1267 750 1230.78
483 5.74251 1253 749 1236.53
484 5.42174 1218 750 1188.1
517 5.41814 1210 750 1180.1
492 5.28093 1256 748 1210.61
509 5.28961 1271 751 1235.43
527 5.09708 1252 754 1215.24
479 5.09784 1280 749 1226.04
490 5.42811 1275 749 1240.75
497 5.21806 1239 750 1197
473 5.28183 1290 749 1246.76
513 5.14375 1196 749 1148.2
522 5.38217 1230 750 1197.61
479 5.64795 1303 751 1287.45
506 5.48443 1269 750 1241.41
500 5.22173 1244 751 1205.25
495 5.21758 1214 750 1172.82
526 5.19091 1250 752 1212.47
503 5.28471 1187 745 1135.15
479 5.4619 1263 749 1230.98
486 5.09156 1270 748 1212.84
518 5.23036 1257 751 1218.35
483 5.44137 1265 748 1228.49
471 5.48003 1243 747 1206.03
474 5.2679 1271 748 1224.31
488 5.09332 1280 750 1229.04
477 5.41236 1275 748 1236.54
486 5.60424 1262 753 1251.18
497 5.13588 1210 750 1164.29
513 5.4043 1277 751 1247.97
491 5.08656 1253 751 1205.92
492 5.02035 1247 748 1186.6
454 5.2889 1242 747 1194.37
469 5.31055 1241 750 1204.26
506 5.47303 1228 750 1200.68
518 5.44497 1279 750 1248.94
511 5.37813 1284 750 1249.95
495 5.27065 1294 752 1260
482 5.46721 1227 752 1205.79
505 5.31155 1245 750 1208.19
502 5.35556 1268 751 1236.36
490 5.36742 1249 751 1218.51
478 5.40999 1273 751 1244.39
528 5.46221 1242 751 1217.01
488 5.00582 1202 752 1155.19
518 5.52558 1229 749 1201.32
494 5.33688 1256 752 1226.85
491 5.18415 1256 750 1211.42
494 5.34425 1256 750 1220.75
493 5.33934 1249 749 1210.43
509 5.23581 1282 749 1236.3
511 5.17166 1232 750 1187.55
501 5.00208 1251 751 1198.86
513 5.20873 1209 748 1161.27
468 5.07003 1245 749 1190.86
511 5.36946 1241 747 1197.96
505 5.09222 1276 747 1215.35
493 5.35052 1255 748 1213.64
495 5.37948 1251 746 1204.94
495 5.49358 1248 749 1218.12
479 5.06669 1256 748 1197.97
509 5.28189 1266 751 1230.12
519 5.37902 1243 751 1213.32
514 5.06892 1292 752 1245.66
483 5.21233 1240 750 1197.63
512 5.56816 1243 752 1227.1
507 5.29699 1258 749 1216.71
486 5.22495 1244 752 1208.65
542 5.37497 1244 748 1204.38
490 4.98165 1253 751 1199.52
493 4.9721 1216 750 1160.43
525 5.14355 1248 752 1207.72
536 5.29536 1245 749 1204.05
505 5.21086 1223 749 1177.98
517 5.31653 1236 751 1202.94
516 5.24145 1256 751 1218.03
490 5.21613 1267 749 1220.67
481 5.60178 1242 750 1221.42
483 5.11833 1267 750 1218.07
502 5.2805 1239 751 1203.8
496 5.12193 1249 748 1194.59
500 5.24221 1267 748 1218.95
498 5.43122 1263 751 1235.83
487 5.07877 1248 749 1194.25
488 5.25659 1253 747 1203.09
497 5.53171 1234 751 1212.99
529 5.72139 1229 748 1208.51
515 5.21679 1266 745 1206.75
509 5.12948 1235 751 1191.14
493 5.57529 1274 747 1241.43
483 5.02998 1239 748 1179.57
500 5.41253 1251 750 1219.77
496 5.45262 1254 751 1228.23
479 5.03387 1259 749 1202.05
498 5.11583 1281 748 1224.82
535 5.29277 1248 751 1213.25
511 5.0982 1275 748 1218.02
508 5.17759 1226 750 1182.11
498 5.21062 1228 750 1185.94
501 5.67274 1241 751 1227.52
493 5.17846 1232 750 1187.94
495 5.30734 1272 751 1237.44
528 5.4686 1239 747 1201.52
493 5.03408 1222 754 1182.37
482 5.50653 1255 746 1215.88
472 5.2648 1264 750 1223.9
484 5.02683 1263 751 1211.89
469 5.18081 1242 749 1194.53
516 5.54275 1254 748 1223.43
518 5.16478 1238 752 1199.3
509 5.09908 1251 749 1198.34
495 5.64893 1280 749 1258.05
488 5.36989 1258 750 1224.17
482 5.06251 1287 752 1240.44
525 5.29678 1224 751 1190.15
474 5.29796 1242 750 1204.51
501 5.4179 1291 746 1245.69
475 5.47123 1286 750 1257.29
477 5.37018 1243 751 1212.81
483 5.20842 1230 750 1187.75
527 5.33188 1268 750 1231.7
507 5.1977 1238 751 1198.04
492 5.55191 1264 748 1233.69
501 4.9528 1263 748 1197.67
516 5.32756 1253 749 1213.64
499 5.27735 1206 747 1159.12
505 5.2872 1191 746 1142.17
501 5.27544 1218 748 1173.68
501 5.21795 1200 748 1153.14
493 5.11745 1308 749 1254.09
493 5.09842 1296 748 1238.09
489 5.18166 1283 749 1234.01
500 5.35004 1255 751 1223.37
523 5.28099 1212 750 1174.46
508 5.35343 1250 751 1218.69
466 5.27975 1234 747 1186.16
514 5.25069 1244 750 1203.72
515 5.43097 1248 751 1221.13
495 5.05438 1255 751 1205.89
492 5.50621 1229 750 1203.47
485 5.46945 1215 749 1184.61
508 5.16774 1289 748 1235.63
506 5.19866 1259 751 1218.42
510 5.0718 1253 750 1201.82
499 5.21128 1244 749 1198.23
510 5.21895 1246 751 1207.02
524 5.07379 1239 746 1175.87
522 5.35431 1221 754 1199.99
481 5.01524 1250 749 1192.33
493 5.27849 1275 750 1235.36
480 5.47374 1253 750 1225.16
486 5.33769 1241 748 1199.38
491 5.1364 1281 750 1232.64
503 5.11253 1275 752 1231.96
472 5.43064 1238 749 1204.89
506 5.19917 1252 749 1205.23
478 5.33681 1238 748 1196.43
496 5.35393 1247 748 1206.1
505 5.05532 1244 752 1198.57
532 5.45179 1236 747 1197.69
519 5.22439 1278 750 1235.05
497 5.24998 1211 752 1178.01
512 5.48835 1241 750 1214.24
511 5.35006 1250 749 1212.01
501 5.58002 1286 750 1263.47
506 5.50193 1266 748 1232.86
501 5.5235 1251 752 1232.52
495 5.15525 1290 748 1235.83
495 5.24383 1248 747 1197.55
513 5.30125 1225 752 1194.55
498 5.2118 1253 752 1216.62
500 5.25345 1252 751 1214.86
501 5.11302 1227 753 1188.76
465 5.21298 1259 749 1212.78
479 5.38286 1222 750 1189.86
515 5.51392 1229 750 1203.89
509 5.36993 1267 751 1236.22
495 5.19376 1266 752 1228.16
496 4.95176 1252 748 1187.18
519 5.38165 1272 747 1228.58
492 5.28914 1271 750 1232.11
501 5.17626 1231 752 1193.19
505 5.23218 1244 748 1196.24
471 5.32903 1272 750 1235.42
491 5.3336 1273 749 1233.36
518 5.27444 1265 753 1235.26
491 5.24157 1245 750 1204.16
503 5.50901 1273 749 1243.39
481 5.17667 1267 748 1215.08
465 5.1932 1235 748 1185.34
488 5.16468 1234 749 1185.9
500 5.33749 1262 750 1226.19
495 5.46911 1239 751 1214.45
495 5.28855 1256 750 1217.54
514 5.30431 1281 751 1246.02
504 5.40577 1244 748 1206.11
498 5.22692 1280 749 1233.84
END
