Delay, Zoom, Max Iter, Resolution, Estimated cost
507 5.5464 1235 500 538.463
524 5.46182 1224 500 531.625
490 5.794 1281 500 564.594
488 5.67547 1270 500 556.896
519 5.39721 1173 500 507.959
536 5.89981 1196 500 529.481
513 5.55783 1221 500 532.632
483 4.98231 1128 500 478.675
467 5.4904 1304 500 567.111
523 5.73751 1230 500 540.807
507 5.29629 1229 500 529.69
507 5.2118 1142 500 490.2
504 5.55374 1300 500 566.99
480 5.65806 1303 500 570.932
470 5.46631 1195 500 519.136
473 5.50215 1171 500 509.541
518 5.27016 1210 500 520.852
551 5.22404 1234 500 530.005
516 5.82219 1280 500 564.828
499 5.74068 1193 500 524.611
482 5.76014 1265 500 556.737
532 5.75288 1282 500 564.043
533 5.68145 1236 500 542.128
531 5.37218 1212 500 524.236
465 5.23388 1300 500 558.618
492 4.92363 1283 500 542.801
471 5.41195 1211 500 524.773
488 5.49512 1259 500 547.658
504 5.83299 1306 500 576.563
467 5.40843 1317 500 570.614
536 5.31374 1278 500 551.266
523 5.85293 1272 500 562.025
502 5.50115 1270 500 552.594
509 5.59162 1237 500 540.426
470 5.57905 1268 500 553.66
507 5.39316 1273 500 551.159
509 5.70763 1219 500 535.28
507 5.36871 1252 500 541.449
522 5.52877 1266 500 551.542
472 5.56102 1299 500 566.739
438 5.89913 1273 500 563.553
462 5.70531 1201 500 527.323
519 5.62517 1262 500 552.168
408 5.47511 1215 500 528.037
455 5.75746 1242 500 546.552
547 6.11246 1324 500 591.238
493 5.478 1232 500 535.496
498 5.5185 1271 500 553.464
547 5.68295 1176 500 515.845
437 5.44508 1172 500 508.649
476 5.71961 1246 500 547.42
500 5.68555 1242 500 544.857
516 5.33823 1222 500 527.72
501 5.94492 1217 500 539.784
528 5.59045 1330 500 581.026
506 5.41458 1202 500 520.936
502 4.98884 1264 500 536.568
494 5.62337 1180 500 516.249
465 5.48695 1228 500 533.975
479 5.41027 1310 500 567.629
503 5.40248 1267 500 548.799
509 5.89131 1230 500 544.34
478 6.16289 1273 500 569.599
530 5.40901 1181 500 511.703
474 5.47266 1248 500 542.318
504 5.2147 1240 500 532.341
513 5.56315 1219 500 531.887
522 5.45769 1222 500 530.656
480 5.32164 1274 500 549.745
546 5.68105 1314 500 576.33
515 5.37715 1199 500 518.733
489 5.44911 1231 500 534.354
495 5.47929 1221 500 530.746
477 5.67338 1203 500 527.468
511 5.72299 1221 500 536.514
514 5.12535 1241 500 530.442
519 5.32684 1268 500 547.291
500 4.92057 1240 500 524.525
530 5.90901 1278 500 565.999
510 5.81156 1254 500 553.106
497 5.88455 1247 500 551.708
532 4.99473 1271 500 539.702
488 5.52948 1250 500 544.589
503 5.52058 1349 500 587.484
514 5.22689 1202 500 516.332
500 5.85607 1222 500 540.004
495 5.17965 1301 500 557.576
508 4.95864 1273 500 539.549
486 5.25691 1287 500 553.645
500 5.53746 1284 500 559.603
502 5.52478 1206 500 525.308
526 5.27551 1277 500 549.833
489 5.44963 1331 500 577.776
471 5.77333 1216 500 535.474
477 6.26295 1243 500 558.349
491 5.42943 1304 500 565.53
524 5.35545 1268 500 548.028
502 5.42731 1269 500 550.297
490 4.96334 1249 500 529.505
497 6.12633 1232 500 550.458
511 5.50391 1285 500 559.191
513 5.45725 1249 500 542.37
514 5.91465 1230 500 544.868
507 5.60879 1272 500 556.14
485 5.34895 1332 500 575.513
468 5.64947 1260 500 551.882
509 5.63448 1147 500 502.057
474 5.0383 1269 500 540.05
468 5.74221 1268 500 557.628
520 5.45083 1203 500 522.241
473 5.07809 1260 500 537.296
529 5.65543 1277 500 559.475
510 5.4246 1301 500 564.103
509 5.36339 1221 500 527.911
483 5.07936 1221 500 520.698
562 5.41434 1286 500 557.335
542 5.52362 1278 500 556.641
468 5.45362 1259 500 546.622
533 5.8785 1317 500 582.531
527 5.39217 1296 500 561.091
474 5.61827 1317 500 576.057
514 5.42162 1237 500 536.28
486 5.57215 1239 500 540.83
510 5.54159 1292 500 563.194
528 5.57917 1318 500 575.495
444 5.59455 1280 500 559.285
478 5.5202 1276 500 555.684
508 5.63983 1317 500 576.604
513 5.36942 1241 500 536.71
457 5.33397 1202 500 518.979
470 5.4066 1318 500 570.999
464 5.36882 1232 500 532.803
521 5.21095 1295 500 555.852
493 5.64346 1253 500 548.672
505 5.35587 1276 500 551.497
439 5.51084 1233 500 536.73
478 5.47065 1305 500 567.035
563 5.87751 1215 500 537.392
500 5.59672 1268 500 554.095
508 5.38419 1241 500 537.08
505 5.33079 1253 500 540.918
529 5.33532 1214 500 524.193
503 5.32063 1248 500 538.5
469 5.53084 1194 500 520.223
547 5.3351 1321 500 570.389
484 5.65261 1302 500 570.357
542 5.50293 1245 500 541.76
480 5.84801 1293 500 571.185
556 5.15863 1275 500 545.87
506 5.57086 1209 500 527.705
486 5.51528 1319 500 574.282
505 5.68211 1217 500 533.81
497 5.11882 1207 500 515.742
534 5.64633 1283 500 561.879
559 6.1488 1267 500 566.599
484 5.55444 1299 500 566.572
492 5.52458 1166 500 507.88
503 5.4626 1263 500 548.584
516 5.29579 1255 500 540.883
538 5.75139 1277 500 561.807
517 5.42546 1253 500 543.312
450 5.47377 1276 500 554.513
500 5.65053 1287 500 563.735
525 5.25298 1300 500 559.132
523 5.44647 1200 500 520.834
489 5.57768 1312 500 572.837
464 5.24255 1235 500 530.909
501 5.61164 1230 500 537.845
503 5.61696 1213 500 530.536
470 5.41907 1234 500 534.916
542 5.38256 1250 500 540.934
478 5.59125 1232 500 538.233
518 5.49312 1242 500 540.214
487 5.58418 1213 500 529.765
480 5.35238 1335 500 576.903
443 4.9719 1265 500 536.525
488 5.34963 1213 500 524.114
521 5.42104 1199 500 519.791
519 5.29212 1278 500 550.7
465 6.00896 1244 500 553.207
479 5.68398 1315 500 576.842
533 5.34305 1239 500 535.183
478 5.8428 1265 500 558.694
540 5.77221 1341 500 590.49
572 5.54326 1193 500 520.078
532 5.78732 1239 500 545.927
470 5.56429 1348 500 588.203
485 5.36281 1240 500 536.112
480 5.22207 1289 500 553.575
468 5.69444 1226 500 538.046
456 5.41382 1265 500 548.22
481 5.31052 1248 500 538.243
501 5.45833 1232 500 535.014
514 5.7967 1194 500 526.309
503 5.59377 1125 500 491.542
486 5.4336 1318 500 571.711
512 5.41457 1265 500 548.24
464 5.47599 1231 500 535.012
480 5.34441 1222 500 527.873
472 5.89023 1196 500 529.269
509 5.54602 1299 500 566.358
475 5.28093 1231 500 530.164
541 5.31059 1299 500 560.24
495 5.4247 1158 500 502.102
492 5.52265 1266 500 551.39
445 5.71943 1238 500 543.901
471 5.60977 1227 500 536.489
479 5.47193 1268 500 550.991
548 5.18496 1204 500 516.138
482 5.71851 1168 500 513.126
477 6.12719 1247 500 557.179
452 6.01689 1215 500 540.484
448 5.39078 1153 500 499.148
471 5.22986 1326 500 569.68
497 5.69503 1229 500 539.376
502 5.82054 1264 500 557.728
485 5.67677 1239 500 543.333
431 5.47738 1221 500 530.699
501 5.72327 1226 500 538.718
455 5.43391 1224 500 530.944
496 5.45061 1296 500 562.608
512 5.36268 1237 500 534.811
502 5.70938 1271 500 558.156
495 5.76872 1251 500 550.778
519 5.40311 1219 500 528.023
550 5.53838 1220 500 531.732
488 5.48298 1280 500 556.485
486 5.63882 1253 500 548.56
510 5.79397 1327 500 584.867
445 5.22936 1250 500 537.015
468 5.68214 1282 500 562.321
473 5.38295 1240 500 536.616
498 5.86403 1249 500 552.119
507 5.57608 1356 500 592.005
442 5.54095 1323 500 576.691
507 5.41085 1285 500 556.811
511 5.50809 1252 500 544.933
489 5.185 1257 500 538.86
475 5.47638 1241 500 539.368
461 5.6106 1268 500 554.436
469 5.54606 1244 500 542.379
487 5.84716 1286 500 568.073
501 6.04724 1247 500 555.401
555 5.57901 1293 500 564.575
523 5.11164 1313 500 560.835
554 5.58557 1247 500 544.648
525 5.60121 1199 500 524.047
451 5.38825 1168 500 505.583
490 5.43078 1207 500 523.495
500 5.43869 1228 500 532.797
519 6.04583 1314 500 585.208
525 5.07501 1313 500 559.81
469 5.5037 1181 500 513.928
467 4.71837 1220 500 510.507
508 5.55938 1300 500 567.134
510 5.48892 1248 500 542.72
496 5.52631 1262 500 549.738
508 5.66187 1205 500 528.079
498 5.14828 1206 500 516.066
481 5.26844 1275 500 548.786
532 5.91549 1307 500 578.998
495 5.39993 1319 500 571.255
512 5.45458 1280 500 555.764
498 5.22721 1250 500 536.959
451 5.53459 1281 500 558.223
493 5.44212 1163 500 504.675
526 5.3011 1256 500 541.451
481 6.01752 1314 500 584.539
527 5.49298 1288 500 560.218
508 5.55603 1248 500 544.367
476 5.27559 1309 500 563.613
486 5.50783 1264 500 550.15
492 4.93495 1275 500 539.734
510 5.48725 1279 500 556.159
498 5.56273 1269 500 553.693
510 5.4849 1268 500 551.317
466 5.51544 1183 500 515.072
493 5.48354 1203 500 523.023
531 5.16101 1216 500 520.671
511 5.67444 1284 500 563.009
532 4.98406 1217 500 516.49
529 5.69647 1212 500 531.948
520 5.76859 1248 500 549.454
458 5.48623 1274 500 553.959
517 5.29324 1211 500 521.857
459 5.72872 1256 500 552.03
524 5.36679 1267 500 547.887
428 5.40533 1260 500 545.839
484 5.62471 1256 500 549.531
500 5.59298 1193 500 521.235
511 5.68852 1284 500 563.355
471 5.74076 1344 500 591.014
461 5.63842 1229 500 538.043
513 5.75536 1257 500 553.103
457 5.72327 1273 500 559.37
478 4.95021 1324 500 560.92
515 5.31503 1234 500 532.319
490 5.83399 1237 500 546.125
465 5.63267 1267 500 554.539
461 5.93451 1317 500 583.887
486 5.18953 1207 500 517.54
536 5.45353 1220 500 529.687
530 5.71711 1188 500 521.881
457 5.67589 1243 500 545.066
536 5.3961 1252 500 542.141
486 5.52339 1302 500 567.088
487 5.36521 1288 500 556.927
554 5.46952 1235 500 536.592
456 5.02393 1277 500 543.058
430 5.37065 1294 500 559.664
451 5.39731 1202 500 520.519
482 5.07376 1220 500 520.126
481 5.24149 1276 500 548.506
472 5.49668 1333 500 579.889
410 5.36047 1153 500 498.443
541 5.54761 1322 500 576.427
556 5.33088 1274 500 549.985
460 5.3745 1267 500 548.085
518 5.5566 1236 500 539.146
544 5.71633 1253 500 550.417
499 5.83055 1286 500 567.676
539 5.75748 1319 500 580.437
458 5.63377 1218 500 533.118
512 5.38077 1190 500 514.926
533 5.95383 1254 500 556.399
560 6.08663 1185 500 528.622
466 5.88775 1165 500 515.498
480 5.09211 1260 500 537.673
525 5.65808 1198 500 524.924
499 5.53508 1275 500 555.621
475 5.56669 1305 500 569.501
510 5.50068 1289 500 560.849
541 5.27787 1335 500 574.871
483 4.94939 1239 500 524.887
484 5.25127 1211 500 520.81
446 5.59406 1173 500 512.521
524 5.62629 1188 500 519.816
497 5.32093 1201 500 518.228
453 5.82261 1229 500 542.333
521 5.65304 1184 500 518.676
495 5.48635 1266 500 550.483
482 5.38117 1343 500 581.142
489 5.6798 1320 500 578.93
427 5.54643 1323 500 576.833
481 5.78569 1376 500 606.25
526 5.96413 1283 500 569.507
531 5.69176 1198 500 525.696
486 5.66145 1206 500 528.508
498 5.31902 1310 500 565.21
496 5.40379 1226 500 531.072
496 5.64377 1250 500 547.365
476 5.26205 1267 500 545.176
494 5.57287 1316 500 574.46
449 5.66955 1218 500 533.956
502 5.48941 1228 500 534.034
505 5.4281 1227 500 532.103
505 5.86979 1257 500 555.79
498 5.3683 1271 500 549.656
480 5.57005 1276 500 556.929
497 5.68887 1264 500 554.588
517 5.15544 1215 500 520.101
454 5.27112 1273 500 547.996
495 5.75735 1236 500 543.909
504 5.83193 1202 500 530.627
555 5.4178 1236 500 535.751
470 5.70157 1256 500 551.382
462 5.12902 1169 500 499.758
505 5.67916 1222 500 535.934
528 5.39316 1297 500 561.55
518 5.77958 1300 500 572.616
482 5.22654 1198 500 514.605
488 5.53704 1277 500 556.541
509 5.31054 1248 500 538.243
519 5.98218 1293 500 574.37
548 5.87704 1194 500 528.094
545 5.47447 1263 500 548.882
500 5.5084 1317 500 573.233
456 5.52252 1214 500 528.739
534 5.63856 1259 500 551.18
516 5.50171 1186 500 516.057
525 5.41282 1245 500 539.528
477 5.25819 1212 500 521.413
490 5.7835 1240 500 546.279
509 5.44107 1229 500 533.289
548 5.3286 1256 500 542.157
505 5.89897 1240 500 548.941
476 5.26743 1289 500 554.785
460 5.57479 1228 500 536.092
509 5.23316 1284 500 551.723
456 5.22719 1250 500 536.959
554 5.41757 1231 500 533.578
480 5.6216 1283 500 561.267
505 6.01369 1236 500 549.755
484 5.70986 1274 500 559.485
497 5.21026 1250 500 536.519
448 5.70799 1201 500 527.384
529 5.67888 1255 500 550.4
478 5.87208 1170 500 517.372
547 5.66638 1275 500 558.866
454 5.3984 1308 500 566.451
485 5.86132 1212 500 535.703
503 5.08274 1287 500 548.937
457 5.5738 1284 500 560.515
509 5.87385 1307 500 577.996
472 5.4694 1188 500 516.168
458 5.24348 1268 500 545.119
471 5.36632 1281 500 553.929
512 5.57353 1210 500 528.204
482 5.38427 1338 500 579.062
506 5.77669 1274 500 561.095
496 5.72753 1253 500 550.683
472 5.27794 1237 500 532.672
529 5.05574 1275 500 543.081
475 5.60196 1266 500 553.35
528 5.63571 1263 500 552.862
454 5.59919 1228 500 536.675
501 4.97234 1291 500 547.565
496 5.17445 1200 500 514.159
509 5.39825 1266 500 548.258
538 5.65572 1270 500 556.415
506 5.39627 1221 500 528.722
491 5.4307 1256 500 544.745
462 5.61647 1264 500 552.83
493 5.5948 1274 500 556.669
489 5.70575 1202 500 527.772
532 5.21321 1224 500 525.434
500 5.51049 1265 500 550.651
525 5.48047 1188 500 516.429
515 5.45001 1263 500 548.268
498 4.93266 1270 500 537.553
503 5.84547 1190 500 525.629
505 5.40078 1243 500 538.361
522 5.51422 1205 500 524.622
551 5.86525 1242 500 549.053
515 5.74747 1317 500 579.308
509 5.67899 1243 500 545.14
530 5.53548 1257 500 547.786
479 5.48304 1262 500 548.661
494 5.07147 1241 500 529.018
479 4.95618 1231 500 521.682
519 5.80315 1267 500 558.64
529 5.50853 1270 500 552.779
490 5.38989 1279 500 553.673
530 5.69427 1180 500 517.854
505 5.02808 1206 500 512.973
547 5.69634 1301 500 571.008
522 5.96381 1282 500 569.055
515 5.51717 1313 500 571.719
506 5.6933 1305 500 572.688
516 5.4285 1374 500 595.862
526 5.60189 1216 500 531.494
516 5.62163 1267 500 554.269
512 5.56497 1292 500 563.785
490 5.39326 1218 500 527.349
516 5.64874 1202 500 526.462
485 5.42762 1273 500 552.039
560 5.72735 1221 500 536.615
454 5.32002 1236 500 533.307
493 5.01909 1293 500 549.727
475 5.92393 1228 500 544.191
519 5.48927 1290 500 560.993
529 5.19656 1191 500 510.854
510 5.36974 1218 500 526.771
499 5.75488 1305 500 574.212
529 5.70851 1242 500 545.4
530 5.20738 1263 500 542.022
516 5.42187 1226 500 531.517
479 5.52276 1224 500 533.1
505 5.65666 1232 500 539.788
511 4.9334 1250 500 529.108
498 4.94119 1278 500 541.179
487 5.75538 1269 500 558.383
480 5.50742 1303 500 567.114
493 5.28716 1239 500 533.768
513 5.06595 1287 500 548.475
562 5.68344 1291 500 566.301
513 5.63721 1248 500 546.332
488 5.11789 1205 500 514.864
484 5.48577 1249 500 543.077
498 5.19296 1297 500 556.223
475 5.83194 1288 500 568.592
496 5.36898 1202 500 519.832
498 5.49337 1275 500 554.574
470 5.53853 1320 500 575.32
468 5.25782 1237 500 532.159
532 5.45014 1204 500 522.659
508 5.78609 1277 500 562.641
456 5.84168 1275 500 563.084
514 5.2874 1217 500 524.296
488 5.54636 1261 500 549.798
554 5.09616 1215 500 518.575
499 5.96914 1323 500 587.383
506 5.71501 1260 500 553.46
535 5.77063 1283 500 564.912
519 5.86198 1334 500 589.643
508 5.53531 1167 500 508.562
461 5.57544 1203 500 525.194
461 5.91249 1240 500 549.249
475 5.34079 1240 500 535.558
512 5.87235 1222 500 540.372
490 5.55327 1184 500 516.386
534 5.63109 1266 500 554.063
493 5.5257 1266 500 551.466
448 5.63061 1318 500 576.808
524 5.21053 1142 500 490.17
519 5.76082 1242 500 546.63
473 5.41699 1195 500 517.96
483 5.05429 1264 500 538.357
517 5.48985 1246 500 541.873
471 5.30304 1250 500 538.914
515 5.44401 1282 500 556.362
521 5.06939 1243 500 529.815
511 5.32946 1215 500 524.48
515 5.28585 1285 500 553.551
479 5.37327 1255 500 542.862
456 5.373 1264 500 546.748
545 6.19115 1285 500 575.606
484 5.47384 1299 500 564.51
518 5.30702 1207 500 520.474
512 5.7962 1239 500 546.134
523 5.95385 1262 500 559.949
494 5.82335 1155 500 509.694
484 5.65048 1202 500 526.502
502 5.55972 1296 500 565.397
532 5.51512 1260 500 548.59
546 5.71926 1264 500 555.319
542 5.82113 1256 500 554.212
520 5.32727 1204 500 519.678
527 5.42879 1226 500 531.686
454 5.65248 1252 500 548.451
436 5.24131 1241 500 533.456
476 5.16426 1241 500 531.461
507 5.41571 1211 500 524.864
523 5.81904 1257 500 554.605
473 5.22706 1271 500 545.976
527 5.70492 1212 500 532.144
470 5.24125 1230 500 528.726
517 5.86609 1220 500 539.346
506 5.80566 1227 500 541.062
504 5.4361 1326 500 575.248
489 5.70253 1254 500 550.527
555 5.55104 1238 500 539.884
501 5.62124 1201 500 525.387
462 5.17864 1195 500 512.122
489 5.21906 1220 500 523.866
496 5.58058 1256 500 548.457
510 5.22776 1217 500 522.798
516 5.66636 1247 500 546.593
517 5.60528 1250 500 546.437
484 5.08756 1258 500 536.697
531 5.1071 1309 500 559
541 5.33508 1257 500 542.754
474 5.4184 1270 500 550.504
464 5.64859 1203 500 526.896
472 5.43341 1286 500 557.826
502 5.80872 1247 500 549.952
448 5.68141 1210 500 530.723
460 5.57079 1238 500 540.361
500 5.2636 1287 500 553.823
482 6.06095 1195 500 532.534
490 5.60567 1212 500 529.834
508 5.39437 1270 500 549.891
560 5.07513 1305 500 556.402
558 5.40279 1260 500 545.775
497 5.27465 1242 500 534.741
551 5.39984 1282 500 555.228
476 5.76548 1269 500 558.625
503 5.30335 1229 500 529.868
533 5.84176 1250 500 552.045
524 5.62365 1245 500 544.693
459 5.7005 1239 500 543.894
490 5.51581 1236 500 538.157
518 5.3531 1319 500 570.008
498 5.49379 1262 500 548.93
559 5.50024 1201 500 522.55
493 5.44137 1171 500 508.128
485 5.88303 1190 500 526.456
540 5.39466 1222 500 529.115
521 5.24232 1210 500 520.156
502 5.30786 1235 500 532.569
480 5.58225 1356 500 592.168
502 5.72778 1234 500 542.339
473 5.39655 1277 500 552.978
520 5.35329 1297 500 560.505
559 5.31818 1230 500 530.672
514 5.27164 1237 500 532.512
461 5.19017 1232 500 528.276
541 5.09879 1282 500 547.243
516 5.2443 1258 500 540.842
455 5.80773 1174 500 517.736
495 5.71645 1288 500 565.795
553 5.20038 1280 500 549.131
489 5.52575 1260 500 548.853
495 5.3396 1270 500 548.484
487 5.6296 1287 500 563.216
487 5.20202 1275 500 547.03
490 5.12551 1303 500 556.947
449 5.58363 1297 500 566.438
486 5.60966 1161 500 507.629
543 5.37421 1283 500 554.999
464 5.57259 1275 500 556.556
525 5.52882 1274 500 555.028
490 5.61841 1244 500 544.13
506 5.05055 1245 500 530.164
506 5.39235 1265 500 547.675
488 5.84983 1277 500 564.16
504 5.2343 1231 500 528.979
505 5.9363 1243 500 551.12
477 5.4823 1264 500 549.512
490 5.43799 1292 500 560.547
537 5.82759 1203 500 530.971
488 5.47503 1342 500 583.229
498 5.1394 1279 500 547.064
510 5.4267 1295 500 561.556
551 5.72958 1224 500 537.986
464 5.83425 1336 500 589.839
466 5.71287 1260 500 553.409
475 5.05538 1256 500 534.979
461 5.8422 1245 500 549.847
471 5.33296 1166 500 503.411
499 5.65746 1192 500 522.281
456 5.9648 1286 500 570.854
563 5.28673 1200 500 516.956
463 5.64303 1240 500 542.969
530 5.54816 1281 500 558.564
523 5.77645 1258 500 554.042
463 5.34854 1307 500 564.701
475 5.79903 1220 500 537.823
505 5.51755 1262 500 549.521
476 5.84888 1199 500 529.68
551 5.30173 1269 500 547.071
512 5.66599 1287 500 564.116
514 5.55489 1148 500 500.722
473 5.2405 1336 500 574.27
483 5.33557 1227 500 529.813
528 4.99717 1282 500 544.441
486 5.56888 1210 500 528.095
483 5.63727 1261 500 552.025
542 5.40854 1237 500 535.955
516 5.77528 1202 500 529.353
504 5.4079 1246 500 539.838
505 5.46335 1202 500 522.107
454 5.52031 1310 500 570.493
530 5.31493 1242 500 535.767
549 5.44246 1210 500 525.078
481 5.61462 1265 500 553.223
444 5.76465 1252 500 551.122
480 5.54012 1251 500 545.286
494 5.70261 1304 500 572.48
573 5.49635 1230 500 535.073
463 5.61471 1235 500 540.105
494 5.53074 1221 500 531.985
545 5.43408 1255 500 544.396
492 5.07024 1208 500 514.919
527 5.31139 1223 500 527.482
534 5.5888 1127 500 492.307
518 5.65998 1235 500 541.182
507 5.35777 1149 500 496.651
482 5.33583 1252 500 540.614
517 5.50599 1291 500 561.855
505 5.61073 1289 500 563.621
479 5.73257 1295 500 569.266
479 5.69742 1301 500 571.034
448 5.86772 1282 500 566.794
474 5.08797 1241 500 529.455
519 5.80039 1263 500 556.812
536 5.37099 1241 500 536.749
486 5.42306 1223 500 530.245
520 5.49214 1139 500 495.391
498 5.28266 1209 500 520.732
468 5.75072 1288 500 566.63
480 5.49438 1322 500 575.043
555 5.62748 1216 500 532.095
468 5.42568 1195 500 518.168
479 5.39259 1265 500 547.681
561 4.79575 1219 500 512.241
537 5.25489 1308 500 562.624
509 5.6743 1170 500 513.019
415 5.11238 1342 500 573.243
516 5.09243 1256 500 535.974
512 5.38026 1306 500 565.107
490 5.2082 1255 500 538.611
533 5.30611 1233 500 531.662
491 5.60992 1250 500 546.549
485 5.74726 1254 500 551.591
493 5.11546 1340 500 572.476
488 5.33873 1306 500 564.009
457 5.27111 1266 500 544.982
442 5.50582 1294 500 563.156
524 5.29758 1141 500 491.793
478 5.66915 1305 500 572.085
512 5.42073 1294 500 560.968
443 5.51925 1327 500 577.869
490 5.70296 1215 500 533.415
451 5.66712 1291 500 565.898
521 5.44196 1260 500 546.763
506 4.7722 1227 500 514.947
475 5.77167 1277 500 562.295
522 5.3568 1192 500 515.214
448 5.78638 1277 500 562.648
570 5.22451 1254 500 538.607
478 5.45443 1276 500 554.023
527 5.55307 1179 500 514.201
535 5.3537 1234 500 533.29
492 5.93777 1242 500 550.71
468 6.01387 1246 500 554.206
496 5.55989 1243 500 542.279
551 5.61874 1192 500 521.392
490 5.29342 1256 500 541.253
470 5.52803 1207 500 525.821
468 5.23189 1269 500 545.244
449 5.74066 1181 500 519.333
518 5.48171 1214 500 527.761
546 5.28312 1239 500 533.665
518 5.78408 1104 500 486.377
505 5.76574 1160 500 510.648
515 5.52733 1167 500 508.379
516 5.35498 1291 500 557.957
522 5.31676 1217 500 525.028
504 5.39701 1202 500 520.512
470 5.52646 1245 500 542.337
520 5.80254 1314 500 579.349
492 5.65455 1271 500 556.824
465 5.75351 1199 500 527.54
539 5.45837 1389 500 603.195
467 5.69912 1166 500 511.818
490 5.56356 1215 500 530.151
501 5.59985 1231 500 538.001
541 5.35779 1319 500 570.133
424 5.18164 1204 500 516.055
504 5.55283 1184 500 516.376
516 5.47046 1249 500 542.698
540 5.03951 1238 500 526.889
482 5.21138 1284 500 551.142
531 5.29854 1268 500 546.557
472 5.37849 1256 500 543.427
546 5.8523 1248 500 551.406
512 4.96682 1173 500 497.375
476 5.75248 1210 500 532.356
537 5.31281 1237 500 533.557
484 5.2668 1281 500 551.325
497 5.54743 1245 500 542.849
483 5.51786 1291 500 562.156
518 5.65968 1217 500 533.287
464 5.63795 1268 500 555.105
469 5.44627 1243 500 539.493
488 5.26232 1163 500 500.432
527 5.36429 1296 500 560.362
518 5.46324 1292 500 561.197
480 5.49967 1282 500 557.778
487 5.51314 1105 500 481.061
473 5.18102 1188 500 509.181
508 5.77108 1276 500 561.841
507 5.09203 1262 500 538.524
482 5.556 1210 500 527.791
498 5.7206 1160 500 509.658
499 5.9731 1224 500 543.517
538 5.18883 1200 500 514.521
486 5.49085 1241 500 539.723
529 5.72215 1255 500 551.434
510 5.73066 1275 500 560.428
507 5.53809 1276 500 556.132
493 5.69526 1315 500 577.125
474 5.33638 1216 500 525.083
524 5.22061 1276 500 547.953
497 5.38265 1237 500 535.311
544 5.75811 1242 500 546.567
469 5.50451 1241 500 540.058
476 5.66277 1276 500 559.216
504 5.1582 1181 500 505.615
541 5.18595 1205 500 516.592
502 5.69061 1289 500 565.6
527 5.28466 1270 500 547.058
494 4.67462 1163 500 485.479
466 5.47167 1269 500 551.419
482 5.95786 1275 500 565.81
474 5.87628 1177 500 520.558
443 5.11745 1211 500 517.416
527 5.27407 1184 500 509.755
475 5.66824 1259 500 551.898
531 5.47477 1261 500 548.02
513 5.29656 1240 500 534.438
529 5.73938 1267 500 557.121
448 5.8448 1334 500 589.218
455 5.19468 1276 500 547.263
477 5.38187 1264 500 546.975
523 5.36336 1196 500 517.102
517 5.56234 1304 500 568.954
511 5.2514 1202 500 516.943
489 5.43317 1276 500 553.482
484 5.74867 1253 500 551.184
548 5.61484 1295 500 566.348
465 5.43312 1276 500 553.481
482 4.9017 1233 500 521.049
506 5.53525 1286 500 560.419
508 5.13695 1229 500 525.614
545 5.34095 1264 500 545.927
509 5.61907 1334 500 583.513
503 5.61589 1276 500 558.065
537 5.52772 1251 500 544.981
500 5.69997 1301 500 571.097
535 5.46065 1240 500 538.546
494 5.03817 1266 500 538.769
487 5.39468 1254 500 542.971
501 5.83505 1240 500 547.474
495 5.59722 1285 500 561.536
464 5.11506 1286 500 549.396
518 5.6455 1295 500 567.114
457 5.56624 1277 500 557.271
533 5.31877 1275 500 550.102
511 5.79224 1260 500 555.297
492 5.74514 1237 500 544.064
490 5.27108 1282 500 551.869
517 5.68534 1222 500 536.078
522 5.92572 1332 500 590.323
494 5.40871 1290 500 558.923
527 5.2637 1262 500 543.067
512 5.35125 1229 500 531.068
504 5.37552 1264 500 546.813
528 5.09267 1273 500 543.235
517 5.35124 1205 500 520.697
531 5.4223 1271 500 551.037
512 5.73884 1219 500 536.002
544 5.66455 1274 500 558.383
465 5.60619 1224 500 535.092
461 5.60609 1279 500 559.134
488 5.11057 1273 500 543.72
519 5.65939 1295 500 567.459
498 5.56221 1253 500 546.699
497 5.71411 1255 500 551.243
454 5.56794 1271 500 554.694
514 5.05485 1308 500 557.113
464 5.5881 1269 500 554.32
519 5.46797 1205 500 523.52
504 5.76251 1297 500 570.878
479 5.40583 1289 500 558.415
546 5.36554 1230 500 531.856
564 5.11174 1254 500 535.636
451 5.4994 1247 500 542.543
472 5.5116 1240 500 539.796
485 5.60214 1209 500 528.44
491 5.78168 1239 500 545.796
488 5.29846 1239 500 534.055
515 5.9604 1257 500 557.88
463 5.91212 1265 500 560.314
523 5.62226 1224 500 535.473
536 5.41536 1297 500 562.129
432 5.90668 1234 500 546.459
497 5.51692 1232 500 536.443
543 5.73585 1250 500 549.562
505 6.07278 1259 500 561.321
482 6.10458 1295 500 578.106
478 5.19353 1328 500 569.534
486 5.81348 1216 500 536.389
505 5.9435 1253 500 555.719
530 5.15422 1216 500 520.498
531 5.40958 1298 500 562.412
492 5.06162 1248 500 531.738
534 5.80196 1197 500 527.75
492 5.76048 1237 500 544.422
501 5.51073 1166 500 507.563
536 5.92034 1252 500 554.744
500 5.8113 1260 500 555.746
521 5.25908 1211 500 521.005
495 5.61747 1268 500 554.605
490 5.57403 1264 500 551.789
536 5.4514 1246 500 540.922
444 4.89665 1201 500 507.392
538 5.46272 1232 500 535.122
500 5.32622 1366 500 589.572
517 5.3401 1198 500 517.401
540 5.38544 1283 500 555.289
482 5.72409 1263 500 554.996
481 5.82523 1183 500 522.091
442 5.92645 1266 500 561.089
481 5.60005 1291 500 564.229
501 5.55964 1263 500 550.999
474 5.37579 1265 500 547.252
468 5.77966 1281 500 564.249
520 5.4395 1312 500 569.263
554 5.55109 1177 500 513.283
448 5.48342 1202 500 522.585
485 5.29187 1221 500 526.132
500 5.49578 1282 500 557.68
484 5.36721 1266 500 547.465
505 5.38597 1233 500 533.662
538 5.45792 1274 500 553.243
520 5.5005 1260 500 548.227
530 5.93452 1254 500 555.956
474 5.71638 1229 500 539.875
525 5.25033 1265 500 544.009
555 5.61001 1276 500 557.919
544 5.545 1180 500 514.451
559 5.56907 1290 500 563.015
512 5.57171 1214 500 529.908
474 5.60023 1281 500 559.863
476 5.84773 1288 500 568.97
490 5.15179 1298 500 555.53
518 5.44465 1248 500 541.623
507 5.17896 1220 500 522.844
517 5.62574 1339 500 585.873
516 5.55464 1297 500 565.705
496 5.80139 1276 500 562.567
457 5.69397 1229 500 539.351
465 5.81955 1286 500 567.412
502 5.33911 1292 500 557.972
532 5.56108 1265 500 551.907
502 5.47673 1278 500 555.458
481 5.38897 1244 500 538.498
439 5.70501 1282 500 562.88
515 5.57587 1257 500 548.779
516 5.84832 1174 500 518.624
458 5.86648 1318 500 582.681
466 5.3261 1176 500 507.564
510 5.47856 1354 500 588.538
495 6.0141 1266 500 563.108
549 6.04453 1292 500 575.38
516 5.24649 1299 500 558.528
556 5.4548 1258 500 546.217
484 5.3774 1372 500 593.586
522 5.39983 1205 500 521.88
509 5.23807 1270 500 545.837
509 5.35263 1189 500 513.817
455 5.45504 1240 500 538.407
526 5.30609 1257 500 542.01
503 5.38733 1312 500 567.891
486 5.05179 1208 500 514.44
480 5.53864 1258 500 548.3
482 5.35067 1253 500 541.424
480 5.27728 1202 500 517.584
502 5.08376 1230 500 524.652
514 5.55605 1244 500 542.622
541 6.19621 1222 500 547.495
473 4.88488 1334 500 563.233
536 5.56394 1275 500 556.341
491 5.35612 1231 500 532.054
485 5.52912 1256 500 547.194
483 5.60587 1185 500 518.035
535 5.86816 1252 500 553.541
455 5.40464 1344 500 582.21
496 5.09784 1266 500 540.388
511 5.53673 1209 500 526.898
511 5.31195 1239 500 534.397
522 5.5987 1266 500 553.27
513 4.78056 1244 500 522.318
465 5.5014 1158 500 503.867
508 5.6731 1265 500 554.646
496 5.22434 1218 500 523.141
474 5.45222 1190 500 516.631
516 5.76858 1240 500 545.931
512 5.54394 1259 500 548.867
457 5.81583 1319 500 581.881
447 5.48999 1267 500 551.009
477 5.54068 1237 500 539.197
514 6.041 1226 500 545.91
508 5.4494 1228 500 533.059
440 5.04244 1253 500 533.352
484 5.19228 1329 500 569.928
500 5.7666 1211 500 533.119
557 5.4753 1242 500 539.776
469 5.78025 1260 500 555.013
495 5.17598 1243 500 532.623
496 5.59998 1200 500 524.456
475 6.2101 1230 500 551.378
488 5.74244 1329 500 584.46
526 5.24725 1269 500 545.648
492 5.45237 1218 500 528.79
463 5.83061 1228 500 542.074
434 5.49207 1250 500 543.667
480 5.86281 1225 500 541.482
491 5.44997 1283 500 556.948
484 5.65253 1269 500 555.899
485 5.19637 1262 500 541.303
503 5.92732 1221 500 541.165
488 5.52894 1280 500 557.645
484 5.0608 1239 500 527.882
539 5.50093 1243 500 540.841
463 5.75885 1243 500 547.024
463 5.76899 1244 500 547.702
510 5.36464 1184 500 511.944
470 5.91473 1238 500 548.414
464 5.46644 1193 500 518.27
518 5.8601 1190 500 525.952
511 6.00248 1253 500 557.062
479 5.38476 1278 500 553.108
502 5.88271 1298 500 574.228
531 5.79069 1273 500 560.989
460 5.48447 1254 500 545.219
495 5.82916 1253 500 553.076
511 5.39162 1299 500 562.376
456 5.87293 1251 500 553.209
566 5.19735 1268 500 543.903
504 5.32268 1248 500 538.553
490 5.33506 1203 500 519.437
498 5.66421 1292 500 566.264
512 5.18943 1286 500 551.411
484 5.29546 1271 500 547.77
503 5.71943 1280 500 562.353
516 5.48327 1300 500 565.188
498 5.51087 1225 500 533.249
548 5.32517 1273 500 549.406
474 5.39344 1230 500 532.549
519 5.42457 1233 500 534.618
498 5.77632 1244 500 547.874
457 5.62589 1197 500 523.745
531 5.78052 1174 500 517.137
497 5.20159 1267 500 543.586
559 5.33277 1257 500 542.695
459 5.7298 1218 500 535.353
484 5.48432 1305 500 567.389
495 5.33379 1275 500 550.493
499 5.72117 1241 500 545.26
456 5.40946 1268 500 549.41
545 5.42542 1267 500 549.382
479 5.61718 1227 500 536.665
488 5.6865 1281 500 561.989
527 5.59039 1292 500 564.424
517 6.00635 1298 500 577.159
488 5.1034 1295 500 552.92
541 5.22609 1285 500 551.964
494 5.65045 1283 500 561.981
493 5.19987 1211 500 519.517
467 5.51452 1198 500 521.582
557 5.58996 1255 500 548.25
469 6.07725 1199 500 534.666
465 6.00166 1285 500 571.27
517 5.49386 1240 500 539.362
484 5.34183 1167 500 504.054
481 5.64887 1207 500 528.654
457 5.78661 1287 500 567.06
469 5.44133 1285 500 557.595
499 5.78529 1246 500 548.964
513 5.66441 1193 500 522.878
499 5.29681 1244 500 536.168
532 5.5695 1300 500 567.39
503 5.79145 1279 500 563.651
514 5.44123 1227 500 532.425
443 5.63341 1233 500 539.675
488 5.40001 1199 500 519.285
502 5.81195 1250 500 551.351
481 5.51558 1277 500 556.003
508 5.42994 1182 500 512.632
519 5.42298 1240 500 537.614
526 5.70875 1233 500 541.454
503 5.95414 1240 500 550.194
518 5.56544 1259 500 549.396
475 5.35355 1224 500 528.964
526 5.25704 1215 500 522.675
481 5.3615 1242 500 536.943
496 5.65871 1341 500 587.598
494 5.97447 1267 500 562.643
501 5.47946 1243 500 540.313
484 5.8704 1219 500 539.002
579 5.33724 1197 500 516.9
444 5.51718 1243 500 541.239
545 5.46274 1237 500 537.294
476 5.67852 1240 500 543.813
530 5.7329 1257 500 552.569
484 5.57975 1204 500 525.731
524 5.11441 1227 500 524.173
458 5.63729 1257 500 550.274
428 5.35268 1242 500 536.721
520 5.28917 1169 500 503.66
507 5.60065 1289 500 563.37
543 5.20542 1246 500 534.676
455 5.49133 1167 500 507.551
490 5.82556 1266 500 558.729
508 6.09028 1193 500 532.268
448 5.25171 1219 500 524.262
559 6.07172 1234 500 550.152
543 4.93862 1256 500 531.792
520 5.731 1252 500 550.326
506 5.33213 1259 500 543.542
476 5.62073 1265 500 553.372
494 5.67616 1300 500 570.068
535 5.65279 1259 500 551.525
538 5.40085 1266 500 548.324
492 5.39008 1258 500 544.587
519 5.9444 1218 500 540.216
500 5.19409 1208 500 518.084
493 5.51194 1203 500 523.697
445 5.64486 1251 500 547.83
478 5.75739 1267 500 557.552
487 5.42807 1297 500 562.459
512 5.07687 1273 500 542.806
484 5.28624 1261 500 543.222
506 5.53451 1282 500 558.657
531 5.7409 1251 500 550.121
472 5.37942 1293 500 559.46
510 5.38016 1236 500 534.816
507 5.34673 1261 500 544.78
515 5.25373 1203 500 517.431
498 5.50672 1238 500 538.807
480 5.94937 1202 500 533.229
539 5.15534 1319 500 564.617
508 5.59166 1231 500 537.806
480 5.25705 1201 500 516.653
475 5.24552 1263 500 543.023
506 5.75474 1247 500 548.688
561 5.10679 1248 500 532.942
490 5.37753 1250 500 540.807
520 5.55778 1256 500 547.899
478 5.16609 1326 500 567.913
527 5.5618 1261 500 550.179
503 5.03728 1209 500 514.489
508 5.26787 1262 500 543.176
507 5.43605 1304 500 565.703
515 5.64381 1291 500 565.32
487 5.33871 1246 500 538.096
527 5.81583 1309 500 577.469
475 5.64348 1215 500 532.032
523 5.55154 1251 500 545.565
502 5.74283 1233 500 542.251
537 5.57226 1227 500 535.595
444 4.98156 1272 500 539.762
536 5.72421 1292 500 567.742
515 5.50155 1326 500 576.971
560 5.72609 1210 500 531.752
520 5.02243 1281 500 544.718
500 5.22794 1188 500 510.344
493 5.29828 1224 500 527.585
503 5.8604 1250 500 552.477
453 5.48808 1371 500 596.186
540 5.26608 1250 500 537.965
528 5.65969 1236 500 541.613
533 5.52583 1262 500 549.726
531 5.33544 1201 500 518.583
462 5.54403 1231 500 536.662
495 5.33543 1256 500 542.331
475 5.46273 1194 500 518.617
419 5.71451 1215 500 533.682
513 5.83176 1232 500 543.866
509 5.78739 1227 500 540.642
473 5.64788 1210 500 529.945
503 5.43732 1194 500 518.012
541 5.77607 1274 500 561.08
430 5.77716 1308 500 576.081
488 5.86785 1230 500 543.807
511 5.83639 1224 500 540.44
546 5.34593 1219 500 526.615
543 5.10639 1268 500 541.472
485 5.05051 1226 500 522.072
537 5.69771 1237 500 542.95
521 5.66087 1221 500 535.068
455 5.7273 1278 500 561.665
486 5.53637 1226 500 534.299
542 5.61635 1280 500 559.825
519 5.53047 1246 500 542.87
538 5.51515 1254 500 545.978
500 5.49266 1270 500 552.381
502 5.18892 1195 500 512.379
507 5.56427 1198 500 522.75
470 5.41631 1232 500 533.981
491 5.23407 1321 500 567.647
549 5.37195 1221 500 528.123
467 5.17501 1302 500 557.878
492 5.81323 1263 500 557.115
517 5.6434 1221 500 534.658
536 5.82841 1223 500 539.817
493 5.76895 1231 500 541.978
514 5.75094 1258 500 553.438
516 5.32287 1346 500 580.848
515 5.56239 1205 500 525.76
442 5.60542 1309 500 572.232
508 5.54857 1320 500 575.58
489 5.79014 1286 500 566.705
499 5.64999 1271 500 556.713
466 5.30967 1266 500 545.984
499 5.44012 1282 500 556.262
462 5.34625 1261 500 544.767
531 5.40027 1313 500 568.665
485 5.38321 1312 500 567.782
488 5.28915 1254 500 540.281
496 5.83777 1244 500 549.303
504 5.45994 1236 500 536.791
492 5.60202 1252 500 547.232
504 5.73872 1243 500 546.552
469 5.66218 1220 500 534.66
532 5.26255 1270 500 546.48
470 5.63594 1227 500 537.109
525 6.09083 1234 500 550.573
500 4.99982 1223 500 519.455
534 5.58054 1244 500 543.216
480 5.23621 1181 500 507.54
465 5.29737 1180 500 508.598
465 5.00351 1287 500 546.742
480 5.45275 1232 500 534.878
511 5.40417 1325 500 573.966
467 5.48238 1237 500 537.776
519 5.47678 1223 500 531.554
475 5.45284 1240 500 538.353
500 5.51754 1265 500 550.827
464 5.83857 1253 500 553.296
513 5.73252 1240 500 545.087
516 5.68986 1245 500 546.275
532 5.96606 1243 500 551.795
500 5.30281 1206 500 519.939
414 5.25639 1183 500 508.893
489 5.59046 1258 500 549.572
493 5.46813 1205 500 523.524
511 5.19211 1246 500 534.33
531 5.69149 1285 500 563.866
503 5.46202 1262 500 548.135
538 5.21945 1204 500 517.005
500 5.55631 1218 500 531.287
477 4.90129 1208 500 510.474
503 4.97581 1275 500 540.875
478 5.53478 1259 500 548.641
489 5.04855 1240 500 527.982
459 5.3654 1223 500 528.826
531 5.69194 1272 500 558.173
523 5.91841 1287 500 570.207
505 5.36042 1222 500 528.27
511 5.5216 1218 500 530.459
535 5.36468 1274 500 550.86
482 5.09993 1195 500 510.135
497 4.88172 1259 500 531.478
539 5.2773 1274 500 548.588
529 5.95749 1281 500 568.464
509 5.31021 1278 500 551.173
483 5.29907 1327 500 572.003
537 5.34404 1267 500 547.303
502 4.95498 1226 500 519.53
494 6.08989 1357 500 605.429
508 5.69457 1273 500 558.675
533 5.67143 1235 500 541.453
486 5.41201 1250 500 541.675
453 5.74709 1267 500 557.305
495 5.44593 1192 500 517.349
515 5.22331 1267 500 544.159
528 5.5341 1311 500 571.284
489 5.81353 1194 500 526.685
484 5.70484 1344 500 590.098
472 5.2489 1228 500 528.061
434 5.27184 1299 500 559.207
497 5.5715 1303 500 568.75
513 5.49432 1206 500 524.584
483 5.62295 1216 500 531.989
501 5.70327 1280 500 561.96
471 5.25281 1273 500 547.515
492 5.74632 1280 500 563.005
486 5.07929 1297 500 553.107
570 5.64409 1174 500 514.093
489 5.26307 1285 500 552.948
514 5.37739 1278 500 552.918
499 5.37511 1306 500 564.971
514 5.11407 1269 500 542.106
516 5.12054 1279 500 546.554
481 5.83402 1272 500 561.578
502 5.61308 1236 500 540.503
473 5.53547 1232 500 536.891
497 5.41942 1172 500 508.048
500 5.49219 1268 500 551.499
498 5.34401 1222 500 527.863
501 5.4638 1143 500 496.489
558 5.94676 1242 500 550.914
462 5.8392 1239 500 547.128
496 5.54244 1229 500 535.752
521 5.63201 1152 500 504.191
476 5.73317 1306 500 574.116
491 5.8309 1249 500 551.351
518 5.5362 1223 500 532.987
527 5.45026 1297 500 563.033
469 5.93845 1260 500 558.707
525 5.22392 1283 500 551.047
478 5.46812 1258 500 546.55
479 5.62901 1220 500 533.882
497 5.55768 1249 500 544.843
535 5.61409 1229 500 537.466
532 5.35875 1330 500 574.914
502 5.79316 1201 500 529.315
452 5.7895 1257 500 553.91
537 5.51223 1281 500 557.66
479 5.24456 1228 500 527.951
501 4.98244 1268 500 538.089
506 5.60107 1296 500 566.44
495 5.94622 1216 500 539.369
481 5.31801 1234 500 532.394
451 5.25458 1277 500 549.282
516 5.35388 1234 500 533.294
536 5.75759 1288 500 566.798
479 5.52904 1281 500 558.084
460 5.03022 1224 500 520.686
493 5.28384 1271 500 547.467
510 5.53548 1265 500 551.273
485 5.50615 1194 500 519.643
515 5.87709 1242 500 549.325
522 5.72781 1224 500 537.944
509 5.60508 1303 500 569.601
529 5.65636 1222 500 535.4
519 5.30351 1289 500 555.74
496 5.72642 1245 500 547.141
523 5.16698 1283 500 549.521
499 5.07226 1237 500 527.333
569 5.3405 1150 500 496.68
536 5.58674 1223 500 534.194
482 5.91703 1273 500 563.972
528 5.44985 1268 500 550.434
483 5.73734 1348 500 592.685
515 5.78652 1274 500 561.33
483 5.55797 1308 500 570.588
472 5.64489 1306 500 571.916
500 5.8227 1267 500 559.103
508 5.37383 1280 500 553.691
507 5.69109 1279 500 561.224
503 5.48875 1317 500 572.722
548 5.63865 1225 500 536.297
446 5.74926 1248 500 548.999
494 5.21662 1272 500 546.13
487 5.16913 1200 500 514.025
501 5.85968 1271 500 561.742
515 5.52972 1236 500 538.495
534 5.14917 1298 500 555.459
516 5.63739 1231 500 538.894
494 5.57404 1323 500 577.546
501 5.75969 1268 500 558.047
513 5.76983 1247 500 549.042
479 5.27082 1211 500 521.299
510 5.25581 1259 500 541.571
509 5.67473 1297 500 568.717
535 5.99569 1301 500 578.242
512 5.71335 1264 500 555.178
498 6.06522 1293 500 576.305
519 5.11771 1204 500 514.432
522 6.05957 1185 500 528.048
459 5.28303 1279 500 550.892
475 5.49031 1250 500 543.624
501 5.61271 1267 500 554.05
519 5.60919 1243 500 543.471
484 4.92276 1206 500 510.201
493 5.37047 1258 500 544.089
492 5.1973 1309 500 561.488
459 5.44476 1175 500 509.944
524 5.55971 1213 500 529.187
473 5.9094 1243 500 550.507
490 5.77164 1189 500 523.546
472 6.01314 1243 500 552.856
482 5.32706 1241 500 535.643
475 5.07493 1314 500 560.234
472 5.38104 1258 500 544.357
472 5.42918 1245 500 539.936
543 5.5594 1197 500 522.2
501 6.02144 1242 500 552.597
520 5.54387 1321 500 575.894
504 5.31695 1229 500 530.21
507 5.97081 1229 500 545.686
501 5.55084 1217 500 530.721
492 5.15514 1234 500 528.226
543 5.73577 1226 500 539.008
467 5.64773 1269 500 555.782
502 5.01567 1221 500 519.025
448 4.98752 1279 500 542.899
504 5.63875 1274 500 557.752
475 5.57675 1203 500 525.224
491 6.01786 1295 500 576.094
496 5.35966 1288 500 556.782
552 5.5581 1262 500 550.524
494 5.56739 1304 500 569.082
485 5.61003 1252 500 547.426
486 5.01453 1321 500 561.501
467 5.6301 1286 500 562.791
446 5.48854 1292 500 561.845
463 5.28329 1242 500 534.962
518 5.36362 1293 500 559.047
531 5.28323 1240 500 534.099
509 5.43312 1325 500 574.735
530 5.57009 1238 500 540.344
465 5.65917 1259 500 551.679
489 5.92834 1287 500 570.441
517 5.5784 1238 500 540.545
502 5.84714 1302 500 575.14
506 5.6232 1237 500 541.182
509 5.41575 1249 500 541.335
520 5.55415 1259 500 549.118
487 5.5402 1204 500 524.801
542 5.68355 1293 500 567.181
488 5.47779 1211 500 526.363
462 5.25147 1158 500 498.021
513 5.7001 1205 500 528.96
486 5.05703 1167 500 497.111
489 5.62164 1307 500 571.768
513 5.31812 1318 500 568.637
474 5.50523 1241 500 540.076
514 5.28346 1234 500 531.52
509 5.52024 1295 500 563.959
512 5.58065 1207 500 527.062
537 5.15046 1230 500 526.393
523 5.1336 1213 500 518.685
471 5.40673 1193 500 516.848
505 5.30705 1315 500 567.045
461 5.2299 1255 500 539.177
518 5.70852 1131 500 496.657
499 5.59696 1274 500 556.723
480 5.68345 1150 500 504.451
492 6.00636 1268 500 563.82
508 5.37751 1289 500 557.68
522 5.30288 1211 500 522.096
490 5.4451 1277 500 554.22
554 5.32754 1234 500 532.633
491 5.64997 1209 500 529.556
481 5.54016 1159 500 505.186
462 4.97802 1202 500 509.965
504 5.94676 1195 500 530.066
504 6.04912 1173 500 522.481
508 5.46202 1246 500 541.185
485 5.46861 1301 500 565.244
515 5.15426 1205 500 515.79
521 5.56479 1268 500 553.307
499 5.35574 1326 500 573.104
482 5.99617 1287 500 572.031
466 5.79769 1252 500 551.899
481 5.31916 1291 500 557.016
471 5.54993 1269 500 553.375
513 5.34774 1252 500 540.917
508 5.92388 1297 500 574.768
552 5.87299 1211 500 535.522
511 5.21142 1198 500 514.228
461 6.01491 1201 500 534.214
454 5.74544 1239 500 544.95
514 5.24395 1327 500 570.497
513 5.54155 1282 500 558.834
469 5.53604 1293 500 563.489
478 6.07473 1259 500 561.365
524 5.5367 1185 500 516.438
499 5.65069 1229 500 538.333
523 5.89379 1264 500 559.445
459 5.20309 1245 500 534.186
521 5.58788 1276 500 557.372
549 5.51089 1193 500 519.319
520 5.58402 1190 500 519.717
479 5.32246 1313 500 566.596
493 5.81235 1214 500 535.481
526 5.13354 1251 500 534.933
478 5.70576 1222 500 536.554
527 5.19428 1261 500 540.819
522 5.519 1225 500 533.445
477 5.73696 1197 500 526.286
434 5.71585 1261 500 553.92
456 5.21192 1276 500 547.722
511 5.42022 1244 500 539.279
491 5.63885 1327 500 580.957
558 5.67682 1224 500 536.756
503 5.60292 1209 500 528.458
478 5.81897 1294 500 570.928
519 5.53683 1265 500 551.306
536 5.3168 1231 500 531.069
526 5.12169 1216 500 519.662
523 5.16536 1236 500 529.348
488 5.2573 1249 500 537.308
445 5.68335 1253 500 549.63
512 5.89568 1190 500 526.734
478 5.61019 1241 500 542.62
564 5.16612 1230 500 526.798
485 5.68753 1211 500 531.303
505 5.50105 1324 500 576.087
546 4.98633 1293 500 548.808
513 5.64283 1230 500 538.585
537 5.51304 1212 500 527.642
498 5.25572 1257 500 540.709
452 5.62085 1260 500 551.188
528 6.05474 1279 500 569.825
488 5.51884 1255 500 546.505
453 5.29565 1270 500 547.344
470 5.9567 1219 500 540.933
448 5.37164 1230 500 532.008
511 5.42006 1245 500 539.709
533 5.76019 1260 500 554.538
459 5.35672 1341 500 579.613
492 6.02379 1236 500 549.98
563 5.71431 1268 500 556.957
461 5.45819 1277 500 554.553
464 5.17578 1272 500 545.044
518 5.425 1229 500 532.894
511 5.47985 1288 500 559.884
482 5.40076 1228 500 531.864
446 5.53024 1279 500 557.242
473 5.48355 1219 500 529.979
475 5.48548 1219 500 530.026
505 5.54713 1179 500 514.064
505 5.10554 1271 500 542.73
481 5.61658 1286 500 562.455
519 5.62378 1236 500 540.759
485 5.46992 1245 500 540.947
527 5.28514 1275 500 549.224
449 5.07178 1243 500 529.879
512 5.72668 1216 500 534.402
519 5.17861 1245 500 533.549
467 5.82137 1217 500 537.009
471 5.58466 1266 500 552.924
530 5.49333 1239 500 538.914
510 5.53261 1219 500 531.158
499 5.12308 1291 500 551.751
464 5.7164 1215 500 533.726
482 5.39285 1294 500 560.243
487 5.27354 1243 500 535.143
516 5.423 1235 500 535.446
493 5.89209 1216 500 538.162
495 5.35055 1199 500 518.087
492 5.43863 1201 500 521.081
470 5.94298 1315 500 583.204
508 5.22651 1264 500 542.955
494 5.59415 1249 500 545.73
505 5.48958 1221 500 530.994
457 5.62727 1241 500 543.03
507 5.22873 1266 500 543.872
516 5.27244 1198 500 515.742
431 5.36858 1328 500 574.313
487 5.36402 1236 500 534.412
462 5.23495 1290 500 554.349
515 5.42804 1233 500 534.704
512 5.57225 1288 500 562.222
463 5.45389 1162 500 504.513
512 5.72721 1287 500 565.618
486 5.18346 1374 500 588.972
519 5.24707 1290 500 554.673
513 5.95466 1178 500 522.695
474 5.82835 1210 500 534.078
518 5.48925 1279 500 556.209
533 5.59877 1217 500 531.857
509 5.29052 1227 500 528.683
531 5.67884 1301 500 570.573
467 5.6303 1289 500 564.109
513 5.39041 1251 500 541.565
476 5.25509 1224 500 526.498
483 5.60337 1292 500 564.749
457 5.63238 1238 500 541.839
500 5.77792 1266 500 557.601
497 5.44225 1265 500 548.94
463 4.97891 1308 500 554.963
487 5.58615 1322 500 577.421
493 5.4421 1256 500 545.031
502 5.26716 1224 500 526.802
482 5.45136 1180 500 512.269
487 5.348 1253 500 541.356
495 5.26182 1319 500 567.545
510 5.7068 1226 500 538.334
517 5.09004 1255 500 535.484
552 5.25706 1255 500 539.883
466 5.56687 1312 500 572.56
466 5.97659 1261 500 560.027
491 5.58081 1235 500 539.293
545 5.45038 1288 500 559.129
555 4.94851 1233 500 522.322
524 5.20365 1189 500 510.173
518 5.5725 1261 500 550.442
492 5.7415 1214 500 533.864
476 5.71941 1238 500 543.9
494 5.98487 1229 500 546
497 5.77901 1283 500 565.115
534 5.72694 1224 500 537.924
539 5.88718 1314 500 581.415
504 5.63985 1254 500 549.022
483 5.35032 1237 500 534.501
476 5.69351 1242 500 545.046
493 5.50925 1217 500 529.727
486 4.89588 1247 500 526.805
527 5.58639 1299 500 567.381
511 5.2979 1296 500 558.61
505 5.50694 1240 500 539.682
484 5.23071 1168 500 501.82
484 5.5211 1214 500 528.705
502 5.60436 1259 500 550.348
511 5.33557 1203 500 519.45
463 5.67476 1246 500 546.355
475 5.41539 1269 500 549.994
486 5.9923 1224 500 543.944
503 5.25495 1244 500 535.097
467 6.0284 1213 500 539.846
515 5.64494 1303 500 570.603
485 5.21471 1307 500 561.105
467 6.00556 1245 500 553.575
483 5.16899 1188 500 508.881
530 5.4053 1256 500 544.105
520 5.2834 1264 500 544.441
544 4.97826 1309 500 555.369
457 5.55791 1217 500 530.889
470 5.36937 1312 500 567.415
513 5.48017 1293 500 562.065
494 5.72079 1278 500 561.507
502 5.57604 1298 500 566.683
523 5.47643 1176 500 511.118
519 5.40131 1225 500 530.578
508 5.29794 1260 500 543.094
477 5.82974 1287 500 568.098
512 5.54243 1176 500 512.648
478 5.79992 1222 500 538.725
466 5.41544 1199 500 519.657
520 5.80015 1302 500 573.999
517 5.21922 1163 500 499.394
497 5.92937 1318 500 584.206
483 5.09406 1252 500 534.311
516 5.39983 1321 500 572.119
493 5.37968 1249 500 540.429
528 5.54065 1263 500 550.529
560 5.46421 1227 500 532.987
527 5.27814 1211 500 521.481
539 5.45626 1198 500 520.2
516 5.46699 1280 500 556.079
494 5.58199 1310 500 572.074
502 5.58875 1231 500 537.736
529 5.7668 1306 500 574.945
463 5.38402 1238 500 535.777
498 5.32379 1264 500 545.486
468 5.66702 1246 500 546.17
514 5.45329 1229 500 533.588
503 5.39887 1262 500 546.542
508 5.41171 1139 500 493.567
416 5.6207 1230 500 538.061
465 5.80308 1237 500 545.411
493 5.69401 1249 500 548.129
520 5.82412 1176 500 518.978
458 5.5202 1289 500 561.345
495 5.85171 1273 500 562.438
490 5.40275 1241 500 537.544
506 5.41248 1174 500 508.752
468 5.38786 1214 500 525.485
498 5.92826 1216 500 538.97
558 5.9186 1211 500 536.539
500 5.12547 1244 500 531.727
510 5.4982 1264 500 549.91
504 5.48479 1235 500 536.966
514 5.77913 1206 500 531.201
508 5.06247 1290 500 549.657
504 5.2388 1302 500 559.61
483 5.68398 1343 500 589.125
512 5.42808 1226 500 531.669
542 5.42363 1281 500 555.406
490 5.19157 1298 500 556.615
484 5.14585 1300 500 556.223
505 5.71601 1242 500 545.577
431 5.71467 1230 500 540.275
490 5.59042 1272 500 555.687
539 4.93971 1300 500 550.453
498 5.79917 1270 500 559.869
418 5.8915 1257 500 556.293
503 5.55798 1187 500 517.804
548 5.20341 1209 500 518.748
517 5.70177 1199 500 526.364
447 5.81697 1280 500 564.703
506 5.55064 1248 500 544.235
502 5.55358 1271 500 554.338
530 5.58232 1210 500 528.411
459 5.34312 1276 500 551.167
487 5.1619 1277 500 546.815
514 5.55714 1215 500 529.999
473 5.24423 1237 500 531.812
517 5.47085 1226 500 532.714
466 6.02079 1256 500 558.811
479 5.55233 1258 500 548.637
442 5.3408 1229 500 530.807
518 5.17797 1278 500 547.674
550 5.84506 1196 500 528.27
541 5.50786 1168 500 508.367
483 5.73372 1220 500 536.323
522 5.06057 1264 500 538.527
523 5.54777 1219 500 531.52
523 5.54602 1216 500 530.17
508 5.75331 1203 500 529.295
475 5.46795 1304 500 566.531
461 5.67834 1272 500 557.842
510 5.04655 1223 500 520.691
507 5.40167 1255 500 543.581
474 5.93191 1282 500 568.309
508 5.75031 1264 500 556.062
445 5.52093 1197 500 521.297
501 5.24541 1213 500 521.523
489 5.8633 1306 500 577.298
473 5.53064 1261 500 549.41
544 5.2563 1216 500 523.087
443 5.82854 1253 500 553.062
492 5.44037 1250 500 542.384
496 5.96217 1302 500 577.894
459 5.45064 1247 500 541.338
528 5.50331 1248 500 543.075
463 5.24699 1337 500 574.88
454 5.68415 1243 500 545.262
523 5.56412 1263 500 551.109
472 5.4111 1274 500 552.051
502 5.44379 1203 500 522.072
503 5.07475 1259 500 536.779
568 5.31442 1258 500 542.656
471 5.49385 1174 500 510.654
515 6.0622 1269 500 565.539
559 5.47759 1313 500 570.692
457 6.09212 1320 500 588.974
498 5.67729 1200 500 526.242
519 5.5548 1273 500 555.241
506 5.35405 1224 500 528.977
518 5.62968 1286 500 562.781
444 5.55267 1251 500 545.593
527 5.47864 1199 500 521.167
497 5.7303 1217 500 534.925
453 5.37388 1310 500 566.669
515 5.59138 1227 500 536.051
497 5.53653 1160 500 505.539
493 5.25817 1266 500 544.644
504 5.46114 1236 500 536.821
489 5.50298 1306 500 568.305
482 5.2416 1177 500 505.952
455 5.11515 1209 500 516.503
497 4.9876 1243 500 527.62
507 5.39134 1249 500 540.722
480 5.26769 1294 500 556.944
473 5.23648 1244 500 534.621
507 5.61572 1298 500 567.682
553 5.46913 1216 500 528.327
535 5.34739 1258 500 543.501
510 5.71742 1241 500 545.171
505 5.37728 1230 500 532.148
479 5.18535 1334 500 571.879
512 5.84204 1188 500 524.67
477 5.10993 1250 500 533.88
519 5.13422 1301 500 556.332
504 5.21766 1227 500 526.836
481 5.5216 1277 500 556.154
459 5.71064 1248 500 548.086
480 5.41427 1207 500 523.096
529 5.28368 1237 500 532.818
483 5.88638 1204 500 532.724
492 5.84012 1252 500 552.89
427 5.2413 1192 500 512.393
453 5.12297 1323 500 565.424
506 5.75959 1240 500 545.721
474 5.18727 1300 500 557.355
458 5.45451 1209 500 524.934
541 5.36158 1230 500 531.758
491 5.24001 1191 500 511.931
522 5.37148 1258 500 544.114
457 5.85999 1262 500 557.772
481 5.64019 1220 500 534.145
496 5.50523 1174 500 510.918
521 5.32576 1291 500 557.19
446 5.55039 1273 500 555.131
500 5.33772 1298 500 560.527
532 5.42467 1362 500 590.554
474 5.68374 1214 500 532.531
500 5.34219 1270 500 548.551
511 5.25662 1270 500 546.324
483 5.33334 1324 500 571.637
525 5.33291 1198 500 517.226
497 5.68875 1238 500 543.178
502 5.22509 1321 500 567.4
498 5.60409 1242 500 542.911
488 5.19101 1210 500 518.864
516 5.4883 1228 500 534.007
529 5.54274 1183 500 515.707
517 5.35083 1201 500 518.958
523 5.67806 1214 500 532.4
498 5.49577 1272 500 553.329
489 5.86942 1270 500 561.529
475 5.40962 1273 500 551.58
508 5.37509 1261 500 545.504
507 5.80265 1232 500 543.197
468 5.50125 1270 500 552.597
489 6.11321 1249 500 557.763
517 5.75828 1308 500 575.616
511 5.36421 1300 500 562.089
509 5.12462 1273 500 544.1
448 5.85853 1296 500 572.764
514 5.82776 1201 500 530.092
469 5.45491 1269 500 550.996
486 5.74016 1298 500 570.771
460 5.66877 1273 500 558.048
542 5.52983 1200 500 522.814
461 5.32035 1216 500 524.686
462 5.57205 1226 500 535.153
472 5.09486 1276 500 544.575
479 5.33165 1192 500 514.605
553 5.45215 1273 500 552.663
499 5.46043 1245 500 540.712
481 4.88373 1232 500 520.135
472 5.68751 1252 500 549.291
541 5.64964 1214 500 531.738
500 5.2179 1221 500 524.266
505 5.27543 1274 500 548.539
516 5.55895 1273 500 555.344
486 5.14139 1184 500 506.48
458 5.5263 1260 500 548.867
515 5.16754 1222 500 523.408
450 5.14894 1280 500 547.75
455 5.28813 1260 500 542.84
462 5.50448 1276 500 555.289
498 5.18405 1291 500 553.409
509 6.05967 1244 500 554.342
496 5.7435 1251 500 550.182
487 5.80091 1180 500 520.231
503 5.5747 1285 500 560.974
455 5.1044 1312 500 560.206
487 5.94482 1188 500 526.919
498 5.56981 1236 500 539.465
501 5.41479 1262 500 546.945
497 5.74867 1192 500 524.351
481 6.03559 1191 500 530.209
538 5.5243 1233 500 537.057
486 5.49087 1279 500 556.25
479 5.0055 1260 500 535.326
503 5.75995 1335 500 587.54
512 5.83596 1242 500 548.378
492 5.79668 1281 500 564.658
526 5.44662 1221 500 529.953
501 5.36486 1305 500 564.268
522 5.16766 1256 500 537.974
507 5.68163 1312 500 575.467
455 5.60245 1289 500 563.415
497 5.37422 1292 500 558.892
521 5.29652 1214 500 523.231
464 5.46534 1260 500 547.349
530 5.93828 1214 500 538.306
471 5.45944 1221 500 530.265
509 5.66758 1216 500 533.033
499 5.58658 1230 500 537.247
491 5.36459 1178 500 509.349
512 5.37821 1236 500 534.767
459 5.40521 1207 500 522.876
492 5.34749 1270 500 548.688
459 5.59498 1277 500 557.985
521 5.6816 1253 500 549.588
496 5.27965 1234 500 531.424
501 5.64358 1228 500 537.727
541 5.71555 1250 500 549.081
502 5.19437 1268 500 543.824
495 5.48684 1202 500 522.666
462 5.61965 1248 500 545.909
547 5.56626 1299 500 566.872
490 5.51362 1253 500 545.505
456 6.07484 1202 500 535.952
491 5.44145 1293 500 561.07
466 5.23471 1284 500 551.765
483 5.84379 1274 500 562.692
468 5.10115 1333 500 569.08
485 5.89137 1274 500 563.814
514 5.84637 1237 500 546.41
453 5.59584 1287 500 562.376
528 5.44089 1204 500 522.437
540 5.16709 1266 500 542.242
533 5.66466 1259 500 551.811
488 5.71246 1319 500 579.312
494 5.73435 1301 500 571.947
486 5.55558 1196 500 521.674
521 5.65953 1275 500 558.699
465 5.39595 1237 500 535.642
460 5.83042 1237 500 546.043
499 5.59573 1238 500 540.962
519 5.69071 1218 500 534.448
481 5.38069 1259 500 544.781
453 5.93441 1233 500 546.644
509 5.59061 1205 500 526.422
500 5.75299 1297 500 570.646
512 5.31415 1292 500 557.315
505 5.4226 1277 500 553.646
507 5.47878 1240 500 538.992
450 5.92083 1197 500 530.385
494 5.53306 1251 500 545.112
527 4.95604 1293 500 547.952
527 6.08318 1221 500 544.606
518 5.21514 1208 500 518.614
475 5.53927 1326 500 577.954
521 5.52574 1177 500 512.698
534 5.50642 1257 500 547.068
475 5.55333 1264 500 551.279
470 5.25073 1229 500 528.538
530 5.59587 1234 500 539.217
542 5.01208 1292 500 549.106
517 5.73001 1297 500 570.082
435 5.53475 1175 500 512.035
467 5.82875 1238 500 546.446
489 5.57213 1298 500 566.584
518 4.98333 1222 500 518.592
466 5.18304 1301 500 557.669
527 5.43673 1244 500 539.69
456 5.21496 1271 500 545.656
483 5.16497 1308 500 560.173
472 5.26355 1228 500 528.433
499 5.23637 1216 500 522.585
483 5.41798 1209 500 524.052
448 5.37836 1235 500 534.338
473 5.45463 1257 500 545.778
483 5.44857 1167 500 506.56
497 5.52646 1181 500 514.458
511 5.64285 1204 500 527.201
461 5.27511 1206 500 519.253
466 5.10951 1355 500 578.713
512 5.53421 1261 500 549.498
483 5.57286 1271 500 554.816
496 5.38339 1231 500 532.732
529 5.9394 1303 500 577.797
492 5.75375 1192 500 524.465
482 5.56818 1190 500 519.35
526 5.12448 1221 500 521.871
526 5.50635 1239 500 539.233
449 5.58176 1236 500 539.752
545 5.83114 1218 500 537.672
499 5.09389 1219 500 520.223
484 6.04338 1210 500 538.837
470 5.36866 1279 500 553.125
470 5.9294 1295 500 574.012
514 5.60808 1256 500 549.128
555 5.83548 1248 500 551.016
527 5.30386 1328 500 572.564
526 4.99573 1285 500 545.675
514 5.43931 1306 500 566.655
463 5.30141 1244 500 536.286
484 5.52194 1261 500 549.194
498 5.15876 1307 500 559.574
528 5.99368 1224 500 543.974
496 5.38993 1213 500 525.103
494 5.49595 1196 500 520.273
552 5.60267 1286 500 562.109
491 5.67194 1172 500 513.843
433 5.49672 1263 500 549.438
524 5.66684 1249 500 547.481
479 4.85112 1205 500 507.86
492 5.16607 1216 500 520.801
484 5.58696 1187 500 518.474
490 5.25881 1206 500 518.847
506 5.35332 1264 500 546.245
515 5.80061 1277 500 562.989
497 5.64732 1248 500 546.575
494 5.87876 1260 500 557.325
496 5.35879 1283 500 554.598
493 5.30131 1234 500 531.972
468 5.82159 1266 500 558.636
528 5.30178 1268 500 546.642
500 5.23758 1226 500 526.913
499 5.47574 1244 500 540.656
496 5.07182 1241 500 529.027
517 5.4294 1239 500 537.339
488 5.57649 1271 500 554.906
500 5.34246 1197 500 517.027
481 5.51245 1338 500 582.48
497 5.24377 1315 500 565.333
528 5.19304 1270 500 544.646
473 5.48582 1257 500 546.557
464 5.65397 1244 500 544.982
514 5.39231 1258 500 544.643
490 5.52627 1174 500 511.404
504 5.78197 1245 500 548.446
451 5.65957 1240 500 543.363
583 5.32143 1335 500 576.062
530 5.66646 1310 500 574.21
555 5.72191 1307 500 574.277
514 5.02801 1235 500 525.306
499 5.66373 1274 500 558.363
483 5.65831 1261 500 552.534
491 5.54905 1346 500 586.93
532 5.72882 1203 500 528.738
447 5.41848 1228 500 532.3
507 5.33823 1261 500 544.562
511 5.53382 1291 500 562.561
549 5.64149 1237 500 541.619
487 5.16898 1206 500 516.591
537 5.66028 1311 500 574.493
488 4.99758 1292 500 548.699
529 5.52889 1248 500 543.703
523 5.15266 1159 500 496.061
551 5.70376 1228 500 539.141
431 5.83608 1277 500 563.834
492 5.38594 1207 500 522.408
488 5.54151 1249 500 544.448
494 5.1971 1261 500 540.894
464 5.23829 1237 500 531.659
570 5.41305 1275 500 552.535
485 5.69255 1223 500 536.685
510 5.16162 1199 500 513.408
516 5.49443 1254 500 545.466
469 5.3287 1142 500 492.95
507 5.27118 1215 500 523.03
501 5.77491 1335 500 587.916
513 5.27917 1254 500 540.024
453 5.25161 1223 500 525.979
482 5.53593 1217 500 530.366
502 5.05158 1313 500 559.15
473 5.84872 1288 500 568.994
521 5.66394 1234 500 540.837
475 5.34254 1210 500 522.644
529 5.4741 1278 500 555.391
457 5.37968 1213 500 524.852
457 5.07108 1320 500 562.683
500 5.3023 1370 500 590.629
497 5.54757 1245 500 542.852
496 5.4743 1308 500 568.433
483 5.55173 1244 500 542.517
496 5.61657 1256 500 549.334
432 5.45607 1167 500 506.735
497 5.76625 1208 500 531.79
516 5.51448 1184 500 515.485
513 5.20169 1261 500 541.015
492 5.63301 1191 500 521.283
499 5.30017 1226 500 528.495
470 5.54168 1245 500 542.708
467 5.98235 1197 500 531.729
519 5.53314 1196 500 521.149
497 5.44984 1270 500 551.302
511 5.56007 1273 500 555.372
481 5.8509 1310 500 578.766
484 5.44908 1278 500 554.755
495 5.74116 1234 500 542.651
509 5.88588 1185 500 524.307
468 5.70205 1250 500 548.76
477 5.57366 1210 500 528.207
END
