Delay, Zoom, Max Iter, Resolution, Estimated cost
570 6.30355 808 733 781.253
812 8.61781 1761 181 111.657
511 5.30055 947 606 599.671
147 3.72794 1018 387 239.594
428 6.07816 1055 379 270.315
706 6.05919 1191 644 880.425
675 8.1274 1630 403 505.615
527 6.93283 1183 100 21.778
704 7.20155 1471 521 741.651
497 1 1251 529 350.081
568 4.38776 1592 492 632.864
1000 9.53168 1253 301 224.681
0 7.43437 1249 869 1764.95
326 6.56957 1649 829 2059.74
353 7.30894 1506 804 1814.47
240 6.12668 1653 783 1811.24
106 6.89055 1143 440 406.778
608 4.71851 1335 430 413.165
960 4.79542 1889 698 1546.91
284 1.2935 1275 384 209.019
530 9.60397 1086 582 729.253
400 3.82873 1162 278 142.165
663 4.2022 720 324 122.707
788 7.04105 1794 205 139.299
657 7.12394 1477 638 1113.86
688 9.80489 1030 674 931.804
697 3.29223 1238 763 1093.69
83 4.73394 1226 100 20.5382
482 6.28232 1057 579 637.163
522 7.50336 500 816 624.325
332 3.52793 741 636 463.841
321 5.18026 1565 966 2503.62
0 8.66506 1037 659 872.674
479 1.30008 722 801 516.031
614 9.44182 1223 150 54.3486
365 7.25897 1185 775 1324.46
368 1 1313 784 807.043
272 8.3466 1413 1000 2715.09
774 7.6578 1423 378 383.083
328 8.2684 1558 705 1484.78
601 3.95943 1152 727 972.743
828 4.91261 1067 878 1391.16
533 5.11057 1306 893 1779.32
425 2.06178 1439 532 535.253
725 9.31648 1998 402 635.841
178 3.3339 500 1000 761.476
427 7.57514 1238 558 724.446
86 8.11579 1561 135 54.319
1000 4.79507 1577 997 2634.73
233 7.40451 1434 821 1807.01
65 3.4759 1411 294 187.95
439 5.90179 658 731 622.695
526 10 1112 753 1261.03
754 7.9029 1230 519 628.763
915 4.67778 1366 585 780.709
686 8.83985 949 700 905.116
735 3.93521 981 474 351.542
655 10 1839 277 282.209
585 2.69992 1310 288 155.526
396 10 2000 641 1643.52
392 10 1348 1000 2696
361 9.16043 1105 226 110.729
376 6.88702 1179 838 1521.79
546 7.95774 1344 498 633.566
0 8.66701 1193 646 964.784
488 6.48334 1862 538 976.46
56 5.7882 2000 585 1206.37
511 6.14317 1591 273 212.06
276 2.95892 1166 541 502.048
323 4.31545 1428 464 502.677
239 4.16829 1396 643 934.999
251 4.14967 1341 896 1741.92
427 1.49023 1723 785 1245.71
555 5.84358 1194 736 1142.66
480 2.87842 510 863 554.234
368 4.31961 1739 260 192.257
263 2.95784 1528 538 650.569
438 4.47389 1579 699 1273.51
265 8.43889 1557 826 2046.3
651 4.70493 1441 303 221.273
454 6.56288 1683 170 88.3811
818 3.51169 1522 529 658.263
469 1.53147 910 279 83.9476
615 7.02715 1096 716 1037.65
499 5.11882 770 477 299.442
471 10 936 663 822.873
634 6.05808 1833 1000 3267.02
41 7.04955 1206 205 93.6688
488 1 1313 100 13.13
735 1.75184 987 312 119.473
279 6.97131 1804 245 199.604
702 6.90339 1236 1000 2273.08
504 5.96605 1029 741 1003.27
632 3.21894 1194 739 983.132
371 5.07603 1135 746 1077.29
509 2.6726 1487 870 1606.03
398 5.255 688 552 360.695
142 8.926 1754 780 2081.61
763 4.81652 951 568 516.289
896 10 1199 328 257.986
333 1 1196 1000 1196
475 3.9589 1267 512 530.613
554 6.10207 1025 150 41.1776
799 8.761 1422 890 2188.03
531 6.00297 794 561 444.393
696 10 1009 656 868.418
846 7.67074 1317 562 784.029
607 6.89331 1059 838 1367.2
554 7.86259 628 108 13.885
500 4.69006 987 300 148.451
315 5.76665 1060 782 1141.46
836 1 1184 549 356.859
631 9.84352 725 201 58.3808
858 9.73547 1312 841 1845.1
601 9.71735 1294 717 1322.18
413 6.35914 852 123 23.2456
422 3.25116 1546 540 681.647
593 3.44201 649 610 371.129
1000 6.20693 1584 746 1580.46
545 5.85379 592 642 431.257
392 4.63745 2000 444 656.967
292 5.817 877 347 186.35
422 10 2000 265 280.9
901 6.67392 1990 621 1400.08
436 3.44775 684 705 522.709
182 3.6548 613 775 575.42
665 4.35431 1426 830 1610.03
357 7.31238 1269 326 251.395
604 6.06878 1025 370 250.209
606 1.94569 1357 565 558.412
268 5.36439 1065 811 1211.48
880 2.97981 1069 380 227.561
606 8.59901 785 361 197.898
0 3.4219 2000 737 1666.73
750 7.85344 1119 789 1320.1
719 3.48442 2000 812 2033.59
903 3.37912 1249 779 1158.75
942 3.42998 1113 314 168.479
314 4.86397 1433 562 763.539
109 2.56004 1467 874 1578.09
470 1.53685 861 529 285.91
733 7.25745 1098 763 1189.45
431 6.76512 1507 325 291.338
676 1 1386 492 335.501
755 2.03408 1463 699 935.252
561 3.44766 1697 701 1282.15
480 6.1998 1759 497 778.768
738 10 500 698 487.204
305 5.16972 1621 708 1392.28
682 6.66178 880 756 917.178
470 8.88849 724 150 31.7464
482 1 958 936 839.3
118 8.93999 1547 100 30.1872
311 1 1374 100 13.74
318 5.14979 1469 755 1433.4
925 6.12156 1195 741 1172.45
181 7.72259 1791 468 740.516
553 1.67485 1074 539 381.904
542 8.28124 1298 100 24.8969
583 1.932 745 474 215.257
534 6.32007 940 308 160.574
983 1.83689 1156 399 232.637
212 5.16498 1174 100 20.1114
334 3.5023 2000 635 1245.44
782 4.25432 775 332 139.141
782 5.81055 1412 559 778.413
797 6.0353 1300 350 283.576
515 5.55125 1121 506 500.669
15 5.97486 2000 779 2155.9
10 10 1244 789 1548.83
452 7.56332 1685 821 2133.76
545 8.73167 781 598 542.127
580 3.9596 1775 354 355.375
249 1 836 709 420.241
817 6.28026 1304 464 504.775
329 5.8233 1432 233 137.228
647 5.53664 741 302 117.812
321 6.31009 1180 462 453.364
349 10 500 404 163.216
478 6.07826 1243 1000 2217.24
798 9.50663 711 417 244.553
390 8.02488 950 1000 1809.22
1000 6.05075 1770 494 769.641
263 5.37487 827 241 83.1147
328 3.08135 1662 770 1467.01
250 2.63528 1584 482 522.866
617 3.74244 500 254 50.7468
429 4.27698 1048 428 313.141
362 1.47688 1391 512 426.393
141 1 1618 691 772.564
156 3.98634 500 686 376.612
809 6.15592 927 821 1118.01
414 6.55246 500 536 260.923
388 2.34912 1546 205 89.0686
451 2.96341 1390 644 848.463
449 3.05099 1993 100 29.5849
582 8.10811 1480 464 608.255
185 3.60464 1038 281 127.603
157 5.8623 2000 400 565.782
374 5.42297 1378 1000 2389.78
810 10 1513 392 464.987
396 4.08945 1162 694 901.986
374 5.85748 1194 258 140.493
715 7.07198 1548 540 834.877
657 9.17458 1503 382 430.442
353 6.47619 1223 111 27.294
0 1 1656 280 129.83
510 7.85571 1968 323 389.119
604 3.83467 2000 654 1354.77
855 7.36233 1871 392 536.777
601 4.67043 500 598 298.484
534 7.43276 1279 425 432.272
0 3.34314 782 766 699.348
129 2.45524 697 624 377.265
998 3.06382 2000 520 803.771
558 6.39088 887 143 32.7497
595 3.29853 1306 215 91.6607
875 3.58002 675 423 187.674
169 5.72564 1880 637 1340.95
138 8.1376 1409 540 784.955
508 4.16809 1814 681 1362.79
233 1.48158 1744 453 418.984
848 4.20686 1620 422 468.506
64 7.24318 759 895 1130.8
485 4.83381 1720 870 2192.72
389 5.86594 1030 626 713.758
497 3.90057 905 715 736.149
730 6.94879 1327 382 356.669
762 3.92618 1594 1000 2540.79
431 4.50354 500 309 78.9415
606 1 1497 726 789.033
872 5.60559 1485 506 664.849
688 3.00391 980 100 14.4813
273 7.68513 1071 829 1387.91
741 3.28352 1034 340 181.249
242 4.2561 1392 172 67.0842
701 6.89641 1247 410 385.413
389 1 1223 868 921.438
0 10 1931 438 740.902
572 3.14797 1935 491 698.819
449 2.98764 839 832 856.835
691 6.04193 1068 402 307.419
130 4.61901 1316 439 422.164
211 8.43225 1565 473 674.342
714 6.47351 1724 583 1061.27
600 5.40039 947 915 1373.56
587 4.05488 1058 110 20.585
1000 7.25788 1438 1000 2675.84
279 2.90814 1715 100 25.101
403 7.07445 1529 646 1180.24
675 6.41134 1263 864 1703.64
0 6.61987 877 445 316.223
683 4.59347 1768 654 1256.91
759 5.36749 1002 1000 1733.23
561 7.35304 1367 592 894.195
700 5.09947 1237 353 263.2
459 1.9665 1109 667 638.286
438 5.05299 1358 546 689.667
222 8.90433 1381 344 318.608
1000 3.40737 1075 419 289.21
709 2.1305 1425 293 162.52
886 9.00987 1384 682 1258.31
345 3.30313 1328 495 494.248
761 4.55818 1356 557 697.85
854 10 621 550 375.705
160 5.0872 1353 757 1323.09
185 5.03277 1266 432 402.079
272 5.30755 1090 474 422.421
723 5.46441 790 401 220.725
416 8.59618 796 1000 1539.71
259 6.78677 2000 573 1202.78
179 8.9857 938 340 211.829
713 4.62545 2000 457 695.532
955 3.78388 1602 423 452.307
789 8.5657 1080 413 356.043
467 3.61284 1537 787 1483.03
674 5.36891 1707 626 1157.18
366 4.2364 770 493 304.489
267 8.62415 1444 200 111.807
442 2.92455 1915 493 682.361
296 8.20875 1064 771 1210.75
439 5.36645 1038 100 17.9542
440 6.44704 954 313 169.107
223 2.69414 1362 649 820.597
411 7.7955 2000 245 227.116
198 7.28456 1355 578 843.08
311 1.42331 1478 591 595.376
763 4.18172 859 754 791.797
797 10 1633 629 1292.16
825 4.35931 1852 426 550.998
120 8.2581 1553 725 1564.74
251 8.17621 807 801 990.266
922 4.22027 510 295 72.1371
661 3.45369 1473 743 1250.88
718 6.49552 1383 682 1165.99
86 9.40164 1132 304 206.427
0 6.52224 1126 100 20.4301
260 4.40548 1271 649 880.106
295 4.33228 1509 582 836.582
668 4.71771 1242 258 138.372
309 7.16086 1028 672 861.127
567 8.20307 1230 423 421.233
1000 1.73887 1417 530 493.67
175 4.78026 1013 500 425.321
613 5.25777 1697 326 310.347
738 1.4905 1546 400 290.235
224 7.3187 2000 725 1959.99
704 5.27033 1397 1000 2405.41
554 6.77235 953 601 630.185
565 8.60256 1119 280 169.724
515 6.36291 1107 280 156.537
859 8.39848 1409 914 2264.92
459 5.99872 1080 604 700.557
584 6.15276 1010 1000 1806.96
1000 7.3062 1453 549 816.177
530 4.38809 1523 662 1096.13
172 5.40422 1380 873 1822.38
199 5.076 1468 107 28.6649
574 5.78704 1617 316 284.579
714 5.43932 1169 541 593.806
701 3.88402 1704 571 882.963
397 1.50793 899 616 401.983
514 3.98463 1815 309 277.344
294 9.55485 698 454 284.893
99 6.57382 605 640 450.47
457 10 1312 423 469.51
340 5.19425 1596 100 27.3798
820 4.71659 1180 132 34.4103
539 3.59845 770 828 821.473
552 7.13822 1257 1000 2329.96
0 7.75127 1464 837 1937.8
252 7.45561 2000 521 1016.54
247 1.67337 731 690 425.846
411 2.95719 1725 625 991.12
355 4.61506 1111 249 114.634
819 3.65326 1473 206 97.6804
828 7.20803 1588 672 1332.27
432 9.23663 981 896 1547.96
321 8.34964 1356 738 1419.22
711 5.71318 1801 115 41.8457
405 5.23994 1533 700 1291.51
372 2.75808 1811 397 411.192
427 9.46434 945 623 724.794
194 8.77158 1377 582 906.296
409 3.99621 700 528 312.56
196 2.7682 1186 281 135.059
876 6.58656 1798 492 791.537
1000 7.88733 1854 572 1150.68
739 4.2916 1882 309 293.374
39 5.4199 500 246 52.4671
0 7.25259 759 417 245.551
641 5.75018 1398 501 617.471
729 1 695 430 128.506
318 1.37876 840 448 192.108
173 6.99025 1537 869 2140.87
454 2.84774 1322 826 1311.91
457 10 1398 562 883.1
421 8.02127 813 727 818.242
844 3.43082 1970 765 1770.15
1000 10 1324 301 239.911
528 4.93711 582 464 212.196
922 7.82851 988 343 220.116
543 7.77011 1800 768 2007.03
409 5.98487 1469 301 236.513
819 6.78488 1240 299 203.04
573 9.41211 1117 392 338.769
938 5.95872 662 715 600.767
815 4.40479 624 355 129.278
551 1.48313 1614 838 1327.44
57 6.15192 932 368 225.8
117 3.10185 1176 144 36.374
780 6.83405 1046 550 580.52
516 5.99103 2000 584 1212.46
253 5.60985 889 557 482.381
882 6.48573 952 129 28.7055
813 9.22875 2000 469 864.51
436 10 1454 512 762.315
258 4.84954 2000 698 1642.56
828 3.22597 2000 506 772.543
531 8.95149 1118 630 866.123
0 6.02071 1285 713 1162.56
392 3.68191 1307 552 623.686
607 1 1056 464 227.353
300 6.19096 803 506 368.38
574 3.6059 982 1000 1528.99
293 2.62186 1517 319 218.993
328 10 1135 317 228.11
326 10 1717 425 620.266
705 6.34343 1254 691 1079.16
290 4.20802 1330 712 1095.01
0 4.98161 756 369 174.723
82 5.21227 1061 781 1111.21
14 8.99742 1115 424 391.703
699 2.21871 1781 574 789.888
1000 3.85348 1394 726 1165.2
221 6.16316 1076 422 342.959
1000 1 1211 466 262.976
954 4.19368 1858 249 186.919
541 8.19047 812 815 1031.94
590 7.12759 1283 384 350.551
154 5.16824 500 680 396.125
737 4.55425 1350 405 367.229
0 2.55569 728 100 10.2467
1000 3.88722 592 487 223.192
288 4.36482 542 867 668.148
374 4.29557 1405 785 1413.86
269 6.05111 1683 310 288.187
539 3.74397 853 596 476.718
504 7.0594 1365 550 763.379
13 9.18056 1165 251 144.067
974 10 713 516 379.681
756 5.09003 1573 550 812.113
367 9.557 1810 584 1222.47
216 2.99058 1148 864 1264.69
290 8.92052 500 100 9.75195
0 3.74413 1509 349 289.178
844 7.10827 986 742 1005.24
1000 5.02958 1810 353 383.767
145 1 1553 536 446.171
710 5.51016 1085 601 682.368
434 6.63567 1398 207 109.136
349 2.30723 1942 349 322.422
757 7.43568 1460 226 139.546
974 6.50569 1424 558 803.982
439 5.9865 1345 415 411.669
606 7.24193 1658 806 2003.24
19 2.73809 500 630 285.261
597 5.84392 1019 851 1303.76
423 3.60635 919 215 66.1454
339 3.04609 1709 436 482.03
564 8.01108 1209 218 109.379
767 8.61048 1809 638 1424.84
368 3.44456 1285 732 1058.37
266 4.33825 1347 111 27.1735
474 5.158 1270 657 938.772
479 6.78218 500 100 9.15685
0 10 1013 373 281.875
805 10 1275 424 458.429
710 5.84018 1186 826 1429.36
647 5.48516 1545 150 60.4586
549 6.98893 909 460 354.762
422 1 1376 600 495.36
590 8.25263 500 887 753.958
488 3.22951 739 100 11.1525
780 7.39677 1626 297 268.073
467 9.81671 743 641 608.117
603 5.32811 1591 399 437.322
496 10 1578 494 770.178
248 4.58365 925 517 410.722
247 4.10595 2000 1000 3226.83
247 3.33532 1189 349 220.583
1000 4.1031 1204 602 703.856
515 3.28001 1503 504 578.74
441 3.80412 1277 764 1177.89
435 6.4911 802 784 893.39
843 7.88308 1947 489 883.042
858 9.25835 803 607 581.828
112 9.48246 1495 115 39.0864
577 3.49739 1450 435 423.567
604 2.79542 1046 494 369.223
882 6.67011 1055 287 158.516
849 8.08832 1238 461 501.959
310 1.2559 1332 282 116.408
416 3.43349 1184 369 247.583
148 5.3039 2000 144 71.5224
0 6.11037 1347 718 1240.26
0 6.84009 1317 777 1459.08
774 4.53276 1245 517 551.196
266 8.57073 579 489 267.628
788 9.27982 726 275 108.025
926 10 951 640 779.059
817 5.64534 500 477 199.28
885 8.3773 1718 454 680.985
341 8.00511 1292 641 1010.42
583 9.02521 851 223 82.7537
377 6.60524 971 588 610.968
29 7.25326 1090 373 282.151
291 5.3828 1893 782 2003.84
558 4.66625 1710 659 1239.41
867 6.05566 1141 725 1068.83
944 8.01739 1463 584 950.046
152 8.33051 976 321 193.158
353 7.823 1642 680 1437.56
657 7.80131 1566 390 450.693
752 6.96738 1666 423 549.411
578 6.31584 716 920 1091.1
284 6.82834 904 100 16.5822
873 7.19923 645 646 499.923
373 10 1016 663 893.204
288 10 1273 238 144.216
852 7.04558 707 100 13.0648
412 5.39656 1854 309 306.622
609 8.59194 1307 328 271.957
117 3.09678 1170 313 170.894
710 1 1380 689 655.115
342 6.90226 1455 1000 2675.73
328 7.15358 1684 560 979.378
636 8.67684 1715 1000 3324.29
598 6.67837 1150 271 154.106
32 3.84518 1257 671 896.988
348 7.48626 802 473 336.301
842 6.65608 1184 689 1024.78
493 5.57513 560 340 113.046
615 5.01444 1302 791 1385.06
371 3.8992 1095 576 577.993
619 6.35029 1351 754 1384.66
717 2.40084 1673 761 1337.39
371 9.19253 747 796 929.316
833 4.61848 810 682 627.101
179 5.50994 1545 436 511.372
751 4.93684 1002 919 1433.08
451 7.11584 901 481 386.108
548 1.8152 1532 687 910.273
183 6.2528 1275 1000 2290
289 2.05508 1093 755 817.942
529 4.28718 1523 432 463.91
624 4.21373 1657 609 998.439
392 4.30171 1507 497 608.111
527 6.52128 1327 538 696.871
425 7.11835 1380 623 992.168
512 6.252 1321 1000 2372.54
834 7.61479 1542 788 1801.68
934 5.91582 1807 259 214.795
388 1.54612 500 329 64.3624
388 6.06362 993 283 141.778
608 6.42968 883 463 342.268
401 2.10517 1058 466 304.027
0 1.88138 868 563 350.645
304 2.72292 784 667 500.53
918 6.05253 1153 694 989.556
327 8.51239 995 501 482.023
590 4.67924 975 303 149.504
602 4.35857 538 520 238.484
601 7.9787 1348 407 424.692
411 4.08256 2000 815 2140.04
752 7.94579 715 245 81.5498
587 4.48904 658 572 355.687
1000 4.17653 1700 648 1157
319 2.00162 937 832 844.094
231 7.9432 1462 100 27.7779
466 3.94023 878 424 251.842
569 5.04934 1014 726 910.302
662 7.67786 2000 369 513.392
134 1.84642 1183 909 1237.83
129 5.58632 2000 255 227.214
284 7.20273 798 427 270.263
336 1 973 727 514.259
259 2.96239 1099 500 404.334
529 6.46394 2000 119 51.2769
400 2.33546 937 1000 1282.16
543 1.60789 678 100 8.17842
823 6.90776 2000 1000 3678.67
396 9.21013 1631 383 469.95
302 4.23393 1365 524 609.697
207 10 1123 1000 2246
301 4.12278 1595 447 514.754
401 4.08101 709 162 29.9716
1000 5.71355 1736 674 1385.54
148 7.69162 1424 202 109.587
0 2.60128 1266 638 729.271
543 7.31821 1244 194 87.2899
0 8.3026 1912 790 2290.16
519 4.89585 1171 315 196.345
476 1 500 432 93.312
625 8.86901 1558 629 1200.69
501 5.9183 1139 528 562.735
236 5.21386 1992 715 1748.69
210 1 734 702 361.718
0 9.51869 1478 683 1364.17
179 1 1030 592 360.978
534 5.98574 971 251 108.713
658 5.79439 1000 409 294.918
642 7.21892 1068 697 964.257
504 5.68664 1360 307 224.935
956 7.07447 882 176 50.5352
416 5.81614 1565 295 240.333
988 8.51688 1290 1000 2490.06
954 5.26336 1727 492 719.565
442 1.81497 1684 442 414.159
301 4.21657 930 366 202.436
639 4.92952 1543 508 674.063
387 5.36689 1262 661 953.759
1000 4.74722 2000 623 1301.35
401 6.72554 531 582 328.74
354 1 515 710 259.611
0 9.58905 681 363 177.834
494 1 1714 819 1149.68
846 5.67023 806 179 45.2868
937 3.18801 946 399 226.436
1000 6.28526 1263 670 1019.58
122 6.43 1578 754 1622.18
591 4.96194 1453 202 100.532
251 6.18659 1266 667 1009
338 9.89791 1471 535 840.198
897 7.99805 1246 427 432.324
82 5.53185 1342 396 366.782
437 5.86714 1114 294 170.281
1000 5.6105 1187 890 1644.45
477 8.6358 1397 602 980.308
267 6.63981 1470 558 834.01
END
