Delay, Zoom, Max Iter, Resolution, Estimated cost
596 5.58731 1223 533 607.05
506 6.13964 1225 461 465.522
584 7.09779 1299 388 361.999
599 6.25241 1335 694 1154.83
418 5.28545 1225 491 508.868
519 5.3747 1044 600 650.336
417 6.85064 1179 572 708.133
459 5.06658 1479 520 681.752
239 5.24753 1382 587 819.033
551 6.04003 1274 580 763.306
517 5.97057 1305 562 732.032
586 5.2943 1021 714 897.245
573 4.52638 1312 453 445.785
615 6.34861 1260 575 750.973
609 5.64542 1261 620 849.097
509 4.78747 1318 511 578.221
568 5.76599 1312 597 823.4
603 4.9009 1242 646 876.081
526 6.41351 1087 471 435.765
598 4.27018 1184 451 392.655
607 5.24574 1377 617 901.538
564 5.30272 1264 531 614.609
572 5.79707 1091 494 469.442
493 5.45644 1296 581 759.862
621 5.90478 1374 492 589.095
474 5.42771 964 492 404.772
611 6.51226 1086 527 547.046
501 6.40012 851 540 448.208
505 5.15389 1305 498 554.124
508 6.57183 1333 609 898.636
650 5.51133 1085 609 700.692
424 6.02835 1361 397 381.863
500 5.50821 1246 573 712.244
508 6.27719 1222 589 762.14
547 3.882 1034 578 548.928
392 5.42104 1307 574 746.74
537 5.69463 1286 637 916.035
596 6.58578 1133 533 585.36
504 7.75683 1504 490 682.385
547 5.89953 1313 564 739.6
454 5.22206 1163 632 797.989
395 4.65081 1142 372 263.527
644 4.99336 1305 628 874.114
614 4.7787 1300 541 638.953
574 5.31963 1360 628 925.698
288 5.79393 1147 667 899.623
641 5.88326 1056 543 550.989
551 4.58626 1362 638 921.103
389 4.67661 1356 534 645.715
563 5.12463 1143 642 805.428
537 4.81905 1450 542 716.871
407 5.09172 1327 462 483.453
540 4.86537 1318 536 638.837
551 4.82526 1358 591 798.534
411 5.88581 1257 499 553.939
636 4.42016 1193 575 649.019
438 5.38222 1204 426 378.21
483 5.13513 1288 549 664.044
567 5.26347 1141 442 383.689
482 4.31133 1333 421 386.197
455 4.91638 1371 717 1192.3
331 5.67281 1216 614 803.989
567 5.23842 1303 603 814.527
619 5.87811 1104 581 659.337
620 5.26362 1094 550 569.633
527 5.68122 1182 553 634.171
479 5.43418 1206 555 644.564
417 5.50032 1193 449 418.581
553 6.27024 1291 529 649.313
531 6.72646 1318 508 621.682
467 5.62123 1447 662 1109.64
492 5.87127 1228 625 848.439
593 4.82816 1229 517 553.119
390 5.68998 1116 474 440.074
312 4.88762 1456 512 644.698
454 5.15999 1345 379 330.879
489 5.90257 1476 611 975.882
538 5.87879 1049 497 458.444
524 4.83185 1316 668 988.963
490 4.79672 1241 605 763.547
620 5.6479 1306 636 925.473
525 6.17519 1146 630 814.473
428 6.0412 1480 485 620.068
421 5.53731 1128 720 1019.4
464 6.75242 1162 536 610.743
483 4.80084 1309 573 722.601
538 7.55535 1425 648 1123.88
665 7.19014 1394 550 782.958
286 7.23085 1273 520 639.969
460 5.17601 1297 564 707.144
515 5.07753 1228 585 716.804
533 5.09276 1362 587 801.078
549 6.90792 1189 567 703.091
592 5.03774 1199 487 484.057
607 4.10719 1338 708 1082.19
541 5.34165 1211 594 738.209
567 6.11099 1099 579 658.057
394 4.6178 1321 464 473.375
401 5.42335 1372 480 548.217
556 6.06047 1448 533 733.253
469 5.97073 1297 575 761.597
306 5.84975 1183 499 520.542
555 5.48254 1496 575 860.126
451 6.08444 1247 635 897.145
536 5.84896 1310 565 738.965
516 6.02822 1028 549 551.574
493 5.47034 1224 581 718.104
547 4.54147 1240 637 833.824
565 5.84932 1229 541 635.637
689 4.92886 1313 596 789.495
515 5.34336 1164 526 556.444
507 5.65147 978 571 558.708
498 5.30818 1303 509 582.312
482 5.92337 1227 581 734.176
523 5.42605 1341 523 636.213
616 4.99544 1347 587 788.366
427 4.39148 1142 543 553.096
479 4.06746 1093 529 492.238
595 5.8411 967 558 531.872
370 4.69719 1467 393 378.8
585 7.07474 1326 630 973.483
427 5.80385 1230 646 905.313
445 6.7643 1430 608 967.491
519 4.22476 1262 542 602.734
490 4.49448 957 533 449.319
533 5.25563 1287 464 476.761
520 6.97815 1015 467 408.131
669 4.1371 1305 576 699.977
359 6.46344 1191 481 498.875
505 4.71791 1355 594 800.208
574 5.44667 1133 612 736.742
504 4.6444 1307 551 661.448
586 4.39244 1117 554 563.161
417 6.25887 1137 464 439.767
504 5.62352 1225 581 723.65
397 5.90473 1314 333 258.078
407 4.70977 1364 581 770.304
380 5.77386 1347 525 653.974
516 5.44144 1322 419 402.845
520 6.8024 1333 540 712.361
539 6.05023 1082 612 722.075
526 6.14147 1216 560 681.935
486 6.51446 1122 546 606.717
428 6.1581 1203 513 566.525
384 4.75031 1252 556 648.955
409 5.30952 1147 608 731.431
503 4.93289 1357 484 538.212
610 5.24203 1147 371 271.465
495 6.57628 940 593 600.933
453 4.82138 1481 492 603.411
530 5.9169 1203 589 739.576
528 5.72267 1233 596 769.795
532 6.97499 1441 532 751.866
560 4.14655 1183 725 1005.9
315 6.29228 1302 636 947.349
465 5.27587 1327 530 641.993
543 7.33323 1222 707 1139.35
490 6.65513 1196 410 366.541
499 5.84951 1164 599 738.027
442 6.9452 1478 562 859.731
547 8.73402 1196 605 849.797
635 5.90326 1469 391 397.756
439 5.99129 1547 657 1186.96
459 6.46051 1155 511 545.967
341 6.50896 1449 433 492.68
427 5.97996 1321 540 684.39
464 6.5923 1230 526 619.039
596 5.80604 1190 573 689.168
467 6.37761 1195 467 470.323
465 4.89464 1403 486 559.945
449 3.73788 1336 479 482.062
356 6.65521 1308 563 755.875
552 5.3002 1348 476 526.641
711 6.2014 1449 462 554.382
599 4.85014 1085 627 719.05
532 5.81293 1390 354 307.339
496 6.78691 1401 447 512.744
423 6.48215 1247 538 653.916
542 4.82625 1187 587 688.602
558 4.09777 1027 466 359.629
492 3.68492 1435 573 738.026
446 5.44474 1216 598 754.884
457 6.45376 1158 451 426.28
497 6.53958 1255 523 623.24
663 5.02875 1206 500 512.99
580 3.30411 1412 563 679.868
383 4.8874 1278 561 679.37
498 6.05799 1358 623 939.428
375 4.82791 1397 509 609.413
430 5.40351 1222 588 732.054
492 4.29842 1227 450 405.824
748 5.6582 1504 391 402.999
352 4.51765 1339 548 665.452
462 5.71902 1211 611 794.47
431 6.35063 1186 494 521.783
563 5.34693 963 500 416.041
528 5.08732 1252 570 694.157
538 4.48104 1314 606 796.87
607 6.6715 1297 490 568.081
385 4.3904 1323 664 958.082
496 7.07633 1277 439 455.247
549 4.73285 1293 703 1070.42
670 5.83516 1276 535 645.003
676 5.41991 1279 579 743.489
325 5.82983 1138 509 520.576
346 6.44825 1130 463 438.314
432 7.20577 1246 461 491.916
273 4.36689 1300 687 1006.34
489 6.49622 1283 586 798.617
572 4.7804 1322 656 955.454
437 4.0453 1362 468 479.371
614 7.05717 1278 550 714.671
504 6.58011 1218 720 1148.05
449 6.12263 1362 443 477.633
464 4.07941 978 569 509.977
257 7.02166 991 481 423.349
590 4.17829 1188 537 555.325
514 4.13253 1146 573 608.125
520 6.48415 1286 561 733.314
254 5.29221 956 487 390.806
476 5.51656 1105 704 953.835
631 6.19449 1138 478 465.948
518 4.50852 1144 513 497.972
461 5.44362 1204 418 365.175
649 4.76157 1269 788 1322.03
678 6.63566 1031 645 781.446
464 4.74452 1170 551 595.406
232 5.16357 851 609 540.641
355 5.99946 1237 466 477.64
606 5.80132 1089 560 602.263
529 4.68115 1466 587 843.759
433 5.34575 1063 424 330.226
390 5.56555 1209 624 821.708
363 5.31699 1427 574 811.343
595 4.67021 1320 514 582.162
418 5.52363 1106 563 610.768
541 5.26784 1163 558 623.431
461 5.53756 1185 602 748.666
447 5.18057 1065 635 736.213
373 5.10446 1292 669 987.62
527 4.39753 1231 536 581.14
606 6.73077 1130 482 479.915
577 6.02613 1131 628 793.983
518 6.54978 1333 475 546.245
444 5.62721 1341 456 488.056
464 4.57914 1195 688 939.416
462 6.32459 1456 501 658.201
536 4.42199 1181 640 796.047
513 5.31137 1312 657 977.025
607 5.53817 1128 555 605.736
478 5.33919 1326 681 1062.31
767 4.34729 1267 570 674.37
505 5.66416 1326 631 925.588
570 6.58621 1432 567 837.249
510 3.04425 1162 676 787.737
476 5.05693 1368 493 566.527
459 5.31372 1206 643 860.317
329 5.30465 1201 388 311.824
550 5.46363 1192 590 720.942
353 5.14985 1121 664 846.045
340 5.10869 1054 586 618.304
348 6.60543 1327 538 699.01
416 5.48565 1447 338 287.514
424 4.39835 1424 524 642.52
434 5.05202 1459 491 599.172
497 5.43019 1166 498 501.661
412 6.00806 1332 614 893.207
352 5.01186 1341 610 848.276
522 4.27259 1207 654 841.85
453 6.53379 1169 490 509.475
608 5.64698 1375 610 896.295
689 6.69053 1133 526 572.234
612 6.69356 1216 523 607.234
480 4.67043 1121 423 334.839
550 6.37356 1055 465 411.611
499 6.02537 1259 428 410.515
518 5.79948 1217 577 714.48
557 4.9106 1310 528 617.614
592 5.87384 1125 558 619.626
497 4.78962 1278 547 642.529
532 5.68303 1211 604 775.16
542 6.06521 1517 499 673.442
538 5.3709 1370 760 1369.01
424 6.22861 1217 480 503.142
614 5.52982 1223 563 675.567
485 5.61018 1269 608 820.451
665 5.53218 1495 471 578.036
503 6.03464 1457 532 734.28
706 4.60724 1495 598 889.305
404 5.35088 1225 588 732.051
500 6.89903 1257 554 709.392
520 4.40753 1222 534 572.937
547 4.33681 1301 669 953.286
399 5.41603 1194 537 596.928
541 5.46697 1532 549 802.398
416 5.77781 1219 491 517.743
281 4.40721 1228 457 421.673
657 4.09764 1304 425 379.808
439 5.36262 1312 477 516.25
610 5.31237 975 537 485.082
510 7.19825 1200 520 602.633
501 4.0324 1253 498 498.927
568 4.32575 1068 553 534.344
623 5.34054 1244 706 1071.2
347 4.43311 1347 542 651.603
504 6.76371 1001 452 374.288
490 6.23812 1574 673 1279.71
557 5.22823 1135 554 598.588
553 6.40781 1399 674 1148.22
568 6.61247 1177 526 592.797
516 5.99934 1416 495 616.922
488 5.53105 1144 535 570.667
527 5.48627 1443 501 629.956
418 6.17742 1194 696 1035.79
635 6.01536 1094 522 530.393
480 5.37993 1235 457 446.417
398 5.9925 1321 502 591.761
415 6.02153 1188 547 632.615
592 5.19204 1312 501 564.884
485 5.04842 1413 644 998.086
653 4.60268 1451 589 837.13
617 6.77461 1291 502 595.655
280 6.29412 1280 478 526.116
608 5.57983 1473 666 1141.17
384 3.72657 1042 623 635.485
504 5.03093 1205 571 668.542
330 5.68763 1200 649 887.015
666 5.25277 1300 535 640.143
600 4.16185 1205 543 575.321
421 6.05948 1379 468 538.356
384 5.67249 1395 702 1205.65
489 3.95577 1234 559 615.895
524 3.48927 1073 642 682.277
578 4.05997 1287 468 453.417
477 5.64667 1387 486 573.894
583 5.13167 1245 516 566.931
615 5.58698 1158 600 728.363
439 6.55919 1110 506 516.349
563 4.3332 1165 630 756.842
529 4.31974 982 606 589.788
346 5.68156 979 588 593.858
613 4.3139 1372 470 495.488
489 3.92353 1248 484 465.914
520 5.2148 1172 693 966.55
486 5.95892 1294 610 854.739
369 5.79247 1088 469 421.884
417 6.17398 1222 401 351.844
420 5.34495 1023 687 834.293
442 5.3944 1306 567 727.182
513 5.78389 1303 502 578.645
566 5.09599 1283 579 734.303
436 5.93365 1261 536 642.439
394 5.86524 1072 599 680.144
362 5.82591 1375 519 653.84
556 5.90292 1044 613 694.794
610 5.20851 1078 616 702.228
549 5.91314 1227 590 756.777
459 5.89971 1451 557 797.177
580 6.56466 1285 589 810.101
349 6.3775 1434 642 1066.63
324 5.30146 1351 745 1293.02
464 6.29212 1116 666 890.42
419 5.42813 1298 583 765.286
495 4.23372 1390 460 478.458
563 6.6658 1303 585 813.291
446 7.31264 1312 504 621.238
504 4.80614 1374 716 1184.64
361 5.5799 1018 642 732.855
362 6.59377 1275 651 982.962
441 4.96301 1193 658 875.896
570 7.04536 1353 507 642.677
667 7.06239 1310 593 851.739
456 5.33453 1307 561 710.424
483 7.52923 1028 558 600.714
658 5.70986 1315 544 683.601
439 5.55713 1405 493 595.838
412 6.00381 1273 492 548.018
393 5.84885 1214 527 595.791
497 5.70672 1135 502 502.37
574 5.23791 1353 592 815.187
475 5.08944 1336 553 697.278
609 6.40063 1351 402 394.347
418 5.07006 1247 520 574.911
485 4.20927 1579 391 392.082
649 5.20205 957 497 405.682
458 3.94229 1256 465 433.371
379 6.12292 1024 487 433.983
474 4.63461 970 556 499.574
642 4.84155 1266 549 642.946
616 6.84161 1459 543 789.457
561 5.73282 1294 429 418.754
392 6.03218 1148 694 984.456
610 6.17124 1085 604 708.675
491 5.75382 1150 458 424.552
445 5.09738 1230 596 745.967
643 5.30113 1335 453 472.398
557 5.47062 1468 485 600.162
514 6.90293 1081 669 889.749
441 3.94011 1110 698 862.845
303 4.41121 1053 549 521.942
529 5.05322 1357 504 587.219
524 6.49849 1147 347 250.366
544 4.93391 1469 626 974.712
671 6.43599 1312 440 459.394
518 4.4965 1215 541 587.775
472 4.95235 1457 563 782.704
565 6.10779 1301 571 757.535
570 5.94797 1248 518 594.18
555 3.3364 1124 634 688.215
548 7.7363 1327 462 534.908
516 4.18329 1244 518 541.255
514 5.3754 1121 624 755.308
445 5.48078 1357 469 519.022
419 4.26647 1212 414 338.617
407 6.5079 1176 434 401.689
547 5.63256 1012 500 442.929
681 5.7508 1584 686 1311.74
442 5.79752 1265 536 640.814
533 5.39519 1342 606 853.586
521 6.79503 1207 368 299.484
555 4.91819 1118 593 665.122
467 4.60975 1385 503 582.982
623 6.35593 1264 643 942.341
457 6.62877 1216 385 328.298
495 5.03035 1290 616 832.93
482 4.64969 998 623 645.881
485 4.97349 1339 490 545.466
420 6.51794 1047 526 525.511
519 6.16115 1401 521 680.588
334 6.19956 1219 562 690.084
469 5.98924 1135 383 295.918
660 5.1834 1054 513 475.6
425 5.25907 1231 597 755.031
376 5.91865 1351 522 652.401
453 5.44748 1288 563 708.812
507 5.79899 1316 498 575.511
395 4.94218 1180 657 862.791
465 5.39337 1316 629 901.717
292 3.34789 1313 594 706.387
613 6.10982 1206 586 739.658
496 4.9103 1181 584 681.157
550 6.57384 1184 615 814.053
520 7.05287 1271 531 662.403
505 7.05481 1222 529 632.119
375 4.20382 1350 661 957.696
591 5.35911 1193 499 513.641
568 7.2282 1453 657 1165.96
355 5.22049 1490 446 509.104
446 4.60725 1134 471 418.468
485 4.20306 1042 602 613.099
388 6.48005 1386 583 853.409
397 4.5907 1235 598 733.954
587 4.11636 1134 596 650.35
500 4.85996 1168 544 582.99
423 6.35187 1327 591 835.638
418 5.01301 1359 518 619.945
563 5.73452 1465 518 691.256
474 5.24985 1193 501 515.088
536 4.85136 1111 732 1003.6
493 5.54172 1324 445 457.158
501 5.02161 1242 563 669.58
668 4.52747 1249 535 591.96
453 6.12354 1100 557 609.857
546 4.7082 1368 524 628.358
638 5.38707 1181 470 451.68
562 6.323 1022 542 540.685
408 5.20127 1243 575 705.264
422 5.83534 1140 456 418.641
596 6.7439 1472 690 1281.74
541 3.85618 1373 687 1027.85
316 6.76895 1073 499 489.075
555 4.45717 1450 555 736.53
462 5.35721 1488 605 941.658
516 6.4329 1183 555 658.972
467 6.12129 1215 640 889.247
401 5.43651 1013 436 334.166
417 4.06866 1143 493 447.114
483 6.00049 1369 592 853.148
577 5.87024 1343 590 826.844
636 4.71483 1238 516 551.616
460 6.86244 960 620 677.705
374 5.87078 1309 452 473.009
376 5.7803 1178 596 737.278
571 6.1095 1167 586 715.729
591 6.37772 1119 582 684.026
454 4.72198 1385 462 494.904
569 6.91886 1182 570 706.632
440 6.22341 1360 665 1078.98
528 5.28773 1243 591 748.168
604 5.55746 909 471 351.86
432 5.83467 1349 599 854.792
463 6.30879 1274 653 977.812
475 5.93438 1149 533 578.862
619 4.87039 1014 569 554.016
517 4.8 1353 542 668.231
530 6.03748 1648 562 926.955
443 4.07566 1026 682 768.414
401 5.77069 1171 677 945.257
712 4.90045 1419 649 1010.23
574 5.25672 1126 428 354.924
549 7.15792 1106 604 748.381
474 6.25233 1329 637 968.546
450 4.24755 1209 649 829.1
459 6.3666 1327 578 799.726
561 5.10734 1260 601 777.422
546 5.99239 1058 603 683.84
460 5.84112 1188 572 686.627
605 4.33939 1144 542 550.284
470 6.46758 1160 462 448.331
612 6.11533 1213 600 780.094
429 4.28278 1539 513 660.877
336 4.64706 1337 551 676.732
426 3.94814 1313 521 568.957
680 6.63594 1272 669 1037.2
558 4.87105 1382 499 580.744
487 5.869 1203 451 432.752
564 4.97578 1193 568 653.106
462 5.51356 1357 578 789.482
499 7.27029 1222 500 568.704
430 5.82684 1352 534 680.629
534 3.79456 1236 615 738.236
583 6.18383 1350 716 1239.7
613 4.93718 1229 550 629.589
429 4.80565 1491 536 720.393
612 6.27295 1104 475 447.732
428 5.7751 1578 636 1124.39
409 4.95947 1342 609 843.856
527 4.73063 882 541 432.371
608 5.05106 1300 505 564.727
618 4.56996 1227 638 829.031
578 6.04666 1203 568 691.436
592 6.97639 1229 609 840.35
428 5.31437 1136 560 614.692
503 6.39104 1356 613 920.016
445 4.00747 1124 489 430.807
353 4.91894 1036 562 553.605
417 6.55765 1236 453 460.797
410 5.00666 1215 631 822.183
460 5.41953 1159 621 775.008
508 5.44836 1329 382 336.719
584 5.03121 1118 609 705.59
526 6.61225 1295 309 225.082
462 4.87328 1378 718 1199.01
584 6.94944 1294 529 666.996
516 6.28149 999 481 415.586
467 6.39796 1474 390 404.906
438 5.63726 1086 572 622.193
655 5.92794 1355 650 1014.97
577 6.08958 1213 595 766.359
483 5.5593 1058 635 744.446
433 5.68369 1378 322 250.696
610 5.55767 1074 401 301.343
430 6.17981 1314 649 991.23
410 5.67377 1132 537 572.523
502 7.04 1379 493 619.241
494 5.65796 1356 468 520.534
582 5.55455 1198 646 872.228
512 6.17792 1165 449 420.606
455 4.78797 1031 586 594.843
478 5.50634 1255 455 452.305
613 5.52481 1194 494 507.675
551 7.08871 1486 621 1060.49
329 6.39068 1322 528 665.439
522 6.08198 1410 487 596.599
506 5.39334 1256 553 665.2
483 5.19867 1313 387 337.425
520 4.84116 1365 611 858.622
606 4.58308 1178 578 653.75
471 6.91609 1342 508 637.184
514 5.65132 1158 647 849.353
368 5.5816 1547 613 1015.42
543 5.12384 1391 592 833.42
474 5.52756 1143 673 902.106
509 5.95007 1371 525 670.56
535 4.87233 1254 628 834.683
417 5.12013 1227 437 400.517
613 5.51221 1509 608 971.351
460 6.64281 1046 425 344.304
409 5.03013 1263 643 888.541
517 6.05341 1239 491 532.282
568 5.73525 849 456 310.451
443 7.12727 1358 420 443.87
475 6.28182 1291 679 1070.23
676 4.74735 1109 588 642.802
446 4.99235 1308 471 492.794
419 7.4883 1282 378 343.344
341 5.32448 1336 498 571.973
465 4.83494 1301 593 770.601
536 5.28004 1538 500 662.354
475 5.4193 1264 583 744.936
431 5.32737 1356 396 367.13
507 4.98339 1348 622 885.293
593 5.14678 1283 586 754.063
535 6.11428 1365 508 629.253
208 5.06366 1144 556 602.787
396 5.72574 1328 487 553.647
480 5.95315 1293 491 553.22
437 4.26865 1028 469 368.641
482 4.96381 1322 511 585.399
391 5.27231 1261 481 502.387
END
