Delay, Zoom, Max Iter, Resolution, Estimated cost
405 5.25436 1403 732 1293.42
470 4.64633 1349 828 1541.83
492 4.27055 1543 836 1758.31
636 6.31378 1759 646 1321.52
360 5.56851 1499 461 556.138
556 5.72234 1432 992 2476.74
810 3.53794 1527 811 1555.47
146 5.42436 896 819 1042.35
696 3.26646 1403 467 463.276
451 5.38238 1136 702 969.043
410 4.53802 1693 682 1304.71
449 6.77838 1312 493 583.91
489 6.87102 1154 728 1123.52
444 6.27802 909 665 722.693
520 3.48192 1279 313 193.194
471 6.29708 1606 555 890.013
601 4.76503 1506 462 539.408
317 4.84401 1422 574 789.544
421 4.0175 1693 354 340.295
646 6.39908 870 457 328.169
493 7.44517 1221 668 1019.87
432 5.96775 1023 802 1168.48
388 5.78562 1326 720 1211.44
251 5.91043 1286 868 1716.53
419 4.52965 698 600 416.136
632 3.52173 1317 518 546.597
545 6.58373 1269 649 971.981
289 5.10928 1038 408 295.187
272 5.82076 1256 529 620.356
537 5.33371 973 592 588.919
428 4.34771 956 722 816.423
261 3.69611 1063 445 330.011
375 6.13477 1653 486 698.014
310 6.48245 1201 600 783.323
403 6.34561 1493 507 691.743
555 4.3711 1215 599 715.205
654 4.32318 1565 593 900.233
378 4.65474 1761 624 1143.66
693 4.9211 1598 601 976.657
506 6.13248 1559 660 1213.98
505 6.82699 1022 669 838.99
404 3.49508 1441 454 458.427
486 5.95122 1143 605 742.436
797 7.13325 997 686 869.533
599 5.4018 1243 587 742.045
605 5.29031 1223 426 382.518
490 4.39708 1345 433 414.361
648 4.86202 1515 945 2282.15
585 6.49911 875 261 108.057
321 4.84585 1137 621 738.991
374 6.80568 1604 376 415.635
584 6.07854 1480 527 733.211
799 7.94907 1311 602 902.863
469 5.27154 1521 514 691.947
476 7.29433 1229 738 1247.02
633 6.43094 1725 423 558.128
593 4.15221 1121 532 513.431
309 7.89123 1075 571 664.938
529 6.40439 1288 595 823.725
344 6.31055 1285 457 483.086
600 5.94054 1203 601 770.771
518 7.66944 1095 616 783.127
572 6.62789 1374 411 422.737
399 5.83265 1114 434 370.529
323 5.83206 863 525 420.026
413 8.0182 1131 518 577.839
499 6.1679 1375 668 1098.35
739 7.01377 1328 622 948.417
559 8.72557 1216 797 1499.1
458 3.30644 1415 782 1314.71
633 4.54905 1243 765 1206.03
422 4.81422 1120 398 298.501
581 2.54977 1166 533 465.9
532 5.93011 1403 496 611.991
578 6.01042 1094 214 89.1246
488 5.67939 1524 746 1487.88
450 5.56275 1282 502 563.849
358 5.2619 1188 427 372.811
535 6.45247 1279 412 392.896
496 5.57873 1334 513 613.152
623 4.88897 1043 480 405.931
632 7.41653 1187 443 435.659
549 4.72303 1485 637 1008.83
554 6.17587 1383 664 1091.89
525 6.33043 1173 664 931.649
524 4.93212 1083 614 691.243
261 5.77137 998 487 416.885
323 5.22309 1081 639 758.285
563 5.07826 1474 557 780.035
362 4.06476 1303 628 826.855
752 3.45468 1099 477 384.686
267 5.46975 1067 645 771.481
735 8.24913 952 243 107.73
330 3.96893 1199 813 1266.95
622 4.21006 971 506 403.816
501 5.13413 1473 429 463.694
185 6.21785 1461 471 581.336
693 4.02076 1335 620 823.289
481 5.57066 1413 672 1114.04
512 7.30148 1186 456 459.54
650 2.78396 1424 351 253.449
530 6.50429 989 549 540.489
484 1.57515 1218 631 580.654
633 9.16605 1179 300 208.207
629 5.98921 1248 507 570.175
784 5.31701 1517 754 1488.28
258 6.59987 1599 472 648.176
636 5.34231 1125 646 811.135
255 7.1115 1133 497 518.292
332 7.68117 1560 308 279.02
582 6.16456 1450 515 688.354
442 8.07418 1300 371 341.243
457 6.24392 1342 628 950.27
502 5.03532 1821 375 435.852
233 5.89786 1152 428 373.666
430 5.09615 1493 610 948.45
371 7.30659 1445 422 479.592
415 6.75533 1308 607 881.764
470 4.42636 1061 870 1321.89
628 4.42314 1322 666 965.025
480 2.78751 1499 771 1287.78
225 4.61499 1445 141 47.8084
71 6.11338 1267 480 521.446
427 5.97077 1349 519 645.353
743 4.67181 1183 642 814.024
483 4.80897 1253 470 465.571
313 7.00564 846 508 402.902
356 4.76728 1194 722 1044.58
226 8.19406 1487 443 558.402
621 5.80284 1271 360 290.51
664 4.80578 1232 452 423.304
672 4.36054 1270 349 253.616
1000 5.86926 1439 388 383.133
62 5.79044 988 426 316.051
360 6.27682 866 551 472.659
375 5.85311 1245 346 263.423
554 2.54754 1250 653 749.479
557 6.69221 1122 755 1167.58
631 3.9366 1474 687 1109.7
477 6.6494 1188 444 426.891
601 3.06385 1398 332 229.024
310 2.98434 925 572 446.356
572 4.38765 1057 519 467.567
535 6.25979 1441 538 749.325
403 5.23857 1316 507 581.569
322 4.96655 1292 638 891.957
443 9.22601 1437 459 594.905
488 8.10178 1181 460 476.954
380 6.14793 1378 680 1139.76
233 3.65954 1743 682 1267.49
445 7.1078 1107 340 236.965
594 4.09258 1215 714 998.474
336 3.46402 1238 368 258.118
631 2.39977 1320 578 608.642
620 6.11186 1392 697 1207.89
543 6.99407 1543 554 873.611
708 4.10788 1309 586 725.33
441 4.27181 1127 561 578.363
659 3.37826 1540 559 735.639
716 4.89596 1113 531 530.309
264 4.97134 1279 769 1283.13
459 5.58429 751 445 259.803
614 6.07792 1141 633 815.508
504 7.57941 1277 632 958.735
667 5.87375 1236 549 658.977
541 6.28433 1388 711 1261.77
597 2.9153 1175 746 957.766
796 5.37698 683 692 565.997
427 8.29867 1355 583 883.799
299 5.09148 1304 561 700.482
390 4.7225 1470 512 645.145
787 4.7442 1265 655 909.682
705 5.55054 1401 792 1532.92
757 5.623 1419 758 1426.76
358 5.74882 1219 524 588.945
629 4.41025 1756 705 1435.25
371 2.63409 1332 666 839.332
574 5.21104 1318 690 1077.37
501 5.99492 1056 425 339.094
289 7.78036 1071 638 824.37
550 6.29797 1216 301 198.219
437 3.83256 1061 515 445.6
334 6.37952 1379 601 898.958
449 4.75546 1349 600 814.512
869 5.68056 1275 722 1166.03
237 4.2871 1004 716 840.085
737 3.90993 1285 621 788.997
590 7.04279 1381 733 1371.02
553 6.41154 1540 259 186.668
764 6.50153 976 711 894.521
641 4.29218 1053 644 713.018
569 5.26387 1025 532 499.35
641 5.24069 1427 431 455.777
335 4.57343 1541 516 681.198
405 5.11415 970 543 488.715
639 7.02007 1538 610 1056.64
606 3.57384 1449 538 651.391
621 5.21121 1151 537 569.874
346 8.44043 1109 762 1240.45
762 8.74441 996 423 346.042
685 6.69645 1181 532 610.291
315 2.99883 1036 458 320.964
577 5.63309 1268 559 693.691
356 6.67323 1042 617 723.674
340 4.59496 1508 522 683.041
573 5.57305 1041 660 791.782
575 7.85251 1482 479 644.363
403 6.38746 813 431 272.647
281 5.00992 599 552 310.249
698 5.36023 1289 322 231.103
526 3.65415 1176 486 434.09
220 6.23909 1236 336 250.49
369 6.41505 1063 865 1437.38
413 6.26061 1219 678 1006.74
422 8.22402 1251 608 885.63
417 5.01503 1531 546 776.031
668 6.08868 875 637 633.591
566 6.90712 1251 359 296.55
465 5.16078 1161 528 554.351
887 2.81657 1098 605 582.636
603 6.26255 1166 584 714.516
451 4.02594 1027 404 269.012
496 5.09513 1530 398 413.743
459 7.73974 1124 484 497.309
502 5.33123 1403 272 179.244
394 4.79958 773 687 613.357
644 6.94596 1106 660 887.298
427 4.49953 1257 558 647.024
340 4.83988 1051 449 356.987
283 5.80159 1853 464 703.556
483 4.97707 1210 432 383.202
391 3.43171 1515 588 804.304
457 4.73692 1605 558 837.311
681 7.33868 1405 782 1602.92
1000 8.81602 1066 625 810.024
855 7.07275 1308 531 682.137
542 5.12014 1340 570 744.163
681 4.60403 927 565 492.158
496 4.88662 1363 506 589.425
558 7.23862 1153 481 496.08
256 4.54355 1038 460 364.032
525 6.09674 1193 475 480.496
447 5.65467 1285 448 451.954
415 6.00307 1589 497 698.007
406 5.14847 1246 361 277.942
375 6.51517 1134 631 819.014
583 5.20051 998 539 497.55
290 4.96697 1504 493 619.999
444 5.86693 1170 410 347.806
557 3.14343 1027 329 166.457
534 4.47915 965 450 322.664
579 5.52835 1273 354 277.992
539 6.33426 1173 569 684.233
530 4.15071 1032 426 303.047
670 2.98817 774 386 170.148
363 4.68536 1212 573 664.847
434 6.9991 1268 692 1120.31
211 7.58782 937 647 737.451
661 5.16072 1673 683 1336.66
666 5.76778 1132 650 842.238
626 4.98333 1371 580 782.904
692 3.45468 1370 580 709.003
579 3.3036 1166 805 1147.74
578 6.248 1007 516 481.474
625 5.41545 1579 791 1712.74
754 3.47908 1225 455 390.924
475 4.44355 1256 684 968.251
493 5.28454 1169 608 744.576
561 6.95286 1057 441 378.687
385 3.25343 1174 594 626.457
400 2.00433 1111 380 208.873
484 2.93904 1053 659 671.407
529 4.35705 1315 449 434.559
526 3.09195 1246 350 227.462
459 5.68736 1017 612 668.465
558 4.49071 1557 369 350.295
280 4.83059 983 658 716.717
273 5.47784 1316 349 278.682
705 3.23264 1245 731 1004.28
290 5.77772 1462 344 304.797
602 6.55193 1334 514 640.157
649 6.08799 1162 543 611.387
411 4.62586 1366 676 1039.46
398 4.89891 1390 624 914.737
340 5.00725 1441 598 875.816
544 5.1705 1336 499 570.033
304 4.43751 987 606 597.025
558 5.78142 1486 479 600.764
399 4.47549 1252 596 734.179
85 5.26738 1218 729 1114.38
549 4.20204 1266 652 873.716
666 4.95596 1002 423 303.914
0 3.2124 1344 512 530.889
422 4.82763 1365 792 1441.64
412 6.3471 1210 711 1102.6
745 5.28502 1197 500 515.622
496 4.41384 1163 812 1261.27
484 7.70513 1239 563 740.985
452 6.54012 1314 613 896.464
407 6.34932 1551 651 1184.96
326 6.14825 1242 740 1216.56
861 6.18128 1115 445 395.466
632 5.41974 1204 721 1085.28
210 3.31578 830 614 475.802
197 5.06041 1126 624 747.179
523 4.70662 1106 362 242.434
323 8.63325 1306 423 452.448
605 4.56435 1435 381 345.659
305 6.79943 1592 475 658.215
630 5.77568 1083 550 577.114
570 4.64137 1252 631 830.819
437 7.13853 1339 776 1494.59
528 6.3977 1121 409 338.669
435 5.13414 1229 480 484.339
675 6.12805 814 440 281.665
496 5.04874 1456 703 1225.56
648 1.86262 1881 439 460.431
587 6.5234 1935 695 1695.9
461 4.77806 1310 864 1642.16
507 5.99184 1472 577 871.132
694 6.89447 1310 612 902.065
796 5.3851 1229 262 146.05
722 5.04907 968 396 258.544
423 5.25511 1400 366 322.675
624 4.10419 1194 741 1057.64
542 4.34522 1395 673 1034.95
464 5.46583 1552 489 644.871
545 4.03617 1424 476 518.157
682 5.69748 1312 525 634.89
588 2.7857 1291 788 1158.31
680 6.02074 1223 606 799.293
474 6.71816 1286 560 736.911
291 8.46366 1383 515 707.04
343 3.49321 1028 439 305.739
462 4.89403 848 572 468.802
415 4.92641 1392 389 356.513
540 7.81376 1107 549 631.555
543 6.01143 899 831 1104.41
370 6.01944 1584 714 1437.02
760 5.21455 1054 523 495.073
691 4.86639 1297 508 564.723
606 5.80998 1356 532 677.056
298 5.13507 1249 319 217.41
576 3.89989 1008 431 297.92
493 4.85722 1440 478 554.85
523 5.6727 1557 610 1016.08
590 4.75989 1159 466 422.224
486 7.1681 916 606 624.136
673 4.84394 1590 673 1213.61
580 7.49408 1587 609 1103.44
392 4.5009 1205 802 1281.41
544 4.26389 1273 365 276.408
649 6.51024 1404 781 1553.14
393 6.13525 1105 371 271.917
493 4.49043 1070 487 419.303
504 4.26312 1062 294 149.601
499 3.84488 1528 734 1304.71
659 5.47033 1036 635 726.04
554 5.07719 1426 529 680.635
471 3.76464 1102 636 702.386
294 6.50007 1350 687 1155.12
379 7.98474 1449 558 858.236
454 3.13391 1062 411 268.389
324 6.71622 1197 643 904.241
674 7.49852 965 534 515.947
634 4.66418 1532 583 868.948
546 5.28633 1552 524 734.308
587 5.56943 1560 654 1164.87
563 4.51257 1193 618 753.814
483 6.01631 1367 690 1158.04
617 3.8416 1269 418 351.325
709 5.70831 1086 409 319.1
508 6.01181 1179 476 475.231
322 6.03359 1510 676 1228.66
447 7.27258 1860 746 1927.07
682 7.33527 1103 601 743.191
517 3.43493 1508 475 522.585
311 3.75139 1584 345 296.791
499 4.67576 962 488 382.554
538 5.65283 1065 658 807.981
379 6.61608 1187 236 120.362
471 2.51099 1450 474 456.042
721 5.43635 1367 470 524.011
637 7.0258 1270 694 1129.58
558 5.83971 1365 647 1009.32
393 2.24467 1600 534 616.462
667 4.74857 1207 676 924.742
303 4.59228 1330 783 1355.23
432 5.38798 1233 587 735.602
462 4.75542 1416 443 466.072
392 3.54355 1355 622 812.259
558 5.91918 919 512 426.956
304 4.63022 1839 375 430.74
412 5.63197 937 564 521.795
573 3.40152 993 419 267.02
369 3.31246 1349 629 811.334
616 3.9474 1312 717 1076.69
635 6.72738 848 430 286.597
514 4.69489 1121 749 1051.26
336 5.87318 1151 503 515.12
405 3.63494 1362 728 1126.43
587 6.34025 1255 474 508.137
445 5.95065 1523 548 811.62
363 6.59102 1189 372 299.288
728 4.56295 1654 536 788.453
139 5.66417 1046 532 519.004
644 5.89738 1082 502 482.803
277 7.40612 1312 301 222.235
141 6.56379 1172 436 404.848
624 3.5762 1225 485 447.619
405 6.08591 1347 582 814.118
283 5.95711 1205 608 790.681
782 6.46717 1684 580 1025.77
611 4.61184 933 556 479.901
588 6.94345 1182 390 331.083
634 6.48227 1481 609 995.136
506 2.62716 1299 598 659.391
614 5.2729 1318 290 190.879
392 5.86719 1271 568 725.154
572 6.20415 1010 690 862.031
595 3.80888 1039 574 541.147
673 3.04482 1155 257 113.176
211 6.40442 1357 464 527.775
673 4.61494 1122 474 419.514
786 7.2689 647 468 263.786
319 3.58045 1471 396 358.457
503 6.29747 1572 477 643.518
411 3.05653 1176 408 290.751
765 5.45507 1553 500 674.313
484 4.87873 1004 514 447.828
659 4.08241 1432 538 667.699
439 6.71758 1341 390 372.69
570 6.40841 896 380 233.762
377 6.12337 1218 602 788.792
422 6.67127 1108 546 602.559
244 5.23714 1350 707 1160.04
653 5.60986 1193 600 751.14
638 8.1157 1367 831 1802.4
401 4.94657 1496 295 220.58
678 4.08904 1555 405 411.058
503 3.60441 794 402 199.763
698 6.14087 1320 545 701.117
570 5.06641 1110 568 610.475
583 4.97907 881 463 320.522
575 7.07482 1174 565 693.218
255 9.18503 1158 659 987.228
515 6.08547 1482 482 614.34
691 5.76363 763 384 198.094
463 3.73498 1333 495 513.538
300 6.79883 1247 484 535.286
569 3.21164 1157 560 546.694
551 4.91892 1173 482 461.062
456 5.15457 1068 393 282.429
252 5.8203 1492 399 419.224
459 4.607 1776 438 566.751
396 7.23534 1197 567 715.561
468 6.83351 1242 425 411.577
536 6.90795 1362 449 505.049
494 5.6159 1015 500 443.915
822 4.69853 1730 458 606.741
424 4.41194 1293 568 686.062
444 6.66235 1161 442 413.631
438 3.29761 1118 432 316.766
749 3.70139 1623 591 889.08
543 6.55892 831 616 572.898
350 6.41005 1310 641 972.55
825 5.1248 1173 494 489.402
395 1.45098 1455 649 711.92
258 3.16623 1051 747 880.019
585 7.27241 1399 337 295.789
613 6.06172 1462 693 1251.6
195 4.13226 1182 480 440.141
262 5.80778 1307 597 821.723
712 5.90362 1067 527 524.848
547 7.02142 1521 543 828.057
357 6.75277 973 328 191.509
360 6.21691 1280 592 804.587
708 4.2837 1303 517 568.326
626 6.66216 1007 655 787.853
258 5.56424 1238 443 424.057
440 7.43927 1129 529 591.292
556 4.52134 1152 657 823.098
426 4.3557 1506 116 33.2151
573 6.62056 796 618 553.573
398 5.55172 1316 474 515.781
589 4.64314 945 597 561.393
663 5.66491 1073 523 514.556
296 4.74549 1423 564 758.77
355 6.0461 1232 393 338.981
70 7.08913 1198 561 697.74
544 4.20871 1099 549 537.983
191 6.04313 646 346 137.757
602 6.22798 732 590 457.216
496 5.91832 1329 472 524.712
292 3.2301 1662 456 521.569
395 5.89889 1036 449 369.841
499 6.90362 1119 618 785.972
168 6.38309 1037 674 850.322
317 7.59297 1357 403 414.422
504 4.70671 1279 629 846.436
422 5.91872 890 503 399.067
618 1.99012 1368 329 192.33
238 5.33044 1456 669 1125.24
677 5.81828 1055 589 645.918
250 6.643 1178 636 868.35
532 5.85723 1463 779 1569.37
718 6.12997 1155 461 438.753
593 6.23466 1080 672 875.349
720 4.24919 1059 406 284.239
748 6.62717 1251 356 288.766
834 7.98511 904 344 203.498
282 5.52703 1210 553 644.772
682 7.05407 949 515 465.25
444 4.62167 1108 720 956.239
524 5.03561 1328 584 770.898
457 7.17072 1200 480 513.026
481 6.75804 1004 483 428.585
710 7.0196 1439 596 943.753
622 5.13542 1051 283 143.985
357 5.2237 1156 549 598.577
436 7.8829 1230 555 718.599
514 7.02576 1403 277 198.798
418 3.95773 1463 556 722.471
454 4.9481 1089 506 472.449
316 3.69097 913 790 892.962
622 4.57039 1576 523 715.576
520 3.6552 986 418 269.255
246 3.93623 1012 478 368.824
367 5.09328 1905 355 409.812
300 6.59111 1060 138 36.7187
268 6.47446 1433 426 471.013
470 7.79139 1471 615 1052.44
530 5.01122 1317 696 1084.52
409 4.67214 1359 540 661.603
340 5.42752 1535 594 939.466
328 5.41782 1218 636 854.214
552 4.54991 1129 712 948.941
480 6.90892 1432 547 788.127
700 5.02755 1055 602 650.49
700 3.28376 1016 527 427.879
595 5.20909 1302 382 326.173
183 6.50392 1399 592 888.998
473 2.09142 1396 547 551.543
399 6.47058 1079 529 546.811
540 4.47202 1250 610 767.691
563 4.85332 1159 560 612.812
344 5.63399 1649 557 895.718
584 6.87697 1129 613 779.503
356 4.94522 1393 430 436.364
346 6.54769 972 804 1141.08
572 5.55888 1313 504 581.993
344 4.43967 1134 592 654.7
503 5.35732 1264 602 791.994
648 3.57689 1050 383 239.276
565 6.18068 1131 464 436.117
619 4.57344 1044 489 414.467
504 4.73164 1521 488 606.718
235 5.30132 1068 708 923.149
348 4.4765 1207 535 570.356
643 4.14649 1131 446 363.936
505 5.23685 1301 459 471.19
395 6.94984 1114 532 580.754
265 4.50737 1359 565 717.516
510 5.57913 1447 636 1022.28
536 5.12048 1227 597 747.505
219 5.32454 1059 615 691.446
548 3.55153 1338 511 541.684
228 4.23173 1546 486 593.938
561 5.10738 1074 697 891.268
473 4.02853 1512 759 1398.14
474 7.57509 1137 451 434.64
500 6.87305 1422 555 804.693
477 5.55845 1433 397 394.104
554 5.88162 718 414 217.758
200 4.85531 860 663 637.44
777 7.81488 976 588 638.759
305 5.23037 1079 609 687.723
621 4.71569 1425 508 615.431
550 5.2741 1514 549 785.853
477 6.39563 1363 526 681.016
399 4.38293 1660 627 1071.41
450 4.21848 1199 454 401.63
536 4.28189 1336 894 1742.23
501 6.73903 1087 1000 1987.69
518 5.09261 1102 774 1126.89
578 4.62121 1140 716 972.93
491 5.28806 1369 539 685.395
599 6.02191 1114 791 1240.49
305 5.54136 1306 495 557.962
643 6.93079 1242 500 571.563
559 5.57246 1130 685 925.797
469 7.27518 993 800 1183.24
459 3.06392 1385 344 243.594
684 8.34463 1380 485 623.709
401 6.11066 987 688 834.443
803 5.13744 1184 639 827.064
531 6.15698 1379 510 641.807
566 5.62094 1450 508 654.766
484 4.53815 911 566 483.551
440 3.18557 1601 663 1057.87
497 4.43496 1329 611 817.094
399 6.66901 1457 687 1254.33
381 3.82577 1586 421 444.909
617 2.3796 1130 472 346.529
117 5.01851 981 409 279.069
679 5.71442 1202 581 712.889
437 3.90526 1428 450 460.257
776 7.05122 1277 372 326.619
366 7.4938 1318 591 863.024
269 5.09758 1135 508 500.091
312 6.29829 1520 552 833.31
442 7.90944 726 264 96.0448
373 5.08827 1300 539 644.533
254 3.7445 836 476 298.028
537 4.97419 1306 692 1061.12
751 3.26176 1123 608 628.283
444 5.62466 1285 352 278.644
338 6.18398 1462 603 952.231
333 3.84066 1412 449 451.018
541 7.73635 1018 743 1061.33
350 5.22815 884 561 478.067
678 5.99986 1285 328 245.82
311 6.88586 1585 524 799.885
350 5.34927 1323 619 876.11
479 3.99829 1126 786 1114.32
385 4.27945 1297 609 784.751
682 5.33618 1084 529 523.951
599 6.06788 1157 539 599.337
486 3.10685 1515 717 1162.29
493 3.1378 913 627 537.179
430 4.79962 1674 555 866.887
206 8.08739 1478 818 1886.76
526 7.41038 1579 722 1539.08
338 6.37 1728 456 648.251
402 6.52937 1643 573 979.022
528 4.73255 1220 789 1272.19
539 4.34451 1396 716 1172.22
403 5.21008 1205 463 443.486
712 3.0062 1211 718 922.726
244 5.30033 1251 373 300.116
663 5.91836 1318 673 1057.93
535 5.09449 1164 631 791.172
704 3.87857 1319 551 636.183
330 5.7764 1332 449 473.062
265 8.20678 1568 572 982.018
354 6.17858 1043 496 459.533
301 5.98069 1362 408 402.832
443 3.0678 1396 449 418.445
371 6.92419 1175 662 947.674
616 6.06128 1149 661 894.887
356 5.6416 1037 556 561.454
585 3.91899 1397 392 342.004
451 5.10195 991 406 278.963
520 6.16026 1292 637 938.204
384 3.34921 1180 336 203.149
508 7.40623 1397 303 239.789
793 4.39109 1200 485 463.649
557 8.24257 1427 603 994.188
393 5.03189 1292 799 1403.61
201 4.34286 1359 591 777.408
244 5.58894 980 805 1109.67
625 5.40963 1570 706 1356.28
573 6.80466 1910 529 979.628
546 5.21105 1309 327 240.318
262 4.66716 1377 327 245.753
609 7.05342 1203 412 377.447
353 6.28946 1346 361 315.498
551 6.49426 1097 307 187.4
696 8.35657 1276 347 295.304
462 5.64774 1104 447 386.444
456 3.70399 1091 764 998.948
375 5.21761 1216 692 1000.08
400 6.98498 1111 439 394.86
756 6.68009 1393 321 261.922
462 4.5689 944 590 545.425
313 5.61323 1154 621 778.452
380 4.89416 1278 751 1217.91
605 4.5264 994 649 693.221
555 6.19106 1017 437 347.989
689 6.82642 1633 569 969.741
616 3.48667 1820 538 812.523
358 4.40611 1188 876 1498.79
554 6.40137 821 542 435.637
184 6.88339 1131 582 704.056
397 5.57056 1307 304 210.883
597 7.15324 1208 593 787.778
435 5.3501 742 629 507.388
174 2.94613 1026 500 376.863
300 5.15757 841 450 291.634
481 7.17144 1375 715 1304.37
425 3.66146 1398 866 1639.4
609 7.90436 1419 292 229.622
894 4.73266 1551 538 752.001
399 4.29814 1417 641 950.926
410 5.07876 1111 677 868.578
296 5.82413 1313 520 626.719
524 6.24001 1564 422 500.001
700 3.59207 1608 534 713.174
520 6.35622 1021 509 476.985
556 4.91455 1353 411 386.589
935 5.14859 1331 443 447.106
534 5.07683 1564 533 757.821
369 5.998 1381 414 420.85
560 7.02358 1443 470 588.607
630 5.09292 1281 660 952.494
564 2.38413 1460 465 434.807
558 5.65491 1287 648 947.039
494 2.5431 824 592 405.844
444 6.92074 825 393 234.473
459 6.49793 1304 593 831.249
449 7.31323 1228 326 243.279
319 3.89662 1502 356 302.799
548 6.5641 1024 659 808.105
576 3.82422 906 279 111.607
575 7.28066 852 461 337.179
536 5.56284 1097 592 670.995
308 6.68081 1020 467 405.935
651 4.37442 1036 584 579.793
228 2.96046 1279 516 501.059
384 5.99978 1089 632 773.44
663 4.61343 1739 631 1152.17
560 3.24281 1344 476 460.103
520 6.64776 1236 741 1236.98
388 6.9242 1393 493 623.089
810 4.17537 1441 580 785.636
614 6.6603 1140 478 474.969
569 5.2364 754 678 595.82
730 4.53473 1113 450 373.358
581 5.61547 905 545 470.248
253 8.6737 1331 597 919.446
544 3.37633 1217 551 564.733
460 4.57051 1511 484 587.562
701 5.75566 1641 626 1131.86
696 4.73245 1273 510 554.633
308 6.46625 1241 286 183.797
702 6.14674 1447 604 944.205
534 5.7342 1275 669 1003.46
530 5.87476 1412 419 438.519
846 6.48583 1389 603 915.139
610 3.95853 1115 303 163.535
453 4.14873 1075 487 412.498
632 6.20193 1055 630 750.584
244 1.65756 1346 703 811.198
576 6.02368 1469 404 426.747
424 3.90769 1178 808 1224.3
388 4.6122 1222 289 169.823
358 6.32474 1260 533 644.687
345 7.94337 1054 504 508.694
558 5.91812 1442 351 314.839
494 5.31803 1361 619 899.948
349 5.08411 1280 750 1228.47
313 3.7413 1777 492 676.632
396 4.20382 1483 586 826.851
540 7.52703 1264 517 634.024
608 5.20907 1275 409 366.156
411 4.81723 923 401 249.76
366 3.92115 1239 377 280.597
69 5.65665 982 484 403.158
599 5.2508 1461 504 638.406
183 3.52843 1587 346 294.024
427 4.21137 940 422 271.927
926 6.00554 1628 705 1439.13
782 6.10787 1294 775 1388.01
493 5.00179 1079 603 666.625
146 3.67925 782 505 312.259
498 4.29198 998 642 671.577
631 4.53775 1180 405 320.681
479 5.49951 1496 443 510.939
498 4.91671 1258 470 470.103
508 5.63104 1506 378 376.697
548 6.38848 1634 537 850.694
374 3.02944 1292 484 448.347
505 6.65056 1381 688 1191.58
398 4.75874 1321 807 1443.15
385 2.17939 1222 504 415.43
666 6.56183 1233 752 1266.95
538 5.13903 1313 536 645.378
731 5.13408 869 427 271.012
633 2.2012 864 460 245.468
757 5.05104 1360 683 1080.67
715 4.3485 1313 453 441.433
562 4.88047 1409 350 291.433
382 5.73151 1671 599 1054.18
320 3.1776 1448 361 283.453
551 5.56406 1157 640 827.154
611 6.62092 1363 663 1090.97
525 4.31326 971 641 652.231
437 7.08515 1390 653 1096.72
587 4.79042 1568 661 1151.21
450 5.06515 895 669 682.804
694 5.31486 1137 646 818.726
407 6.67234 1215 460 469.011
528 5.73856 1141 549 604.85
251 5.1571 1174 789 1251.49
451 6.20351 1194 626 838.775
525 5.03255 969 441 320.706
662 5.54694 1843 515 852.51
533 4.85272 1569 566 847.441
784 4.47542 897 275 111.985
321 5.10997 1302 654 951.394
395 7.07299 1379 583 866.922
655 5.53739 1297 388 340.39
447 3.34434 1672 590 887.184
767 4.86616 1224 719 1067.58
449 5.34158 883 667 678.693
556 7.29764 1242 736 1253.52
621 4.65569 1344 460 474.359
303 6.24588 1430 590 893.816
544 3.74922 1718 549 814.997
248 3.314 1302 545 587.96
675 5.7665 1298 488 544.317
455 5.45722 1272 674 1003.69
567 4.82617 1051 502 445.913
506 5.54902 1324 573 758.224
563 5.49876 1208 406 346.525
640 4.3978 1775 559 911.427
681 4.8365 1169 483 459.397
480 5.74082 1227 392 331.647
543 4.60892 1368 436 432.621
582 5.73698 1513 193 99.1154
555 5.5536 1169 572 667.262
174 6.0256 1794 696 1546.9
521 5.19335 1172 701 987.964
331 8.8238 1374 699 1306.19
440 6.26457 1175 620 811.602
570 4.42655 1430 455 487.311
167 5.98053 809 640 588.752
448 5.0503 1567 539 775.429
646 5.45127 1105 564 610.372
400 6.00063 1145 520 550.544
548 4.59205 1467 577 811.736
521 4.30842 1072 725 920.889
582 4.28998 1416 469 508.452
534 6.73406 1147 498 520.073
284 3.44683 818 496 309.392
325 6.41193 1243 497 554.804
779 4.77996 957 645 668.639
556 4.81322 1176 502 498.601
332 5.43384 1073 455 385.433
801 7.45696 935 685 821.54
368 8.87632 991 658 835.923
483 5.69332 837 654 628.418
693 6.09443 1676 759 1723.37
534 4.37499 1127 351 227.846
662 5.05696 1953 520 899.809
285 2.0309 1169 505 389.853
589 6.56445 1638 364 394.384
473 2.50221 971 467 296.115
432 4.76805 1046 634 705.652
691 5.31165 1165 324 210.99
479 5.9079 1522 567 866.773
527 3.75225 1615 475 573.647
506 8.23714 1150 578 736.035
558 6.41127 1209 747 1219.02
812 4.01177 1364 100 21.8695
536 5.33733 1664 531 810.431
472 2.56156 719 728 536.723
564 3.25928 1463 807 1441.67
368 4.19789 1096 369 242.209
306 5.61711 1264 946 1979
521 7.0568 1471 389 411.488
444 4.99787 1469 370 341.636
528 4.59142 1367 584 774.839
330 4.68793 979 666 725.609
667 3.17395 1741 734 1408.46
918 6.47463 1607 510 757.053
540 4.95997 1108 720 973.862
258 5.02414 1407 402 386.782
554 5.30646 1493 784 1582.82
505 4.73381 1012 390 257.857
550 4.47601 1211 749 1121.57
892 1.17906 1089 592 408.957
358 3.80284 1167 599 661.624
423 3.53944 1269 631 782.625
599 4.29945 641 535 299.683
545 5.93487 1344 679 1098.87
282 5.77881 1032 512 476.635
427 4.5506 1148 575 629.332
367 3.94057 858 638 557.239
637 5.47589 1228 931 1850.38
592 3.19149 834 511 327.532
617 9.25166 1339 701 1293.74
264 4.55875 1315 414 373.88
683 7.71386 1290 154 57.7385
783 6.06798 1365 468 533.073
505 7.53044 1330 604 910.643
499 7.83152 1389 530 738.922
273 4.11396 1498 688 1144.62
359 4.38916 1476 495 593.978
548 5.74511 1151 686 952.935
686 6.20624 1457 449 526.612
788 6.30032 1254 170 65.21
813 6.3477 1508 363 358.194
491 6.2284 1067 478 437.455
714 3.85911 1366 422 385.933
501 7.23547 1317 698 1193.12
479 4.68617 1095 632 730.765
387 5.16591 1567 625 1048.63
406 6.20996 1189 632 851.565
461 4.2211 1169 776 1144.21
622 6.71634 877 544 474.207
271 2.97826 1508 590 773.734
87 5.44826 1374 510 620.499
503 3.61168 1508 651 995.519
545 7.61293 1386 551 791.74
709 7.26577 1658 548 926.74
651 5.53219 818 509 369.369
376 6.8522 1025 491 453.648
354 4.20166 1432 455 481.279
431 4.77293 1492 690 1192.51
721 5.04314 1630 619 1063.43
620 5.8391 1488 554 806.674
177 5.45441 1133 508 507.802
460 5.09877 1261 468 471.584
732 5.89973 839 443 291.573
627 6.05135 1074 551 581.004
786 6.1174 1100 720 1018.77
704 2.98507 1277 331 206.36
601 6.00946 817 382 212.073
935 3.27547 1085 825 1119
453 5.33718 1264 651 925.294
230 3.34141 1276 501 488.08
653 3.63369 1718 584 914.261
633 5.72569 1171 570 668.779
621 6.0005 1023 339 209.051
454 5.58343 1301 622 879.278
400 7.50635 1271 610 886.964
697 5.97647 1251 650 938.936
696 4.84382 1532 638 1050.87
562 5.54745 717 306 117.093
702 6.657 1275 701 1142.35
731 5.94034 1300 439 444.406
516 5.50605 1161 588 698.789
808 5.38572 1430 607 912.161
356 6.25307 1104 649 835.194
277 5.30442 1282 702 1089.58
623 3.16891 980 509 381.08
376 3.46745 1018 627 616.32
618 3.91144 630 464 215.979
352 6.23772 1386 692 1191.37
503 4.07814 1433 402 372.948
214 6.29498 1252 574 742.092
406 6.60277 1096 615 754.339
295 5.85586 1034 609 677.855
499 6.75802 1507 719 1425.54
720 6.69331 1012 614 696.519
276 5.75589 1309 804 1489.33
348 7.00773 1337 494 602.168
609 3.26361 1358 733 1104.45
728 7.25437 960 361 232.776
410 7.60209 1061 463 427.81
323 7.01704 1293 618 911.682
514 4.22786 1058 626 674.197
536 4.29351 929 828 1039.95
318 4.66657 1159 363 254.89
708 6.73062 1111 623 788.278
357 7.28051 1438 441 520.779
597 7.61075 1195 531 633.935
741 6.35569 1095 683 921.066
471 7.56463 1295 585 832.644
725 4.6691 1013 462 360.92
509 6.36267 1690 504 774.279
540 4.97436 1302 603 803.268
744 6.42476 1158 482 486.37
679 6.16499 1169 658 905.947
649 5.12779 762 578 435.3
507 3.97439 1286 706 1025.11
437 4.10235 1194 520 520.78
464 7.11452 1111 706 1025.65
427 6.74386 1315 683 1121.91
675 5.31851 1114 767 1131
647 5.70669 1465 601 929.408
353 5.25795 1137 401 314.618
615 3.77716 1184 727 986.956
297 6.13242 1083 747 1080.31
443 5.79699 901 631 632.537
556 4.26677 1290 378 300.461
434 5.22723 1108 648 799.432
614 3.82218 1725 547 816.687
405 6.19434 1165 721 1085.26
46 5.16749 1104 261 128.848
445 5.76536 910 612 600.151
232 6.46182 500 282 71.9833
562 4.58062 1146 605 696.699
670 7.2775 1437 656 1151.44
333 3.5809 1266 554 603.812
562 5.61008 1100 747 1073.53
340 7.45291 1373 513 676.53
405 5.83835 1131 417 347.374
609 2.98097 1685 612 930.476
421 2.71179 1001 773 857.269
588 7.42166 1064 514 525.806
578 5.21192 985 636 684.101
667 6.09168 1655 575 976.58
450 5.90961 1185 738 1143.37
381 5.83716 711 661 548.672
334 6.26581 1325 316 237.757
436 5.01585 1284 290 183.611
516 4.68273 1024 551 519.337
745 4.71572 1201 463 430.867
376 7.99926 1247 588 820.486
559 3.32503 1350 891 1630.97
792 4.49039 1171 303 177.634
754 4.26787 1594 619 995.666
438 5.72152 1018 585 612.291
657 8.02008 1178 499 558.54
419 8.35368 1466 591 984.09
396 5.75493 1557 673 1241.2
501 6.61201 1308 901 1932.89
441 3.26512 1661 359 324.083
739 5.7963 1438 322 262.882
546 2.99779 1441 622 823.317
566 6.42767 926 617 637.372
703 5.94068 1044 601 668.903
511 6.6085 1389 512 662.732
342 5.95918 1163 347 248.589
592 6.53759 1351 757 1405.48
534 6.12618 1376 339 282.611
598 4.13562 565 495 223.793
542 3.1388 1083 556 501.108
520 3.81743 1366 569 699.55
721 5.36943 957 698 806.586
442 5.24919 1011 587 599.21
317 7.9209 1034 573 644.619
426 8.13928 1270 440 469.76
311 8.58749 1640 203 130.696
389 6.87126 1246 598 818.537
403 4.23277 1144 456 386.939
535 6.62066 1170 565 680.094
352 6.32448 1190 290 180.245
470 6.13933 1673 411 505.332
513 8.01801 1535 615 1105.45
616 2.39797 1403 551 587.748
494 7.26044 1373 761 1479.71
384 5.66762 1423 538 722.189
139 5.0554 1142 488 463.354
352 3.14531 1192 407 295.719
287 4.85994 1236 520 563.696
422 5.91856 898 610 592.179
544 5.33834 500 342 101.022
444 6.2591 952 429 314.761
549 4.42021 1453 396 374.92
208 6.14844 1232 364 291.989
440 2.2992 983 103 14.1994
236 5.23979 1204 658 896.259
548 7.47908 1431 314 264.383
400 6.16202 1289 622 892.523
420 2.43796 1412 658 847.952
270 5.53678 1388 499 602.493
237 4.0136 1398 332 247.094
528 5.27234 1222 627 827.257
426 5.55208 1110 451 393.855
143 3.20312 1273 382 279.677
548 6.18718 1345 633 965.483
448 7.68534 1473 598 993.274
467 7.20151 1249 673 1050.76
616 3.17877 1345 723 1056.19
251 1.39501 1175 369 183.12
521 6.82604 899 668 735.787
336 6.38812 1121 385 299.981
252 7.65365 1597 662 1318.47
413 6.41455 863 420 275.111
203 4.46845 951 290 131.978
601 5.60072 1179 758 1184.28
432 5.56673 1256 643 906.476
776 5.73925 1436 788 1568.33
665 7.51286 1373 674 1169.98
736 4.47602 1050 321 178.615
497 4.59315 1176 370 267.591
633 6.61144 1039 613 710.687
460 6.18161 1266 472 505.17
342 4.01787 988 222 78.1027
160 5.33392 1300 518 602.43
414 4.79657 1141 354 240.349
771 5.74222 1576 636 1121.39
602 5.5004 1317 875 1754.89
261 6.72611 1236 777 1363.89
253 5.73516 914 691 767.46
193 6.74416 1334 534 695.721
630 6.61377 1247 393 350.615
333 7.68187 1821 476 777.934
334 3.32193 1146 599 625.574
418 7.65901 1137 714 1092.14
363 8.81038 1342 557 809.807
454 3.04767 830 621 474.992
596 2.69847 934 692 640.08
806 3.90319 680 516 288.133
214 3.75542 1141 494 438.456
622 6.68183 1394 351 313.412
379 4.0039 1185 386 282.935
759 5.88191 1327 656 1010.49
572 5.6441 1345 392 362.016
797 4.96295 1300 334 245.921
587 6.38181 1290 350 285.226
719 4.08073 1200 606 709.825
389 6.29393 1385 480 574.043
519 4.54733 1741 523 789.447
510 5.75047 1279 574 741.539
277 6.38987 1236 505 569.111
682 3.81185 1232 513 512.643
684 6.86762 914 460 355.243
333 6.22051 1152 664 911.106
368 3.37395 1335 437 389.589
272 7.52121 1431 644 1113.55
456 6.43055 1050 603 690.37
259 3.43825 1159 600 641.021
233 7.44212 1090 376 288.428
326 5.151 1214 498 515.411
623 6.64836 1175 570 695.835
535 4.53123 1105 223 91.01
307 7.59943 969 636 737.185
586 6.2495 1191 445 423.546
267 3.8596 941 350 182.885
393 8.08484 1318 750 1414.3
330 6.88077 952 548 525.361
644 3.97761 1595 454 525.884
463 3.78166 1089 328 184.84
440 6.46519 1171 635 854.914
299 5.62961 1280 580 753.742
407 5.26702 623 590 373.35
725 5.2702 1554 433 501.668
200 4.29895 1240 651 858.354
481 2.77929 1275 473 411.889
563 5.76652 1168 491 495.843
249 6.84002 1268 539 675.999
577 6.9163 1129 312 202.205
556 5.23617 1273 772 1304.19
327 3.65642 1383 442 422.32
793 4.81148 1363 583 779.347
253 5.91552 939 558 518.079
447 4.7585 1244 581 704.413
343 8.42312 1467 528 787.473
299 6.56994 1230 560 701.084
566 4.7577 1252 345 249.965
455 6.5306 1451 440 509.845
425 1.80814 1287 444 318.978
395 5.69672 1576 686 1302.08
190 4.34941 1419 737 1262.83
581 4.59945 1238 527 571.686
487 6.23947 1293 605 849.59
509 6.18121 1177 321 217.22
364 6.04405 943 465 363.213
374 9.91583 1480 847 2119.63
461 6.34935 1480 359 343.86
432 4.1232 1011 753 925.927
408 5.43878 1281 256 145.698
758 6.33214 1665 358 384.438
354 6.06123 1291 468 504.037
526 6.36377 732 630 524.035
426 4.74559 1249 619 802.219
459 3.69164 1343 723 1100.23
488 7.32528 1086 367 272.772
554 6.92005 1452 487 633.677
651 3.40241 1034 462 338.067
526 8.45842 1201 548 695.106
387 2.7756 1035 454 307.911
423 6.029 797 536 407.632
585 5.06591 943 832 1112.74
282 4.84444 1043 518 471.635
519 6.16972 1388 571 810.176
649 4.61848 1063 437 337.893
390 6.20992 951 672 770.052
506 5.64408 1250 688 1036.38
428 5.49649 1568 358 349.69
640 6.25135 838 669 673.591
563 6.67013 1403 378 365.677
243 5.78584 1163 633 821.265
768 8.41396 1098 594 745.772
581 2.52882 1295 574 598.585
440 6.09198 813 575 479.74
694 5.24846 1305 424 403.533
363 5.70878 1474 723 1353.42
485 3.64069 1276 607 733.977
503 7.33483 1039 805 1255.96
424 5.70779 1096 431 357.606
572 5.83637 1243 590 764.189
408 4.8218 1305 569 711.17
596 5.0938 1231 551 637.978
499 4.16779 1239 579 672.85
412 3.4503 1133 682 810.428
409 4.6281 1374 323 238.732
480 5.71389 1110 596 692.74
260 6.00696 1512 358 344.675
472 5.07989 1496 488 607.733
340 4.21303 947 584 524.712
581 6.26544 832 600 538.223
427 6.82492 1269 578 777.57
701 5.96337 1021 680 838.228
562 7.96145 1438 650 1154.96
316 5.04656 1536 345 311.346
520 4.32379 888 349 176.934
517 4.70745 1270 566 680.577
739 4.5526 1199 521 539.693
626 5.4147 1601 427 506.046
445 3.194 1028 666 685.94
474 5.71259 1729 688 1437.81
683 5.86416 1413 495 612.189
906 4.02158 1494 553 733.014
430 5.90258 1693 550 907.008
576 6.04615 730 695 628.164
563 4.8354 794 695 646.017
614 4.18744 1427 386 344.854
248 5.25748 1110 662 837.074
469 6.46798 1295 486 553.867
425 5.75138 1112 646 816.632
376 5.70359 837 678 675.688
731 4.37959 1375 521 612.634
305 4.26813 1356 650 933.98
500 4.28199 1065 516 462.674
206 4.00613 1088 503 441.188
428 6.0048 1043 708 929.831
540 6.05763 1685 511 784.193
751 5.51318 1294 290 189.509
611 6.68249 1633 369 405.777
370 9.37265 1111 663 962.981
674 4.58115 1308 659 943.499
477 4.58433 935 579 520.728
865 4.51996 1492 536 709.466
598 4.77319 999 422 298.67
584 4.15882 1435 469 511.018
416 6.38866 1427 380 372.021
803 5.45475 1185 726 1084.76
352 6.5026 1210 559 685.532
603 6.63718 1576 696 1390.97
369 6.27534 1383 601 897.993
225 4.4285 1047 597 614.317
487 5.46584 1040 784 1110.78
465 4.76056 1116 580 629.83
452 5.02178 1181 317 201.854
404 5.14806 1392 543 702.51
308 4.74719 1671 830 1929.83
627 7.27768 932 531 489.309
431 5.15331 977 542 491.382
267 4.47019 1467 501 607.68
516 7.42573 999 534 532.919
593 5.86153 1305 627 907.049
383 6.64561 1153 506 538.03
335 5.47536 811 672 636.667
516 6.6819 1295 1000 2363.25
281 6.16047 910 511 425.248
539 6.28434 1111 724 1047.23
481 4.22666 1415 634 924.815
227 3.58839 1382 834 1494.66
717 4.50974 1511 533 710.059
599 6.31729 1299 410 393.167
550 7.16008 1541 494 697.559
497 4.95414 1048 612 665.313
705 5.39599 1190 594 727.253
774 4.57438 1023 585 581.276
364 6.92398 1065 531 552.638
493 4.56104 1316 798 1390.35
614 6.99298 1205 701 1092.3
535 6.12228 1320 381 342.395
572 4.38343 1477 547 725.57
436 6.2118 1299 624 907.009
588 7.14203 1196 522 604.144
354 4.76307 1138 571 622.554
498 6.75674 977 631 711.774
470 4.59263 1174 553 596.713
384 5.20366 1319 561 712.469
482 4.37031 1188 407 322.838
712 5.45499 858 300 134.115
439 4.35998 841 581 465.431
595 4.51565 1569 809 1699.2
584 3.8082 1120 659 768.854
475 6.15569 880 514 415.993
645 6.54104 1169 579 711.546
426 5.00734 1260 779 1299.55
603 4.55346 1396 401 372.262
470 7.10869 1279 783 1452.06
384 5.48026 1370 567 765.838
811 7.81858 1133 574 706.698
589 5.41827 1059 235 101.402
543 4.14203 1150 675 847.369
701 2.89902 1208 695 853.215
335 5.99613 979 587 599.735
598 6.05479 1229 433 410.638
495 5.91446 729 348 156.433
445 5.18863 1262 374 302.747
700 6.10758 1195 466 463.436
432 4.23035 1463 650 1005.29
681 5.01774 1167 536 570.137
477 4.22757 1464 790 1485.73
410 6.87601 1144 576 697.364
648 5.77607 1089 1000 1918.42
549 6.22697 1420 725 1339.23
447 8.02313 1436 320 280.027
399 7.05655 1632 534 860.288
496 6.99881 1187 353 272.899
407 3.59939 1452 617 860.222
593 4.48078 1293 645 888.297
560 5.61381 1560 467 595.13
317 6.82079 1127 716 1059.52
344 6.14621 1343 366 321.776
689 6.94101 1298 508 616.816
597 4.013 1309 627 825.155
440 6.78531 990 460 383.685
899 5.20458 1030 387 264.773
265 4.92588 1366 660 1007.08
518 5.44813 1337 489 555.087
488 5.73352 911 470 353.864
527 4.86703 1566 500 660.564
309 5.30137 1211 576 692.826
463 4.16636 1328 391 328.853
737 3.48551 891 581 463.863
710 4.54677 1548 459 540.634
571 4.27705 1141 429 342.525
527 6.34309 1487 710 1351
514 7.16147 1093 651 859.264
666 7.16317 1318 363 322.179
617 6.04747 1104 533 558.763
560 4.64567 1443 336 271.577
594 6.59284 1240 866 1691.64
628 5.06254 1423 663 1066.09
461 4.77906 744 655 536.037
375 5.37903 1924 617 1267.65
305 3.93161 943 732 805.708
512 5.52253 1202 600 753.858
1000 5.70842 1165 597 729.334
672 6.59892 1573 767 1683.7
356 6.7887 1321 379 347.581
382 5.46692 1132 458 412.632
348 5.77612 1337 344 278.718
399 5.87952 1080 791 1195.61
520 5.86754 1398 574 814.564
433 3.76917 1739 825 1865.66
667 6.99463 926 406 281.581
447 3.9275 1121 632 713.772
450 5.26742 1154 405 325.872
510 6.17439 811 810 952.77
496 1 1153 573 378.563
654 3.36112 1507 493 559.113
385 6.05603 1419 621 975.257
332 6.07396 1403 447 499.964
632 6.26127 1480 656 1144.29
392 5.40104 1399 244 144.3
411 7.46357 1260 349 287.44
345 5.09873 1274 466 472.381
544 8.0655 1167 500 556.26
500 5.57669 1241 720 1123.5
437 3.81736 1448 620 880.427
671 6.65396 1488 914 2266.21
646 3.95386 1586 760 1462.99
319 4.54417 1281 593 746.621
515 6.84755 1147 613 791.129
632 1.55921 1364 727 859.981
399 6.18222 1172 618 801.743
493 5.12028 1125 673 870.962
572 8.05059 1268 536 694.276
584 7.29063 1332 350 303.947
745 3 1374 285 164.851
409 5.21686 1234 665 937.2
581 4.91654 1789 536 869.466
517 6.7441 1237 511 590.755
360 4.44736 1349 504 564.751
709 6.41735 1463 754 1503.25
215 3.39857 1176 571 587.136
618 4.10357 1086 480 403.636
386 4.31517 1265 632 826.118
484 5.19397 1157 474 445.944
733 4.89244 1277 594 761.252
501 8.14185 1306 381 362.235
385 4.98659 821 355 175.666
258 4.66139 964 526 445.019
332 8.1199 893 701 837.951
721 6.26766 1187 596 757.734
423 2.45637 966 289 112.171
280 5.42705 1516 516 700.146
403 3.73524 1197 558 586.007
492 7.46452 1272 530 669.233
501 5.02727 958 389 246.635
381 4.11626 1927 653 1326.62
684 6.17596 981 569 568.745
611 8.92511 1056 738 1121.88
717 4.14557 1811 461 622.569
572 4.55152 1302 559 674.621
440 6.47061 1387 711 1269.76
340 6.34625 1498 707 1349.68
348 5.17429 1277 744 1211.46
577 3.99691 1200 583 653.29
516 3.71763 1367 723 1122.07
424 6.09137 809 685 677.483
412 6.00591 1539 252 173.825
234 7.35232 1095 407 338.543
274 7.13028 839 526 430.164
560 5.4983 1579 576 911.661
607 6.43123 1286 725 1222.32
589 7.0172 1421 644 1088.02
530 4.45208 1335 865 1646.72
627 3.58038 1401 644 902.903
393 3.82669 1451 682 1068.24
672 6.9856 996 607 676.777
335 5.56747 729 367 171.403
677 4.32299 1259 188 72.7893
122 4.18257 1007 560 512.044
677 4.20385 1315 428 391.115
526 5.40368 947 696 794.857
418 5.84374 1064 382 274.302
244 3.73859 1219 681 889.091
725 3.47437 824 743 700.926
621 4.06337 1408 435 428.654
761 5.45774 1627 607 1041.28
191 4.94846 1059 698 874.26
407 6.27029 1366 452 501.586
536 7.31476 1208 618 860.075
859 4.73017 1758 515 780.937
381 4.5588 1482 436 467.335
763 6.1072 1460 789 1623.12
423 3.50602 1047 599 580.332
286 5.41673 1187 746 1145.28
569 4.20355 1044 824 1150.9
73 5.56875 1185 534 589.909
460 6.90937 1166 349 261.237
531 6.35252 1472 476 601.318
358 6.26442 1191 631 852.098
740 5.13427 1439 513 647.759
807 5.29071 1551 510 695.291
471 4.52159 1039 348 208.28
687 4.65913 1335 687 1051.16
383 5.76449 1257 432 413.05
434 6.76139 1493 707 1365.71
600 7.44537 1090 322 211.552
723 6.32193 1394 720 1301.38
445 5.0266 1065 377 257.517
698 4.58125 1182 606 720.988
470 4.91901 1492 515 669.503
515 5.09466 1103 845 1344.47
766 6.20441 1389 666 1104.48
628 4.29345 1149 623 728.167
490 2.62615 1319 404 305.554
378 5.74377 1111 869 1475.94
407 8.46135 1428 463 590.026
487 6.73487 1630 546 888.438
716 3.68926 1166 745 1014.06
387 5.24344 906 457 325.381
578 6.44096 1292 655 1002.7
622 4.78266 1125 628 745.239
622 6.66104 1135 507 532.019
387 6.64877 1198 477 496.842
465 5.26429 1172 532 570.976
679 8.59175 1235 614 900.489
833 5.54457 1102 620 738.718
633 5.07275 1320 543 663.682
134 5.66723 1030 670 810.701
442 1.66973 1254 727 810.34
493 5.3564 1199 645 862.386
642 5.52151 1323 538 667.094
529 6.80665 1377 304 233.253
419 4.93913 1296 606 806.073
739 5.77458 1488 503 663.173
629 6.22372 1755 424 566.035
585 4.73353 1023 584 584.473
143 5.54084 1911 294 288.002
480 6.47136 1143 327 221.34
372 4.28978 1172 181 62.6788
524 6.16404 1286 517 615.237
458 8.56923 1446 424 502.48
364 5.63489 1813 387 475.42
664 3.07217 1036 610 573.404
638 6.67704 1158 673 956.979
535 5.70556 1003 451 358.305
698 5.94363 1065 411 319.153
497 6.55325 1355 705 1223.33
436 8.15242 1081 372 285.915
511 5.08774 1376 459 494.717
690 6.75331 905 295 144.088
416 3.39252 1294 726 1043.87
538 5.57858 1096 527 531.626
783 6.75501 1045 514 505.132
294 6.40065 1154 611 778.144
643 5.04245 1199 743 1126.99
368 5.02676 1259 560 671.707
296 6.17082 1221 351 269.318
689 4.90808 1439 506 622.992
465 7.52192 1337 624 976.809
555 5.09714 1402 260 161.812
420 5.5096 1629 559 886.285
486 6.43693 1191 775 1293.83
484 6.14941 1509 596 958.852
375 5.94273 1039 559 575.956
374 2.45991 1180 498 407.045
756 6.1391 1474 583 895.834
535 6.60117 1086 853 1437.83
809 4.29126 782 213 57.9217
481 6.47491 1486 524 739.019
644 3.78401 907 591 499.892
344 6.11802 771 450 278.939
546 6.5871 1282 576 773.558
518 5.83071 1092 505 491.731
405 3.20352 1478 436 423.024
461 6.62401 1252 696 1104.49
745 5.77091 1124 466 429.89
579 5.54794 1308 320 233.608
300 5.6331 992 299 155.266
716 6.25334 1231 499 550.545
336 6.49419 1019 379 265.3
517 6.3299 1340 534 688.33
284 8.14552 1397 445 528.638
667 5.4962 923 548 482.312
404 6.15156 1059 448 380.241
291 4.93155 1249 708 1059.94
426 3.3121 1484 660 982.641
696 5.67652 1430 402 405.357
583 5.83151 1193 272 155.853
579 4.3573 903 574 487.695
728 7.14982 1278 478 541.459
538 3.98124 1101 701 865.662
786 7.12096 1336 440 479.158
698 5.13514 886 573 497.599
330 6.7254 1739 415 547.4
533 6.51543 1521 368 373.636
213 6.17158 1068 571 623.437
500 8.56612 585 602 409.762
471 5.76762 1358 698 1165.12
596 6.33515 1483 574 880.362
25 5.39516 1169 505 516.352
680 5.36898 1222 453 433.797
594 6.4015 1509 494 665.164
541 5.39797 1512 512 686.59
580 4.92196 1272 512 564.239
592 5.85119 1298 715 1172.69
362 7.44094 1032 748 1080.69
366 5.02132 1091 665 820.589
241 5.52189 1329 572 757.508
561 7.27506 1065 401 318.845
241 6.25094 1256 650 953.037
440 8.63953 1232 673 1080.58
379 5.14379 1290 371 303.85
723 3.8305 1178 447 372.659
480 2.70668 873 579 419.225
570 5.49074 1350 469 516.579
649 3.86106 1478 514 619.58
654 4.31245 1263 442 403.36
298 3.5736 1386 697 1045.75
469 6.59503 1287 443 459.484
542 6.74746 1531 623 1086.92
799 5.03943 1355 519 621.342
531 5.43927 1017 668 787.605
528 4.61107 1046 437 332.35
661 3.06579 1465 670 977.608
700 7.03395 1463 816 1799.44
332 5.40029 1136 467 429.205
479 6.41314 1417 756 1463.49
208 6.63496 1203 593 770.699
425 6.09857 1177 480 484.119
508 5.48452 999 678 798.655
163 6.80681 980 691 857.692
479 8.26999 1057 283 162.325
400 5.77263 1184 629 825.096
635 5.92961 1574 487 661.878
359 5.27895 1406 490 581.499
526 4.4724 1335 411 372.213
742 3.59969 1523 563 751.277
457 4.9964 1377 489 559.316
456 6.32472 1676 571 984.169
512 3.44004 1176 587 622.636
344 6.80244 1419 402 420.259
574 6.52014 1055 276 145.804
505 5.06371 843 537 414.348
639 5.06625 670 631 454.756
558 2.64427 1302 699 904.812
231 1.98541 1081 454 289.176
610 3.36653 1188 468 397.374
687 1.66945 1186 592 508.163
620 4.43375 1250 580 692.467
466 6.90663 1506 646 1155.94
615 6.16547 1160 617 790.448
711 5.73171 891 719 809.887
543 4.92641 1505 531 718.227
592 4.30703 1262 656 887.496
411 6.97014 1150 779 1286.34
716 4.05455 1190 495 468.843
361 4.80795 1023 737 934.601
466 5.53315 1318 361 299.378
137 7.42788 1124 252 133.54
531 7.09845 1139 630 836.854
547 8.15116 1428 528 760.863
512 8.91041 893 594 614.379
456 6.80811 1733 471 704.708
507 4.55131 1398 369 315.631
598 3.83257 1255 273 148.11
192 5.39227 1518 708 1317.74
392 5.35223 1229 689 1008.48
695 4.31229 1436 782 1435.52
568 5.24571 774 495 326.16
525 6.64156 1028 546 558.459
539 5.09851 1332 532 643.686
336 5.66962 1085 503 481.376
643 6.18653 990 581 598.675
388 5.70151 932 651 693.585
453 6.69624 1458 438 510.701
384 4.94019 1305 724 1158.6
635 7.53459 980 531 518.672
608 3.75216 1526 514 634.692
260 4.63652 1359 783 1388.25
253 3.65359 1580 719 1276.43
464 5.73352 1271 615 845.315
567 5.07661 1212 639 844.063
539 7.16506 1638 455 629.118
359 4.98952 1150 537 563.118
546 3.79874 1474 717 1197
509 6.87137 1500 605 1008.61
352 2.74944 1002 581 486.804
553 3.95885 1431 763 1330.91
528 4.89625 1312 509 574.409
432 5.04774 1320 576 745.862
622 6.31525 1318 488 565.095
447 7.78165 1486 372 388.877
334 6.7638 1172 546 639.454
444 6.43259 1121 418 354.201
574 5.6526 956 552 510.425
419 5.18876 1320 669 1013.23
241 5.90151 1096 591 677.946
208 4.70715 1272 391 325.292
744 5.49279 1340 736 1262.87
517 2.90353 1523 494 543.721
388 5.08539 1642 644 1162
254 7.78716 985 631 741.777
325 7.32693 1040 519 522.431
290 4.7798 1049 468 385.855
158 5.02945 1108 743 1040.77
440 5.3848 1151 687 940.434
559 6.92492 1381 286 207.894
577 6.67983 1415 734 1391.09
419 5.81879 1604 647 1184.99
530 4.22635 1475 546 714.971
437 6.72863 1356 805 1606.24
587 4.37755 1106 407 300.686
513 5.16439 1493 611 954.782
603 5.43432 894 583 527.242
370 6.40661 1478 561 840.367
390 4.39062 1378 278 174.925
597 4.26293 1237 557 625.446
126 9.76352 1193 483 553.735
298 3.99414 1317 643 871.995
500 3.96582 1248 695 963.5
522 5.19726 1291 655 950.318
759 3.51978 1191 652 782.999
702 4.86027 1122 771 1124.94
366 6.76949 1405 777 1552.75
586 6.74727 1455 539 773.187
286 4.18701 941 546 454.988
710 3.44805 1716 573 866.289
738 3.11424 859 575 424.122
530 3.67612 1121 445 347.495
488 5.40652 1330 392 354.162
386 5.89134 1260 617 849.115
600 4.98313 1190 404 329.701
466 5.88459 1477 438 501.455
437 6.70064 960 545 520.706
587 6.43562 843 543 449.539
353 6.38407 1546 670 1252.74
263 6.35085 1255 634 909.447
558 8.54853 916 459 372.824
748 5.97792 1100 493 474.968
550 6.97771 1496 331 302.191
628 4.16082 1474 527 662.847
409 3.71157 1700 506 683.168
458 3.74848 1090 865 1283.58
705 3.17588 987 674 673.391
432 6.84757 1035 461 403.743
475 4.51903 1157 659 831.599
195 4.90048 1761 416 515.103
442 6.18359 1268 410 381.804
528 2.10052 1360 529 503.256
357 6.17064 1188 292 181.349
718 5.21726 1055 428 331.911
732 8.07133 1566 592 1046.58
645 3.61369 1367 441 414.19
412 5.10441 1715 450 593.148
606 8.42621 1225 353 293.94
430 5.45881 1342 526 644.983
633 5.5647 1309 458 479.265
543 7.89009 943 303 164.242
408 6.25545 1229 495 540.918
201 6.64306 1096 823 1352.84
493 3.45661 870 533 380.289
588 7.03924 1167 639 880.366
432 3.90862 1355 443 423.347
888 4.81704 1259 448 425.216
689 7.49761 966 699 884.942
557 6.28824 932 468 367.134
234 5.75137 1302 633 918.068
320 4.8967 1315 513 584.82
242 3.99598 1210 776 1167
377 4.94513 1532 566 831.477
695 7.02896 1490 349 335.18
735 4.94585 901 437 291.516
812 5.97585 1446 606 943.309
518 3.517 1220 726 994.24
668 5.49825 1261 483 511.935
242 7.68678 1011 496 469.026
473 5.26673 1274 545 651.448
487 3.84619 1616 513 674.084
572 7.07625 1122 528 578.61
286 7.85854 1320 315 248.246
473 7.12234 1347 739 1362.84
524 4.59524 1290 591 748.99
382 7.38562 1372 504 651.152
215 7.29531 999 553 569.166
367 4.12541 1305 440 408.144
599 3.56858 1312 566 652.525
614 6.56562 1596 577 965.618
555 6.81146 1117 674 930.234
471 7.16725 1003 560 583.584
526 6.09544 1116 509 516.106
633 4.52978 1465 486 573.048
448 4.83896 1018 615 648.685
286 6.18483 1329 522 648.696
566 6.0718 1419 457 528.498
615 5.71709 1516 393 411.433
462 6.11129 1491 752 1506.01
733 7.75264 964 320 186.514
741 5.93364 955 547 506.717
632 3.60493 1348 544 621.08
603 6.03522 1404 635 1008.1
526 6.55316 1340 349 296.469
417 6.05259 1351 366 322.486
184 4.96287 952 555 497.256
589 5.06791 1595 460 575.383
562 6.38748 1373 439 477.701
494 5.23227 970 660 726.202
449 6.47147 1214 295 191.329
507 5.27599 1185 583 693.69
392 6.23086 1386 447 496.974
802 5.86452 1463 538 748.77
561 6.49941 1410 588 883.774
358 6.96265 1461 263 186.223
377 6.03575 1476 683 1226.1
429 5.07337 1005 608 633.539
587 5.83156 1493 609 977.76
383 6.41299 1749 409 528.7
496 6.37827 983 272 131.249
330 4.88906 1192 554 617.993
722 2.94727 1522 158 55.8309
372 6.26634 1370 461 523.207
557 6.95063 1190 442 428.24
466 4.16258 1047 351 208.884
645 5.07132 1368 395 363.945
293 6.63333 1194 670 976.424
503 5.54928 1072 610 695.761
482 6.50186 1187 479 493.774
567 6.35199 857 393 238.638
346 7.81311 1408 714 1358.66
452 5.88836 1288 336 257.375
739 5.50019 1210 755 1200.39
428 8.1629 1404 440 519.667
393 5.7424 1029 643 748.387
546 4.3592 1266 942 1841.71
229 5.30916 1269 425 395.399
453 6.27403 1343 558 751.665
446 8.05493 1177 490 538.649
708 5.78466 1543 566 871.11
231 2.91186 1063 548 467.397
739 5.71443 1329 465 504.889
466 7.10666 1383 730 1364.68
372 4.19449 1678 632 1087.57
489 2.2482 1535 613 779.746
333 7.11552 1114 100 20.6336
460 5.77007 910 810 1051.52
514 6.57046 1065 615 732.145
365 4.73446 1341 674 1020.55
780 9.18087 1240 522 663.219
505 3.42461 1347 758 1187.69
460 3.3489 948 756 826.216
582 3.5356 1332 673 934.19
333 4.3367 1265 690 986.006
559 6.09357 827 593 519.065
311 6.91519 1341 596 876.381
723 6.68448 794 492 350.776
603 3.45194 1707 704 1301.23
672 9.21181 1236 297 214.165
977 5.17616 835 397 225.569
411 5.39608 1251 757 1241.7
319 5.3185 1566 561 850.561
412 7.11227 910 714 859.173
549 7.68682 875 423 295.238
363 6.10771 1294 434 435.277
262 4.61795 1269 690 1005.61
312 5.63547 805 441 274.121
343 6.57975 1548 560 882.655
430 4.23271 1279 578 695.043
430 4.0353 1201 211 85.8657
763 5.8727 1430 430 467.693
231 5.47668 1571 509 707.605
577 4.43353 1269 703 1032.76
497 7.51874 1687 664 1395.46
532 5.61638 1402 516 653.056
771 5.36807 1331 526 637.016
605 3.0304 1251 516 493.467
293 5.03052 914 530 436.877
484 4.67921 1082 673 818.5
691 4.10802 1064 487 407.197
768 4.80984 1072 576 598.273
482 5.36564 1324 430 423.424
395 4.83029 1196 470 444.9
496 7.93599 1423 627 1062.68
195 5.53558 1095 676 872.259
634 5.19059 1441 718 1274.18
497 5.91115 1282 576 753.557
236 4.90178 1204 670 913.595
874 4.55551 877 526 402.435
530 2.84317 884 599 461.117
670 7.76258 1524 718 1484.9
466 4.90096 1579 369 363.408
424 2.98308 1561 454 474.469
528 3.47205 1420 445 433.206
867 3.90251 1646 575 866.024
359 6.01845 1539 651 1160.63
462 5.24318 1481 560 798.652
436 4.43661 886 463 312.826
588 4.42569 1596 624 1022.89
491 4.38755 1054 710 872.548
654 7.39267 1326 526 685.611
601 5.89064 1137 644 834.729
328 5.06676 915 543 459.914
501 7.22005 926 524 472.548
350 4.65026 1200 725 1051.76
537 4.79292 1372 312 224.454
545 4.52821 1376 300 205.07
564 6.6277 1228 707 1117.98
654 5.97694 1094 706 968.695
576 1.84071 1389 339 201.924
735 4.78332 999 538 485.702
720 4.05485 1478 349 289.471
538 8.17749 1600 745 1698.48
340 8.85923 1397 476 616.403
522 4.54635 1242 620 791.409
461 4.69919 1282 357 273.191
621 5.48321 1564 540 793.108
360 5.0487 978 625 650.668
552 5.18118 1112 677 873.779
479 5.28978 1652 771 1692.44
168 5.53422 835 536 418.146
439 5.76187 684 531 339.545
354 4.28126 1287 705 1043.67
637 5.34738 1629 316 281.109
388 4.21074 1138 516 492.179
804 6.9864 1655 618 1165.72
788 4.19466 1269 804 1331.1
511 4.99783 1359 708 1157.24
484 6.69494 1324 508 623.815
516 5.65978 1454 538 737.668
520 5.16167 1176 501 505.577
610 4.59643 1212 299 180.13
486 3.13651 1163 437 332.356
195 3.67022 1360 552 648.404
413 9.8859 1533 500 764.59
499 5.7054 1217 817 1426.69
485 4.27658 1251 559 637.618
528 3.7214 987 614 584.452
229 6.33001 1333 670 1077.93
526 6.05778 901 661 701.636
585 5.70346 1007 256 115.896
432 8.71321 1052 523 558.291
247 3.51204 1021 610 587.18
404 7.04029 1311 451 492.676
488 6.74287 1101 631 801.72
625 5.75222 1425 560 786.435
591 6.17132 1343 473 537.951
341 5.56964 1388 434 456.426
494 6.35851 1260 502 572.61
456 5.60195 1549 464 583.06
685 5.06005 1280 495 534.478
240 6.63724 1427 345 309.462
450 4.42283 1382 640 931.577
267 4.30149 1531 761 1448.42
384 5.58751 1260 498 545.98
699 6.26373 1447 538 752.56
477 5.01463 1122 799 1217.86
517 6.07915 1351 667 1072.17
731 4.31 1472 528 670.74
463 5.09728 1184 354 253.325
518 6.39342 1415 515 677.68
256 9.07447 694 449 273.921
406 5.6271 1125 710 992.608
296 3.76734 1013 586 548.24
549 6.27538 1645 579 991.347
303 9.11883 1224 533 681.52
261 4.14614 1560 597 899.407
227 6.56392 935 627 667.945
599 2.63405 1394 358 253.81
652 5.84025 1214 446 426.565
411 6.77252 1174 585 735.544
261 4.71514 1593 699 1302.55
414 4.09368 1063 469 376.942
510 4.99871 1421 469 531.003
404 7.49073 813 493 370.404
354 6.59417 1359 844 1761.06
599 3.50477 1735 538 775.705
401 2.52811 1270 195 67.7435
484 3.94738 1122 319 182.26
226 4.64662 1155 634 773.984
445 2.79037 1095 531 446.344
485 5.72595 1023 442 351.319
515 4.9568 1571 753 1510.04
362 5.729 1178 461 440.135
330 6.07858 1568 471 620.49
444 1.63549 1105 483 312.859
739 8.5817 1645 473 711.621
434 5.76163 1315 395 361.216
844 4.04214 1307 618 801.979
694 6.61841 941 556 529.652
675 4.71909 1185 682 922.584
460 8.50783 1289 545 738.86
479 4.72328 1105 418 323.246
833 7.4252 1201 672 1014.58
703 6.64416 988 718 928.237
488 2.8347 1334 431 359.939
795 5.91797 1491 603 960.767
691 3.68703 1491 370 319.787
694 6.34594 1522 530 770.621
488 3.70639 1219 665 845.778
508 4.59029 1185 423 352.361
512 7.23439 1074 664 880.468
500 5.48841 1716 586 1025
393 3.645 1265 682 918.875
674 6.51781 1189 419 378.679
663 4.28166 1231 627 789.605
381 6.09296 1480 484 618.798
128 6.45002 1333 520 652.244
549 4.04664 1206 526 536.241
392 6.18189 1342 378 343.448
366 4.01823 827 424 238.48
534 7.40216 1252 675 1066.36
726 4.22575 1545 483 586.027
725 4.01162 1576 599 906.63
241 6.85552 1256 487 546.928
419 5.22759 1239 672 961.411
526 7.87287 1427 528 754.329
227 4.84316 946 494 389.026
337 6.8179 753 486 326.125
432 4.60997 1256 609 774.995
371 3.26197 1445 672 987.604
351 3.80231 1159 539 532.024
256 4.60217 1244 718 1066.48
706 5.92041 746 143 27.0371
630 6.1891 1463 641 1076.98
817 3.47877 1199 653 788.076
539 5.23554 1032 648 744.897
416 4.13611 1488 611 898.019
304 4.31914 1070 498 433.976
585 6.9813 930 503 433.875
422 5.84587 1231 317 218.563
253 5.51651 698 405 199.402
708 4.0813 995 578 535.451
246 5.10384 1141 650 823.33
215 1.66904 1123 493 333.665
595 6.50536 1508 319 278.257
505 5.20941 1067 567 588.908
540 5.21961 1112 688 904.094
373 4.32216 1357 518 595.584
584 6.12319 1623 555 893.354
437 6.51021 1276 786 1429.67
593 6.68516 1082 725 1037.99
446 4.91854 1052 372 246.297
537 6.39501 1154 513 548.429
600 2.56073 1399 393 304.311
387 1 1215 434 228.853
476 5.47963 1158 762 1169.11
219 2.8852 1147 741 919.613
538 5.17169 1104 628 746.116
779 5.19475 1248 664 943.969
827 4.69699 1363 741 1251.19
883 4.66811 989 529 461.956
452 4.85627 1531 554 792.374
552 6.3822 1044 568 607.949
353 5.4787 1349 329 253.877
416 6.93507 1369 866 1890.19
519 6.71871 1248 543 672.389
478 6.96779 1132 529 583.856
282 8.06354 1376 626 1028.04
437 4.23475 1197 693 935.195
601 7.53017 1295 968 2277.4
714 6.2953 994 581 603.634
433 6.05753 1128 584 685.669
776 6.28569 1762 266 224.204
472 3.44779 1652 347 305.841
787 4.65387 1479 499 614.21
617 6.57883 1375 427 455.814
347 6.30129 1361 649 1031.53
689 5.81287 1101 572 635.586
291 5.66871 1689 377 420.934
395 5.27529 1441 369 337.919
746 5.90984 1054 842 1323.81
248 6.43854 1173 618 810.331
368 6.81253 777 749 799.135
433 6.2328 1082 439 374.235
514 7.6787 1337 694 1214.03
200 5.69173 1165 627 803.894
481 4.95856 1050 671 801.484
508 5.2444 1335 304 212.168
539 5.17821 1366 759 1348.93
333 3.83103 1338 441 412.003
719 4.13582 1311 263 146.591
407 5.24968 1469 981 2431.77
524 7.73148 1647 241 180.63
343 7.3461 1228 432 427.652
347 5.01591 1678 515 756.736
419 4.61083 1785 705 1476.09
535 5.82978 1761 775 1867.53
297 3.94086 1122 386 266.741
434 3.07757 989 707 735.697
534 7.74334 1733 284 264.028
329 5.48773 1425 508 639.646
540 5.73597 1164 725 1075.96
643 4.14144 987 774 956.202
385 5.96967 1216 753 1224.49
657 5.83992 926 457 341.613
501 5.54087 812 641 581.719
353 4.43817 1363 432 418.997
326 5.37382 1040 612 673.99
392 5.56507 1222 381 309.623
500 4.59043 715 357 151.438
598 4.32639 1234 522 550.14
466 4.66603 1123 582 634.846
569 6.24294 1235 475 500.28
602 7.63216 1293 533 691.547
247 4.65894 1215 329 219.401
467 2.7558 1048 462 322.168
636 8.02581 1257 204 99.6263
374 4.6636 1071 484 418.662
682 5.80615 974 696 832.24
445 5.49834 1177 656 881.437
390 6.28631 1022 569 595.06
376 6.86878 1338 667 1093.42
666 5.48323 1502 609 968.753
640 6.48414 1170 391 324.087
507 4.6596 1408 419 412.399
488 6.24821 1239 429 409.48
542 6.52925 1117 475 457.387
571 9.03095 1519 586 1020.15
472 5.48666 1270 761 1279.23
126 5.57528 1100 782 1174.67
740 4.85367 1186 377 284.212
622 5.96761 615 501 274.123
621 6.07358 1337 691 1138.54
532 4.75373 1269 600 766.137
426 7.15496 1129 402 338.375
580 6.22568 1482 531 749.73
662 6.06615 1340 811 1571.36
622 6.93054 1595 670 1317.98
495 6.74512 1061 444 382.554
477 5.61247 1507 753 1494.62
418 5.80525 1333 518 630.876
768 8.81331 1386 494 657.912
488 5.89568 1393 599 884.93
693 3.44219 1155 510 461.689
410 7.31375 1209 686 1060.6
309 6.57854 1176 476 484.447
498 5.53904 1164 537 585.204
451 5.02165 742 606 463.462
645 4.229 1684 589 950.073
445 5.85428 996 498 436.587
700 5.0815 1310 739 1220.5
216 6.5427 1349 733 1316.07
499 6.0596 1028 765 1072.34
583 5.61926 1391 570 790.743
521 3.84999 1058 520 453.573
705 7.19373 1615 739 1637.81
272 6.21646 1559 721 1453.55
533 4.65594 1316 783 1345.79
460 6.02143 1463 634 1046.57
602 4.09254 1303 664 926.069
608 3.64815 1312 494 500.137
392 8.45635 1604 287 254.619
295 6.41422 1635 395 461.004
475 5.34117 1468 554 778.391
299 6.0832 1018 720 941.542
389 2.94458 1413 480 478.248
573 6.14296 1120 446 398.425
377 9.00752 1542 572 986.133
495 2.96275 1218 462 382.604
556 3.49521 1204 520 502.496
450 5.1605 1100 699 920.505
426 6.28782 1604 479 661.89
758 3.91527 1609 661 1119.72
334 4.98305 1439 618 932.924
248 5.68522 1052 594 651.333
430 3.09586 1212 323 188.504
907 4.67761 1166 433 365.088
396 6.88902 1439 657 1141.76
401 6.26802 1105 349 241.876
579 4.81144 1358 424 410.704
410 5.72688 796 505 356.857
534 3.36224 1435 486 517.437
391 5.0704 1222 788 1293.78
476 6.3478 1151 538 600.544
293 6.22938 1210 198 85.1228
716 6.1815 1639 491 707.718
558 3.91509 1530 472 542.901
424 7.45885 1354 624 987.301
357 3.91102 1291 420 362.616
444 4.68224 1463 649 1029.36
580 6.42944 1695 480 706.142
346 8.0176 1183 670 1011.14
354 3.38637 1405 549 647.794
624 6.27053 1446 565 829.635
712 5.13163 1462 791 1564.45
353 4.76575 1333 474 502.589
566 4.2939 1389 467 494.633
356 5.71497 748 724 688.896
473 4.78968 1108 450 377.01
318 4.68408 1803 538 871.844
830 6.24302 1461 577 873.297
540 6.91178 1711 560 987.068
309 4.76898 1116 866 1404.76
676 6.50399 1369 462 529.82
350 3.83163 1071 703 838.082
153 5.25454 935 367 216.674
474 6.53386 1229 542 655.341
840 5.51283 1214 405 346.754
600 6.2516 1627 493 710.208
601 5.83673 1067 641 774.306
705 5.63678 1227 608 794.229
713 3.83399 1755 295 241.869
454 6.32648 1510 605 995.498
652 5.55344 1812 344 374.078
677 6.43978 1476 544 790.118
588 4.34749 1397 781 1395.97
554 4.43611 1456 633 960.866
436 4.63634 1256 595 740.874
500 1.46919 973 495 278.242
776 4.99273 1304 586 760.496
676 4.92919 1247 640 864.621
644 4.45102 1190 740 1074.21
486 6.76931 1337 693 1175.38
370 7.60396 1412 568 856.898
751 7.2059 1432 566 852.214
501 4.34942 1160 728 1007.28
511 5.37705 1072 578 619.774
345 5.17916 1343 478 526.027
293 5.39401 1508 779 1584.9
720 5.40848 859 753 844.113
567 4.64629 1330 465 479.425
679 5.5182 1259 400 350.868
661 5.9097 1224 533 616.017
323 4.80454 1585 553 815.109
785 3.58302 1498 593 818.732
394 2.9489 1013 663 654.415
462 6.25998 1056 628 748.218
511 4.77695 1608 408 449.465
521 4.95026 1122 483 443.569
638 5.77717 1302 484 537.325
399 5.2064 982 562 532.399
464 5.63086 1797 381 456.645
357 7.21172 954 441 344.731
282 5.37613 1457 535 721.657
326 5.16732 881 585 516.55
526 5.97854 1527 575 896.94
506 6.02016 1488 604 966.054
693 4.37374 1194 331 214.65
318 5.33317 1193 326 218.96
451 3.91964 1011 399 256.437
639 5.3134 981 495 414.727
545 5.90089 1725 713 1552.98
199 6.33381 1486 504 680.071
573 4.16324 1309 476 480.304
584 7.04566 1556 514 759.66
327 5.52824 967 493 409.557
219 5.0412 1264 772 1282.56
310 6.97558 990 334 203.606
406 4.82072 1178 427 361.505
413 5.61004 1306 416 395.286
653 7.61068 1163 568 705.932
661 4.42004 1417 510 606.441
363 4.24382 1199 630 774.622
422 5.4159 1294 329 242.825
537 2.87275 1211 690 840.792
634 3.14105 1588 449 479.277
641 5.68026 1246 699 1068.05
442 4.37755 1087 605 652.995
516 6.38464 1544 393 430.469
616 8.10746 1191 713 1155.77
554 4.6128 1222 527 564.724
343 6.76727 1668 351 376.149
333 6.92264 1324 501 611.569
430 4.47864 1061 805 1135.25
460 5.62769 1279 359 288.522
305 7.10404 1093 335 227.109
575 6.19732 1103 630 784.592
437 4.70774 1029 566 551.437
376 6.13391 1044 732 1000.06
529 7.17155 1181 599 786.305
373 6.11391 1406 605 919.295
306 5.81737 1452 516 682.25
510 5.03801 1337 600 819.331
504 4.92391 1338 671 1019.49
253 7.01176 1246 728 1218.91
597 3.28066 1307 479 454.605
691 8.27528 1624 441 605.707
382 6.81234 1087 643 823.918
543 7.21982 1256 590 812.573
505 6.50674 1272 551 700.286
498 5.67777 1103 567 622.036
599 5.32804 1352 751 1316.56
488 3.81189 1268 495 491.247
834 7.18714 1157 537 619.427
457 3.90214 1464 540 679.331
796 5.99702 1391 610 920.244
321 4.13866 1329 534 612.745
695 5.86687 926 468 358.662
772 6.67216 1194 533 618.795
672 5.10327 1194 557 632.651
647 5.0289 1035 553 538.537
447 7.83077 942 662 781.812
402 3.95886 1776 519 764.254
353 2.98699 1188 517 468.445
525 2.69492 1174 538 486.11
200 7.43737 667 542 366.687
599 5.45087 1245 602 783.481
472 7.53004 1426 589 928.469
538 5.31711 980 568 545.609
490 5.25781 1369 553 720.419
416 6.22089 837 739 819.976
216 4.41088 1193 710 989.003
328 7.94046 1299 617 939.502
658 3.6974 1010 487 375.575
682 9.1718 1106 404 354.256
496 7.29133 1634 691 1453.37
599 5.79561 1354 558 743.299
494 6.01163 1326 394 366.193
506 4.32172 1009 537 475.918
668 5.61582 950 462 354.732
362 6.98143 1100 526 561.193
611 5.15499 1512 505 660.231
703 5.79205 979 383 253.158
467 7.29009 1294 750 1355.84
626 4.66155 1224 668 911.315
779 4.82708 1049 316 176.364
518 7.46734 1378 424 464.042
145 5.14797 1441 655 1058.18
713 6.47055 1116 437 385.95
568 5.06934 1472 548 753.669
367 6.96467 1366 677 1153.8
422 2.7703 1268 508 472.031
698 6.04558 946 785 1038.49
488 4.35819 1076 585 603.648
663 6.21396 1370 613 923.232
230 7.55974 1552 704 1444.94
442 7.42509 1311 392 376.859
498 5.92036 1470 772 1552.75
576 4.7402 1535 574 847.527
650 5.74419 924 565 518.909
468 7.04273 1167 576 715.413
769 5.82443 1274 489 537.767
607 5.298 1146 480 455.232
436 6.14991 1355 335 272.024
849 5.88915 1427 699 1234.14
586 6.28092 984 430 327.135
378 5.76965 1214 512 560.473
483 2.33094 1455 567 639.685
624 5.11882 1088 513 489.383
446 3.61538 1240 395 301.458
535 7.97267 969 713 936.748
411 6.68504 1179 528 599.887
450 6.6465 565 697 500.269
651 6.2577 1114 457 417.95
648 2.19263 1012 250 84.8161
607 6.47454 1419 356 325.725
358 5.85288 1072 348 229.446
332 3.93424 865 817 920.837
405 5.6114 1386 655 1040.05
632 7.19579 1133 373 292.737
559 5.22079 951 666 724.579
595 3.1076 1143 740 934.119
495 5.51957 1065 405 304.288
383 3.4813 1414 528 607.755
548 8.03761 1184 545 669.99
629 2.98497 1329 473 438.552
304 3.85544 1349 529 598.752
368 3.04513 1481 634 883.186
359 6.40529 1461 850 1906.93
595 6.63472 1029 577 624.127
336 5.46578 1405 419 428.615
477 6.03513 1313 626 916.222
344 7.17027 886 410 276.357
240 3.70713 1319 414 354.714
514 5.75681 1058 303 170.973
759 7.45394 1455 495 667.527
918 3.88969 1400 114 28.9275
471 6.97677 1213 568 721.501
617 4.01326 1236 406 326.692
427 6.2286 1592 503 722.763
473 6.15747 1307 660 1018.76
475 4.5648 1237 505 523.491
657 5.47537 1261 353 273.16
410 6.53873 1049 662 834.615
785 4.47903 1250 570 670.587
529 4.71102 1094 456 380.604
442 5.7587 1109 719 1009.21
343 5.47726 1234 467 467.885
530 4.54415 1366 514 598.161
596 7.67874 1546 561 917.304
391 4.93567 1055 537 515.166
493 6.70421 1004 573 602.042
637 5.75833 1286 594 798.729
602 4.30221 1177 687 907.528
550 4.66979 1161 788 1203.42
668 3.99336 1241 503 502.795
431 5.8856 647 712 580.479
733 7.55889 1825 700 1679.81
586 4.53443 1000 279 128.945
469 5.23206 1241 630 846.537
456 5.04146 1038 453 362.656
455 4.54854 1569 664 1146.86
476 4.26903 1360 478 506.606
180 5.72222 1237 607 801.048
416 7.23215 1257 608 863.941
284 6.49971 874 455 328.025
654 5.85333 661 417 203.146
575 6.89888 1382 710 1281.01
502 5.40125 903 590 544.582
602 4.40805 971 442 311.911
357 5.72319 1371 570 782.919
468 4.78727 1332 350 274.14
569 5.60346 1129 417 343.258
631 4.40671 990 559 508.617
371 4.78324 1124 776 1136.91
416 4.19712 1188 635 777.445
589 6.04511 1158 613 775.161
347 6.74499 1074 498 487.161
258 5.16095 1456 479 572.165
771 7.06853 1564 419 507.784
624 4.7988 1281 735 1163.39
517 4.78842 1421 736 1293.33
868 4.3898 1540 678 1162.71
563 6.11733 798 341 165.779
448 3.26565 1242 482 436.85
627 5.58739 1155 524 554.102
638 5.24081 943 551 492.256
262 6.12687 1334 494 581.825
684 4.74254 1023 651 726.632
575 3.94889 1739 834 1931.05
295 4.66586 1237 357 263.114
702 3.9777 1186 598 678.433
548 6.3255 1009 566 582.185
570 1.15204 1345 456 296.864
405 3.97001 1576 600 907.09
480 6.13911 885 432 295.327
634 4.74724 1166 438 375.003
467 6.45754 1337 427 441.247
410 4.1565 1323 784 1316.33
439 4.83786 1510 595 900.578
528 4.70581 1170 805 1268.17
314 8.09753 1011 802 1240.96
552 3.86241 1400 426 403.167
369 6.37931 1439 583 882.715
605 4.01854 1227 707 983.798
304 7.03596 1226 584 772.43
489 5.2583 981 606 619.949
331 6.68419 1503 621 1057.83
629 3.82508 978 572 506.423
911 4.92992 1306 434 416.427
442 4.36871 1149 491 454.381
581 6.98953 1185 741 1200.11
523 5.58565 1330 474 522.059
760 6.1426 1454 556 803.835
611 5.87713 1369 564 770.424
689 6.55345 1250 545 674.421
443 7.20734 1729 628 1266.8
612 3.61531 1426 685 1042.58
440 4.75062 900 282 120.008
234 7.27455 1074 621 771.12
514 5.37184 1492 688 1221.86
384 5.83131 937 531 466.511
453 5.30152 644 435 210.137
589 7.12205 1300 475 543.392
544 2.46102 1333 651 785.878
547 6.10817 1138 847 1458.04
290 4.05153 1175 722 984.681
636 3.85525 1217 667 858.737
403 5.97324 881 438 300.205
392 6.02585 1611 371 394.701
423 7.34586 1385 699 1262.77
508 5.925 1393 505 629.747
313 6.32694 1194 749 1206.5
764 3.99462 1321 338 241.689
407 3.36977 1450 544 655.504
700 6.00358 1041 333 205.292
290 7.00272 1162 633 859.157
529 4.06139 1316 426 384.188
399 4.47768 1282 872 1609.47
378 5.36741 976 551 512.555
616 3.30648 1140 488 412.484
270 6.48327 1409 374 357.078
454 4.8514 1093 459 388.212
685 6.05518 1318 556 726.112
601 4.49753 962 827 1087.56
522 6.01981 991 551 535.421
380 7.15745 1471 513 718.017
470 4.96429 1488 458 529.326
584 7.19005 1313 519 656.672
498 5.06648 1510 456 535.249
427 4.19642 1303 572 691.867
153 7.65401 911 518 460.504
262 4.49674 1479 370 334.671
737 5.24745 938 642 664.949
581 5.73532 1476 540 756.886
683 4.28941 1113 728 962.906
321 4.50478 964 508 411.391
657 6.99167 1058 540 569.077
347 5.52253 1356 626 925.744
362 5.12653 1221 577 695.054
523 6.02369 1113 482 460.231
331 6.00273 1030 469 402.902
425 4.47412 1401 590 805.03
424 5.38266 1206 656 898.362
614 5.63304 1223 617 815.115
628 4.27348 1034 452 344.503
416 6.09289 1249 480 513.618
465 3.504 1479 538 661.209
391 5.75494 1141 642 827.711
557 4.71458 1156 646 807.298
213 5.03972 1368 643 962.878
722 5.18756 1310 587 774.109
766 3.64164 973 467 331.308
640 5.15025 1000 478 391.125
289 5.12413 879 649 632.962
680 4.44362 1007 385 245.945
608 5.44047 1156 415 345.551
529 5.96115 1122 347 239.845
438 8.07429 1581 469 663.212
222 6.24475 991 413 303.503
555 4.36483 1574 672 1165.68
716 2.82766 1041 241 87.7567
244 4.38963 1595 644 1086.47
264 4.85841 994 423 299.952
608 7.72002 1211 604 833.935
501 4.72934 2000 560 1050.43
644 5.70241 1104 788 1203.82
480 2.02331 1533 397 315.564
475 6.75713 1257 638 936.206
498 7.21415 1190 477 503.121
265 1 970 401 155.977
483 7.88486 1162 574 726.19
698 5.77097 1374 706 1206.19
437 6.73646 1163 862 1580.06
557 6.10718 1277 787 1412.48
216 4.88413 1499 717 1301.41
558 5.69882 1527 699 1309.98
497 6.54157 1252 694 1094.87
633 3.35949 719 617 417.764
381 6.21392 1061 579 637.883
282 4.7335 1584 801 1702.48
335 5.99164 1272 450 457.86
588 5.58561 1479 616 980.483
363 5.44671 1065 247 112.805
616 5.99972 1338 661 1039.5
136 4.68028 1166 524 534.747
608 7.11628 1618 559 936.488
342 3.69743 1024 439 309.419
674 2.86185 1365 299 177.758
321 5.43851 1061 498 456.661
531 6.36618 1421 601 925.871
481 4.46787 891 674 667.895
624 5.07566 1630 413 474.174
638 4.92079 1026 301 157.286
469 3.38036 890 577 453.042
398 4.46607 1174 663 851.451
488 4.74469 1950 804 2112.88
269 5.38673 1447 736 1357.07
542 6.12282 1121 416 346.661
855 7.38345 786 458 308.028
672 7.18724 1187 505 562.009
447 4.37761 1498 582 832.778
462 2.0374 1305 576 566.788
243 4.67878 1449 362 317.129
315 5.01879 941 477 364.106
531 6.07895 977 476 394.877
511 6.35337 874 561 495.945
593 4.52951 1032 598 611.161
484 4.41259 1019 668 747.846
139 6.70767 1066 550 589.006
698 8.51766 1218 696 1138.92
76 4.23667 1508 547 734.125
588 5.2493 1411 554 744.904
400 5.3887 1211 479 481.098
623 4.48861 1315 547 650.04
391 4.26002 1475 464 517.438
567 4.27034 909 283 118.699
499 4.96926 1396 605 866.756
799 4.66141 1437 750 1348.68
375 8.17717 1487 650 1201.61
777 7.08361 1059 526 542.124
547 6.5218 1654 354 376.069
560 3.62464 956 632 595.404
415 4.11316 984 556 491.016
680 5.88384 1008 198 69.9328
461 7.78588 1377 648 1093.57
295 4.5679 1426 509 613.181
802 5.99092 1162 574 680.515
601 5.30772 1435 401 398.022
622 4.20081 1288 330 227.694
351 4.78745 1262 553 648.404
499 8.74243 887 104 18.6276
198 4.47361 829 364 181.307
265 7.28217 1291 816 1600.84
576 4.5665 1468 639 994.78
621 6.86924 1216 756 1276.63
609 4.87937 1238 303 191.899
146 9.03184 1320 505 658.379
615 7.22051 1359 579 846.75
508 5.33316 1787 522 840.919
487 6.79898 1125 325 217.746
371 6.76575 1362 467 543.672
619 7.67769 1628 266 217.161
554 4.15978 1438 662 1020.33
282 6.09783 925 823 1118.46
359 3.91063 1466 441 453.964
405 4.73451 1292 252 137.452
639 4.26692 923 669 673.399
957 3.49801 1323 367 275.099
675 4.57324 1093 435 343.372
679 6.63548 897 654 698.982
482 4.11383 1270 632 818.856
296 5.88726 1193 459 444.854
409 5.18398 1286 408 367.063
375 4.27701 840 799 874.71
479 5.01946 1469 502 629.573
389 6.05204 1470 658 1134.1
639 6.20288 996 621 688.532
671 6.3565 1749 359 406.468
692 4.12567 1561 324 264.727
496 6.60494 1469 498 663.011
506 6.23237 1475 436 503.206
643 4.12557 1676 640 1109.01
384 6.56744 934 294 146.721
793 6.43214 1310 667 1053.92
602 5.49714 1110 468 423.056
244 5.45479 1212 534 600.246
706 5.68239 830 555 448.565
403 6.46496 1362 378 352.351
406 5.03828 839 515 378.798
502 5.78038 1589 464 602.775
639 6.09381 920 538 475.295
394 7.03788 1117 590 718.337
471 8.44258 853 355 207.095
400 3.68186 1287 736 1091.8
524 6.79493 1305 770 1417.62
375 6.14909 1305 490 560.489
506 4.79665 1416 392 365.752
571 7.32437 1251 553 713.4
495 3.67223 1056 307 155.753
598 4.95607 1251 805 1374.21
787 7.71819 1668 572 1030.1
319 2.7506 1278 716 943.076
510 5.9867 1237 609 815.338
780 3.84887 1468 788 1445.1
438 3.82364 1186 450 380.056
618 4.9809 732 186 42.9831
536 5.12358 837 567 460.023
693 6.60291 1044 613 713.887
538 3.6409 1397 667 970.307
543 4.91214 1113 396 295.188
810 6.68322 1148 683 977.333
362 5.20446 1345 572 755.312
317 6.91897 1233 747 1265.99
558 5.63161 1509 717 1358.07
574 7.39426 1325 762 1437.84
460 6.01204 1000 535 509.201
381 5.38378 1331 468 504.648
647 5.57207 1374 570 779.444
785 5.79238 1306 291 194.96
459 8.3892 1356 389 394.731
415 5.40868 1379 507 614.33
502 5.33317 1258 456 451.751
402 5.78563 1365 580 809.247
706 4.0172 1424 627 897.902
438 5.31283 1142 412 334.45
225 6.23034 1248 434 421.833
307 5.64686 1599 757 1605.19
612 5.20508 893 721 796.796
680 5.47964 953 610 616.581
583 7.44308 1420 808 1735.24
531 5.88987 1114 444 388.732
528 2.46697 1220 464 365.667
479 6.62326 936 611 636.334
272 5.30227 1279 521 598.687
797 6.33195 1395 648 1055.28
792 7.17862 1137 550 638.371
697 2.32341 1472 519 541.668
707 6.60078 1169 314 209.724
291 7.29483 1089 361 264.398
126 5.83066 1188 597 747.63
409 3.57362 1414 578 733.68
502 3.34632 1184 532 510.883
476 4.10306 1205 705 966.115
500 3.91828 1036 466 358.404
645 5.16467 1183 793 1274.38
317 4.62192 1558 287 213.648
336 7.60616 1545 514 767.859
407 6.44031 1217 531 620.72
482 3.84939 1112 603 641.027
458 6.05709 1332 664 1046.68
395 5.1008 1672 545 848.057
341 3.28027 1105 656 720.847
398 6.84745 1022 554 575.747
149 3.98689 780 680 577.304
646 5.93936 1228 310 209.32
909 7.26421 1159 606 792.171
512 4.97871 860 561 459.342
309 4.73281 795 452 272.076
416 4.51187 1278 517 565.121
303 6.13022 922 426 299.082
416 5.66765 1249 666 971.388
313 4.75244 1076 503 456.52
424 5.74946 1206 410 356.727
417 6.56357 1460 308 251.677
400 7.57656 1120 454 433.876
563 5.04094 1399 573 782.019
836 6.17433 1617 381 420.297
515 6.37909 1224 620 849.149
310 5.35762 987 462 364.241
346 7.79797 1187 339 258.088
665 6.48857 1288 458 489.599
454 4.76006 1307 622 848.297
668 4.37749 835 525 377.723
429 6.2168 1580 412 481.027
577 5.35145 1286 676 1015.77
196 5.59993 1338 426 424.485
579 5.03319 1508 585 878.279
758 5.07727 748 501 320.23
691 4.03289 1219 481 452.83
411 3.84959 919 464 313.685
549 5.14453 1128 611 720.658
425 4.87175 1425 702 1185.17
579 4.87587 985 565 530.785
486 4.70956 1072 686 843.984
632 5.42115 1177 683 952.116
457 4.70841 871 379 209.296
418 4.31456 1617 653 1127.29
529 5.17168 1652 563 897.314
53 5.77811 1336 510 612.209
506 5.88299 1118 664 872.273
200 4.54025 970 549 484.462
91 6.06398 1528 439 524.982
631 6.04835 1166 934 1812.22
665 6.09698 1456 465 561.996
505 5.90243 1090 335 216.642
434 5.01281 837 777 859.087
365 5.67148 718 514 332.663
599 5.64403 1392 594 860.289
206 4.3361 1066 593 613.68
443 5.06084 1236 455 436.081
569 4.00051 1107 469 390.11
390 2.68971 1419 512 531.825
355 5.17807 1127 533 548.822
656 4.8229 1253 378 301.369
745 6.57509 1265 449 463.611
638 7.82268 1470 400 445.317
729 4.97136 1362 525 636.859
494 3.9825 1435 594 810.19
288 3.95425 1181 772 1124.11
672 5.48826 1487 677 1185.49
305 6.63603 1356 231 131.829
484 6.25644 1046 509 486.802
368 5.91055 1034 651 776.346
681 6.5153 1044 779 1149.2
817 8.15169 1320 929 2177.32
535 4.0993 1398 387 337.664
608 7.36165 1479 793 1736.41
735 4.14887 1571 457 530.845
459 5.93629 1531 623 1053.87
823 7.65957 1352 543 751.111
403 5.27929 1467 726 1331.93
648 4.40921 1354 643 920.529
439 4.71834 1093 444 360.651
574 7.1756 1085 378 287.712
468 5.01453 1212 676 941.681
571 5.90267 1403 731 1327.77
658 7.61212 1364 533 729.079
590 6.86743 1366 485 590.194
573 6.2847 1461 500 656.823
720 3.83888 1472 273 173.798
541 5.20153 1083 401 298.86
576 7.8602 1439 458 572.137
439 6.26262 1459 667 1166.26
318 5.82466 1029 286 148.579
595 6.87422 1044 748 1073.16
581 5.85331 1049 483 432.519
348 6.38887 1166 623 817.06
352 6.89544 1360 604 912.202
421 5.01153 1194 285 164.868
453 4.60536 949 494 385.196
678 5.84859 1396 556 762.578
277 4.07073 1459 810 1540.86
420 4.70954 795 519 358.255
308 7.12575 1106 473 458.472
340 6.67704 846 692 739.174
556 3.30851 1112 701 830.385
481 4.83816 852 570 466.344
276 6.42546 1279 435 437.547
323 4.92066 1307 385 327.796
542 6.95596 1495 371 379.108
498 5.32441 1257 441 422.009
563 6.39771 1077 519 523.931
762 3.98067 1554 646 1037.59
399 4.71485 1513 641 1040.33
384 6.28631 981 580 593.486
539 6.15769 1200 166 59.171
741 6.73281 1476 470 596.081
425 4.64175 1378 607 846.212
671 3.57526 1228 630 757.071
319 8.02412 1233 591 820.154
576 4.78101 1450 426 441.949
323 4.07978 1753 264 196.783
627 3.5036 1437 478 507.113
638 4.29816 1529 646 1042.16
364 7.87875 1217 562 728.964
380 7.10136 1057 642 806.551
699 5.99776 1296 689 1093.89
386 5.52172 1055 495 450.329
320 3.40318 1237 588 655.165
631 5.10357 1272 670 975.197
587 4.90971 1461 380 356.759
449 5.23477 1024 538 509.465
314 5.83378 1293 507 586.939
220 6.00673 1362 496 595.975
388 5.0098 1542 889 2071.53
567 6.86077 1333 566 784.195
537 2.38306 1299 630 710.014
91 3.96206 1235 676 901.812
418 5.26693 1567 656 1160.91
617 4.53784 1167 662 847.364
627 3.50702 1470 569 735.28
463 4.58416 1060 397 277.539
501 6.09911 1417 220 122.439
556 4.34641 1239 378 290.004
406 9.68287 1648 348 396.366
655 6.38072 1351 385 361.429
187 4.7393 951 553 487.338
195 5.17178 1488 414 437.042
585 5.19363 1083 291 157.325
612 5.29613 1383 747 1330.42
622 8.91638 1523 626 1163.93
414 8.11755 929 453 364.011
467 6.15019 1210 554 664.336
252 6.94364 1225 416 390.405
269 4.55812 1106 685 860.848
585 6.65377 1341 625 954.974
519 3.67546 792 696 600.544
384 2.40474 1090 656 647.813
375 5.76668 1135 489 477.919
474 5.77062 1104 667 865.038
278 5.66959 1032 388 272.434
488 7.45412 1746 387 489.625
395 5.10439 1175 486 474.006
296 3.6235 1150 555 552.288
541 5.78267 1321 515 617.383
211 4.01836 1662 475 601.5
491 6.09917 1468 566 839.582
632 6.0392 1130 401 323.613
460 6.46015 937 361 221.05
827 4.99986 1004 470 376.801
588 4.37431 809 403 215.597
516 1.69078 1455 564 568.395
468 4.83852 969 762 947.893
768 5.4318 1107 451 390.648
458 5.62916 1176 245 123.563
428 5.05294 1103 372 260.025
443 5.86011 1458 735 1392.49
344 5.14025 1370 668 1045.97
559 5.68358 1159 795 1285.29
770 4.94103 702 672 536.96
537 5.84353 1159 364 271.296
276 4.78917 1263 413 361.976
568 1.86975 1457 628 730.789
635 3.65697 1234 303 177.09
566 7.44665 1304 588 843.974
331 4.25643 854 726 733.271
541 4.71795 1550 965 2415.89
270 4.22709 1028 544 494.678
317 4.08449 1525 535 703.251
618 3.54957 882 727 722.634
260 5.77922 1274 625 876.805
519 5.18567 1246 547 639.304
396 3.79499 1260 808 1299.07
177 6.05366 1098 653 834.336
499 4.09236 1188 602 694.013
608 3.05855 1482 590 766.354
463 5.07112 1609 548 823.888
680 3.59151 1162 383 265.101
753 6.19814 1106 426 359.729
510 5.66742 966 494 413.341
528 4.64822 946 540 459.927
604 4.52447 1467 503 614.487
649 4.51595 1345 733 1195.81
637 4.68525 1288 610 800.723
461 3.85869 829 314 129.669
606 5.07177 1154 491 474.388
467 5.20233 1133 658 841.878
587 6.9451 1268 550 706.413
414 4.29012 1627 457 554.709
571 7.01315 1219 456 467.891
547 4.68253 977 647 683.195
143 4.38834 1520 799 1593.64
515 5.56852 1539 558 836.54
306 5.84299 1558 786 1700.43
636 4.46988 1130 681 864.837
729 5.59072 1449 770 1501.27
518 6.24313 898 506 412.799
290 3.46583 885 724 714.31
751 5.03697 1264 330 234.303
459 3.98679 1676 542 788.064
594 5.08612 1312 718 1154.14
154 7.13778 1576 358 374.395
391 4.93066 1336 373 314.671
621 5.82766 1149 384 299.122
428 4.43417 1589 522 713.032
485 4.95913 1280 509 562.237
424 6.67684 1461 514 704.267
570 4.76648 1203 458 423.487
380 7.28662 867 621 622.737
355 6.31632 1282 569 747.303
258 7.29546 950 507 454.951
368 4.55258 1997 552 1009.04
716 4.3344 1142 488 445.18
442 4.10817 1259 581 685.783
444 7.94832 1309 439 479.386
665 7.08385 886 792 1028.3
630 7.75098 1183 266 158.147
416 5.38684 1110 659 834.593
595 2.95753 1378 725 1065.41
436 4.67071 1254 540 610.437
356 6.12781 1428 429 469.723
532 4.71542 1379 740 1263.74
637 5.06625 1045 612 667.212
524 5.40547 1139 696 956.091
701 3.37312 1446 657 953.743
633 7.02387 1196 230 116.83
440 7.22464 1450 691 1286.95
574 6.60094 1483 638 1098.4
486 7.10038 1578 670 1311.38
648 5.48021 1061 529 516.269
436 2.66725 926 269 95.5552
616 3.61328 1202 663 823.136
685 6.03831 1262 625 877.936
629 4.99901 1163 583 671.553
791 5.35729 873 397 237.89
690 6.8322 1186 515 577.074
407 7.12029 1018 530 529.733
558 8.63465 941 398 288.613
731 5.03608 1178 585 686.183
493 6.49147 943 647 715.419
608 7.46974 1586 683 1385.97
515 4.69118 1221 393 315.174
779 6.35723 1457 753 1489.74
694 4.88825 1024 651 733.046
154 6.31534 1731 538 902.048
188 5.94722 1801 706 1592.77
581 6.80532 1343 537 709.825
418 6.14402 1536 678 1262.78
530 5.94569 1042 622 715.24
562 6.7438 1126 928 1773.48
677 5.62141 1651 290 242.964
663 5.68568 1132 444 391.594
375 5.40961 888 523 420.975
502 5.37849 1037 509 464.971
628 4.99013 1542 454 539.712
565 5.45773 1664 644 1198.75
350 7.29128 1327 321 254.711
642 6.33912 1635 583 1001.42
428 6.32948 705 435 240.309
380 5.02362 1077 445 362.781
691 7.89263 1193 524 621.471
508 6.86436 1468 541 789.106
437 2.62067 1252 579 595.338
506 4.82584 1165 541 574.054
458 4.79982 1286 396 339.045
321 6.0424 1266 549 679.663
581 4.75642 1110 565 594.327
537 5.96468 950 432 314.799
626 4.41793 1586 746 1452.13
541 4.68593 779 466 282.639
572 5.35188 1448 469 550.535
360 5.9845 951 558 526.191
402 5.67108 1042 861 1354.63
346 6.1619 1163 538 602.46
334 5.99226 1244 493 537.46
593 4.40542 2000 609 1219.45
419 7.03964 1546 698 1391.61
386 5.4795 1381 535 687.284
368 6.81277 953 551 530.439
667 3.86889 1025 647 681.192
496 6.68182 1315 580 807.271
148 6.51802 1578 512 750.433
425 4.60621 1295 479 494.223
484 6.84136 1554 365 379.933
416 6.08865 1128 557 624.513
815 4.86825 1428 426 437.279
470 7.05594 1078 325 210.483
440 6.50289 1239 643 928.788
737 6.95858 1689 476 705.108
405 5.24767 879 563 479.21
488 4.90787 968 491 394.598
503 4.69391 1072 726 944.46
208 8.60678 1444 393 431.517
505 4.92727 1375 596 826.706
705 8.07352 1228 530 657.832
418 3.17752 797 598 428.111
521 5.23142 1489 660 1114.71
408 3.18393 1146 654 736.696
681 3.42187 1159 531 501.386
669 6.70598 1220 551 676.509
588 4.32437 866 387 212.179
779 3.06604 738 532 310.504
301 6.02224 1586 455 584.369
536 4.75982 1315 627 867.255
686 6.45004 1113 515 534.175
458 5.14559 1334 429 420.176
435 5.89468 1456 658 1116.09
468 5.23829 1193 611 765.679
329 7.39858 1467 678 1260.47
447 5.9204 1083 496 472.217
632 4.75759 1442 318 244.598
557 3.34688 1320 598 719.687
287 6.5314 1137 455 427.23
489 2.77241 1086 447 313.089
570 6.67615 1285 591 818.895
387 4.06149 780 690 597.398
412 5.58826 1537 834 1867.96
374 7.94765 1366 427 473.276
739 3.84583 1445 649 964.681
490 3.92314 828 867 991.875
483 8.94418 1779 583 1180.02
762 3.81712 1096 345 206.34
505 8.8435 1122 287 179.903
496 3.40437 1639 730 1338.12
574 4.60564 1243 442 403.909
650 6.08571 953 714 866.882
572 5.3136 1210 785 1286.51
416 7.9137 1420 394 418.47
556 6.39592 1244 402 363.05
574 5.36749 1246 537 621.52
588 6.39126 769 362 181.954
539 6.02967 1469 486 617.712
633 6.00707 1243 512 579.568
431 5.49132 1348 220 113.502
333 6.54502 1165 620 813.212
492 5.23141 868 388 224.576
471 7.17956 965 614 675.251
571 6.66549 1578 638 1171.48
495 1.63762 969 442 229.86
423 8.63004 1184 608 847.358
688 5.6049 1024 732 959.411
438 4.19841 1037 712 853.257
445 5.71098 1469 678 1186.26
826 2.07581 1702 462 478.51
163 1.51856 1391 410 276.251
642 3.75502 1680 643 1093.72
470 4.66834 1371 421 405.602
271 4.89878 934 597 562.607
281 5.7941 1549 672 1233.21
466 4.00923 1424 613 857.79
120 4.2997 1866 430 563.574
534 4.36476 1191 709 981.833
480 3.23718 1255 599 680.021
688 5.19975 1429 720 1271.19
541 7.12756 1385 499 639.017
399 5.83269 1420 392 385.318
92 6.11052 1332 441 462.681
763 6.49796 1108 531 566.335
315 7.8097 1264 548 718.414
671 4.3988 1236 417 353.197
542 3.52869 978 613 568.751
296 7.10491 1573 523 796.654
504 5.32961 1247 373 299.571
799 6.07671 1140 473 454.927
556 5.12072 1421 468 532.001
376 6.29135 1108 559 622.777
162 5.24974 1065 418 320.085
513 5.63269 1036 800 1160.79
413 5.88452 1529 681 1254.89
711 4.37745 1402 518 617.412
342 6.64857 876 421 283.003
591 5.8964 1058 580 630.172
556 3.77165 1031 448 326.225
615 5.75993 1239 543 643.112
264 5.96647 1227 586 748.193
489 5.06564 1162 601 715.462
401 6.2099 1232 562 697.725
524 2.01004 1289 659 729.518
264 6.12539 1377 623 955.14
383 4.85971 1391 764 1369.39
458 5.7828 1329 486 553.143
572 5.6783 1253 373 305.811
484 5.76793 1256 474 496.948
630 8.16195 1283 596 871.285
482 7.36832 1155 558 671.553
664 5.96057 1128 426 363.41
678 8.8995 1565 202 124.483
619 4.98439 1406 452 487.641
335 8.48648 1519 433 549.294
546 3.57507 1003 727 823.419
599 6.03512 864 715 786.526
206 1.45465 1373 769 944.089
427 5.63871 1159 642 836.535
303 4.84164 1318 653 946.978
458 4.02379 1220 828 1342.14
END
