Delay, Zoom, Max Iter, Resolution, Estimated cost
455 3.58733 1234 296 168.099
839 6.07236 1089 675 884.859
637 7.91616 1621 540 897.397
460 5.7277 596 700 513.4
0 4.62687 500 507 214.03
976 1.65566 2000 275 184.369
617 10.8784 1723 536 1008.12
533 9.59671 1180 627 919.491
808 4.58538 1258 636 845.401
249 2.71245 1245 490 428.467
665 1.36554 979 606 408.169
388 0.01 1538 461 326.857
890 4.72243 720 496 296.547
17 0.01 610 619 233.728
661 7.1657 1866 285 281.194
762 10.3452 500 634 404.918
441 0.01 1312 456 272.812
0 4.59173 968 409 269.121
104 2.6239 1737 529 689.728
466 6.48166 1538 374 389.747
763 4.73006 1029 471 382.329
393 4.85249 1129 544 563.301
947 2.76664 1456 374 293.667
464 5.94527 1395 423 442.844
653 6.9192 1872 254 222.231
535 3.81376 1990 693 1511.29
832 12 842 294 151.321
1000 12 982 509 528.98
784 6.69075 972 548 532.848
227 9.27806 1485 318 295.451
586 6.64149 1581 558 897.04
0 0.01 1407 496 346.145
288 1.74338 621 431 143.204
562 7.78759 951 295 156.534
344 11.1009 1759 200 143.911
508 8.77705 1404 542 801.524
473 9.15873 1598 352 388.441
438 0.01 1180 200 47.2
497 5.7086 1456 424 459.778
314 6.4319 1245 550 681.043
528 0.01 1071 356 135.734
630 6.21127 1301 462 497.95
234 4.34345 1727 394 439.091
857 5.6551 628 339 126.474
682 3.50954 2000 566 990.061
609 0.01 1198 477 272.58
752 4.30151 1148 333 207.961
591 1.04964 1104 551 342.228
362 8.95958 1595 455 644.655
568 7.28045 1474 489 656.344
524 3.2255 1567 464 508.953
754 11.6259 1901 418 686.032
599 4.66766 1043 238 98.6099
693 1.85199 2000 455 524.866
498 5.50538 860 691 714.826
536 9.94118 1022 429 375.698
235 8.76443 503 550 295.6
476 9.14209 817 472 356.939
506 2.62224 1545 438 420.493
477 8.86286 1795 573 1147.8
259 5.20344 850 245 87.5673
389 4.97947 882 226 76.4564
696 5.46931 1147 544 589.921
758 4.66366 1202 273 149.491
718 3.51449 1181 315 181.151
194 6.67314 1106 454 415.882
1000 3.86118 1376 431 405.577
533 3.2038 1743 572 858.653
565 8.73015 889 318 174.496
238 7.15876 1623 327 321.899
0 3.24966 1911 323 301.419
933 6.97741 1022 700 923.285
757 10.9781 826 474 378.686
736 6.392 1634 447 589.519
169 4.20413 1417 248 141.505
521 8.0782 1309 445 494.404
72 5.42784 953 523 452.171
976 8.94422 899 604 640.047
433 3.15617 2000 374 419.393
426 7.85413 676 287 105.522
657 11.7775 860 458 373.612
373 2.23569 876 629 467.681
942 11.0755 1872 629 1514.14
631 5.0707 768 200 52.3797
1000 4.53347 1631 536 776.17
714 5.74077 850 465 323.283
1000 12 722 489 358.961
532 1.0958 944 393 151.593
875 8.03883 500 514 251.672
734 3.49258 1271 649 826.118
548 6.63899 1054 200 76.8198
344 7.81006 2000 389 572.797
421 12 1040 560 678.112
562 3.46457 1288 200 79.3227
907 7.68113 1455 378 391.973
247 9.19569 1152 407 374.706
353 2.17686 1318 216 82.2667
476 7.13097 1630 700 1480.11
991 8.64624 1632 456 657.265
299 6.23101 1395 517 669.134
395 0.228238 908 305 84.4667
606 5.92336 1722 513 803.287
462 1.09967 1064 399 176.379
572 6.53172 1248 598 810.028
540 0.378251 556 531 156.77
1000 0.01 783 518 210.098
0 5.64731 803 317 141.361
740 8.43564 500 545 286.053
453 4.05125 1370 508 568.359
699 5.49374 1548 403 437.419
578 4.46768 2000 486 779.485
449 8.92279 1075 388 315.659
367 8.06699 1450 387 414.071
883 5.63574 1446 601 914.516
518 12 1279 304 245.759
308 4.69666 1432 505 610.53
604 8.20788 818 448 314.271
642 7.78965 1685 374 445.814
590 4.17525 1188 200 77.0148
722 6.6258 1057 551 584.447
403 10.0537 500 358 128.313
217 5.23097 500 382 125.391
559 2.31022 1085 200 59.1825
532 1.71549 1131 297 123.148
418 8.75369 1012 456 408.698
488 6.5866 730 242 77.7509
270 0.627966 1017 399 161.907
365 8.19151 2000 700 1875.1
726 8.57552 1010 644 809.811
47 1.25496 1847 700 994.293
175 9.88647 1255 503 633.478
478 10.5629 2000 341 470.655
933 4.7809 1338 544 665.023
811 4.77442 1399 480 541.166
576 3.53743 1399 370 296.609
224 4.12583 530 619 328.07
338 7.74855 1473 569 900.969
688 5.30828 1444 413 424.859
317 11.9989 1107 335 258.298
419 6.67444 1329 528 675.953
442 0.01 1316 669 588.99
541 4.75736 816 691 653.543
707 0.0383887 1565 492 378.83
945 9.33429 1903 367 504.958
462 5.43404 1246 451 439.746
301 5.4562 1073 267 132.86
311 10.0546 500 411 169.121
540 0.01 1492 398 236.339
530 5.42671 1064 529 516.46
0 7.80851 1622 320 314.342
315 6.07742 1695 519 814.387
670 7.7157 1239 645 972.857
1000 4.66668 1401 527 649.408
384 6.20933 1288 700 1131.63
0 0.791645 532 520 143.853
580 9.15986 927 537 524.448
1000 0.01 1420 370 194.398
487 7.07357 1260 417 405.256
816 1.20804 1515 531 462.233
496 0.0905606 1808 700 885.92
408 3.77747 1687 618 1016.2
455 2.40871 1889 412 443.064
1000 9.70484 1483 367 396.889
506 6.68049 500 445 180.679
534 10.7169 1653 533 953.319
233 8.49172 2000 440 746.907
714 3.22452 1183 240 102.788
584 6.52045 1034 571 611.641
260 7.18691 1455 568 871.494
0 8.207 1359 403 422.487
791 6.08481 1577 440 544.743
319 3.50332 1332 334 229.498
212 7.22424 1569 310 280.27
687 1.17062 811 448 173.907
371 9.94585 1454 568 937.084
269 0.01 591 555 182.043
0 0.01 713 453 146.314
187 6.93836 1449 459 562.093
483 8.44202 1502 503 732.087
734 7.57444 1386 563 825.634
345 6.85393 859 366 211.258
570 5.28905 1659 624 1113.26
215 10.0105 1759 309 335.979
690 9.89332 1699 700 1661.14
584 3.81506 1171 326 196.817
348 5.7516 1127 506 507.792
868 4.26043 1191 523 530.832
0 5.86425 1559 700 1350.76
488 7.86549 1818 200 137.857
544 0.931493 990 499 246.511
212 5.46086 1181 577 683.072
1000 12 1890 379 564.459
627 5.60787 990 313 169.615
862 11.2252 1105 514 598.527
622 5.96378 1622 235 159.042
985 3.15876 1333 472 445.313
681 2.0425 1237 265 113.812
170 9.32126 888 419 307.038
520 8.35723 1612 353 386.084
459 2.34205 1019 641 573.433
480 7.72945 1303 700 1205.53
747 2.34762 1787 358 313.914
409 8.47874 1743 447 671.574
595 6.91198 500 471 204.05
605 7.31582 2000 497 920.98
968 5.43547 1368 350 290.791
347 3.66156 1314 443 403.225
112 6.34757 1191 326 228.165
386 4.19185 2000 594 1144.89
859 5.21333 1598 381 398.314
390 6.82313 726 355 167.799
0 7.6072 969 431 338.625
585 4.4608 2000 427 601.471
711 5.99476 1554 660 1203.41
167 5.46154 1123 508 503.484
646 9.24519 801 522 429.08
291 10.1612 1946 291 330.723
566 6.05812 693 493 300.204
190 7.69409 1339 447 504.63
829 6.35896 922 280 130.357
360 4.45881 1100 516 483.026
0 9.72148 1405 546 832.568
556 0.950721 2000 316 199.712
452 7.39303 1561 287 240.289
996 6.90851 644 387 177.411
361 7.36017 1142 303 195.736
602 5.74303 841 301 134.039
180 5.78276 982 687 816.703
726 3.65134 778 528 338.886
159 3.56787 1744 614 1020.68
150 7.90959 1355 599 922.836
578 5.70938 1286 392 347.123
693 9.86969 918 394 284.202
666 6.77862 1098 342 235.167
872 1.79364 1195 533 425.626
336 3.12603 1000 536 429.505
743 4.34044 1962 700 1574.29
611 8.70238 1564 267 216.262
899 3.87189 500 486 187.531
882 8.80337 878 527 474.195
105 3.83706 1623 406 423.765
646 3.35841 1195 240 105.047
704 8.30349 666 349 155.689
748 4.00568 1361 517 583.022
58 4.54421 1230 379 292.837
704 7.41105 1335 514 659.51
890 7.80065 1105 465 452.084
656 4.23218 787 495 313.658
346 10.6695 1063 436 409.832
661 6.53093 1175 700 1044.97
481 4.12569 1618 387 391.477
201 5.25674 932 506 410.607
602 12 500 442 203.099
250 8.76929 1840 541 1046.35
317 9.79052 1346 423 479.463
278 1.96883 1422 560 577.138
538 5.86157 1503 384 391.838
466 11.3722 690 616 538.271
258 5.47303 2000 353 433.198
510 12 1529 571 1036.51
330 2.18557 2000 503 677.844
459 12 500 318 105.128
424 8.08955 771 474 330.501
325 6.15703 1479 571 862.861
819 4.99032 1179 200 80.0837
412 2.64935 958 582 461.805
285 7.83312 1214 556 710.777
759 9.26909 1013 700 976.378
675 7.52026 922 422 308.065
423 10.2511 1165 200 93.7018
0 0.01 1072 580 360.621
613 5.17385 921 546 470.553
498 10.1463 1128 377 321.654
577 6.77354 1504 327 294.434
0 3.15067 592 623 344.292
137 5.06394 1025 243 103.165
723 3.54054 840 508 335.798
0 1.03764 686 347 83.926
649 10.2546 1267 284 205.498
439 11.3705 2000 426 746.149
390 10.5943 1492 436 574.357
754 8.01369 1589 344 357.989
757 6.81769 1257 364 305.388
752 7.26743 1261 221 114.64
248 10.8108 1859 200 151.238
37 8.82306 1092 258 141.423
216 12 1296 638 1096.83
834 3.13704 960 592 503.497
200 0.01 795 326 84.4894
408 3.00807 2000 284 238.466
542 8.30432 661 479 291.083
603 2.88215 1394 607 749.737
753 2.10361 841 555 342.713
540 12 1293 700 1317.31
805 1.62386 1911 330 251.925
803 5.37981 1573 583 925.347
716 7.40486 1943 454 748.71
1000 8.21979 726 437 265.483
754 8.95997 857 656 720.007
0 5.86904 1406 320 254.628
1000 9.5941 1438 344 337.272
781 2.91096 1231 415 310.389
546 1.64877 860 592 366.851
715 4.11526 1505 401 390.693
339 3.0815 628 598 334.339
482 0.01 1083 305 100.746
287 7.63302 675 361 165.615
995 1.81136 1155 469 319.603
373 6.6987 1900 393 535.843
280 5.59946 500 489 209.009
336 11.2323 1420 524 799.473
580 4.90276 501 321 87.2665
653 9.6657 1967 277 299.623
381 5.71951 1380 396 380.303
0 1.93229 1327 569 552.537
0 9.97167 1799 631 1431.7
848 3.97888 1284 529 574.819
275 3.62743 1972 662 1347.83
456 2.67931 1383 700 967.728
431 7.72776 1981 430 691.569
182 4.78693 1423 700 1171.45
1000 6.65136 1408 459 540.746
881 3.46298 1143 490 422.478
1000 2.36948 1483 393 314.861
0 8.58347 1329 281 202.917
804 7.91939 979 700 910.821
544 4.05992 1689 347 327.125
431 12 1319 545 814.573
467 9.25899 1591 286 255.924
409 10.5984 977 200 79.1463
587 0.901513 944 526 261.182
680 5.41427 1152 599 716.539
177 9.83123 1010 343 236.773
428 5.20576 1799 417 536.961
8 9.62502 1484 636 1190.58
335 8.79011 1579 549 925.171
214 10.1733 1259 409 422.785
130 4.87004 1574 362 348.076
334 10.0241 500 451 203.507
254 4.10047 1498 233 131.164
296 6.23811 500 503 227.082
847 5.0295 2000 700 1667.49
844 3.82647 563 500 222.779
88 4.7151 2000 414 573.659
430 4.75557 1440 205 101.498
811 7.97994 1772 365 449.014
878 1.49835 1549 533 517.334
775 2.96534 1666 700 1201.71
817 5.15373 1540 596 936.587
1000 9.49562 1398 423 494.663
313 9.94543 1257 478 573.726
267 0.773057 2000 200 80
1000 5.00081 1465 605 911.071
667 5.39108 1337 480 533.434
540 6.32462 1620 344 345.266
804 9.35262 500 234 53.9602
175 4.46585 889 494 357.943
633 12 500 335 116.668
584 1.83553 1341 450 343.178
170 7.24839 1619 446 599.082
527 5.62194 926 551 491.954
306 9.66905 1359 408 449.143
459 5.66374 817 544 423.865
131 3.6156 500 388 117.287
441 9.98055 500 422 178.009
61 3.40394 1169 638 728.97
423 5.98706 1194 700 1039.78
745 8.00966 2000 561 1198.21
598 4.56055 1972 239 186.876
689 8.03603 1824 510 903.794
81 12 977 253 130.025
242 6.34736 859 700 758.729
1000 4.76705 1371 274 172.741
512 3.42467 756 434 218.525
693 5.23812 893 429 282.544
687 0.01 850 587 292.884
401 4.85058 1840 573 1018.43
686 6.16877 741 524 364.235
861 5.96026 627 360 144.257
293 3.9325 1028 369 223.211
765 3.26348 1587 261 163.641
729 1.86992 780 260 67.0607
169 4.72506 936 431 291.133
249 7.00771 1501 573 909.54
691 5.19868 754 558 402.837
297 8.03777 862 202 67.0094
351 5.69607 1164 533 580.533
482 4.79087 1306 457 458.344
1000 0.01 1897 618 724.51
968 5.49427 1315 532 647.554
1000 5.86523 1418 465 542.169
249 6.16066 1192 588 737.553
349 4.36876 1737 512 746.927
699 3.46044 1839 544 837.636
741 4.42389 1395 404 374.727
398 12 2000 463 891.424
771 6.67969 2000 343 429.362
437 5.99258 1024 485 428.175
70 8.56364 1641 376 448.373
486 2.82441 1537 369 303.649
476 9.06094 1447 505 722.238
163 3.94251 1544 471 546.588
254 2.99788 1294 449 385.259
410 2.65527 2000 408 474.126
843 0.01 1526 380 220.354
915 3.98556 1060 372 234.771
769 3.44884 2000 539 893.453
742 7.64648 500 486 222.433
329 5.10346 803 443 269.139
795 4.81946 1016 268 122.814
1000 11.9702 1069 521 603.003
892 4.84836 1886 557 986.291
26 3.0657 1128 430 310.041
941 0.0978748 857 634 344.476
358 1.62042 1035 447 250.154
549 6.40475 1250 379 324.36
833 4.23104 1628 504 672.598
569 10.2012 698 428 256.831
1000 6.55253 1694 378 439.654
597 6.29268 1236 315 220.613
278 3.27564 1235 384 275.948
614 1.89109 1822 396 364.78
519 0.01 1458 249 90.3975
655 2.64203 1229 700 856.306
820 8.59482 1493 325 305.025
427 5.65056 1496 313 256.789
703 0.51802 1498 503 379.007
342 8.73113 500 349 118.212
790 10.9457 1527 480 717.448
440 6.32795 1513 397 429.534
0 6.84522 1516 679 1282.82
641 5.5552 1181 453 422.831
138 0.01 1621 435 306.734
711 3.78884 988 403 253.287
758 3.70874 619 422 172.982
132 0.01 1301 292 110.928
833 4.14803 743 286 98.3234
702 4.61017 1048 466 378.628
342 6.1119 660 319 119.964
643 9.46106 1597 392 484.898
926 3.4441 1074 459 347.796
876 3.37183 1704 450 527.206
983 6.18097 1800 678 1481.98
720 8.01271 1618 505 785.557
523 5.6253 1693 474 665.714
135 6.16821 1372 472 547.18
846 0.833872 1586 446 315.481
664 7.69495 1379 220 125.892
0 9.08751 513 506 257.235
73 5.61729 1543 441 525.005
621 7.10071 500 238 52.4326
173 4.09385 839 624 526.662
571 3.9363 1488 332 261.616
387 2.03268 1401 234 100.346
240 3.44578 625 469 211.34
278 8.25445 1686 700 1583.45
684 6.54916 661 248 73.8355
725 3.67397 818 553 391.521
344 7.61227 1502 478 645.704
272 5.41634 1279 475 500.303
434 0.341594 1268 364 168.005
872 6.06912 1611 285 233.328
407 3.33698 1372 373 290.785
537 7.5859 1369 268 184.856
370 6.55788 1676 310 292.615
438 10.0512 1141 668 1019.41
1000 9.48355 1748 426 627.135
374 1.21497 1080 214 53.6423
244 8.8078 1741 489 809.667
534 7.86464 554 389 158.918
824 10.3973 1899 334 427.274
430 3.54613 975 200 60.4404
691 6.32693 1059 269 138.026
634 1.05368 1399 266 101.235
744 9.77903 1150 451 465.552
294 2.28694 1426 420 341.916
1000 0.01 1307 320 133.837
802 2.63661 863 544 362.925
503 4.40452 1876 392 473.893
912 0.01 1337 395 208.605
383 6.21482 627 575 371.781
0 7.07441 1133 306 196.233
487 7.46108 1780 314 328.678
441 0.01 1745 468 382.197
1000 9.40216 1477 362 381.922
197 8.84274 944 558 572.156
520 3.20765 1371 214 94.5679
186 11.1784 990 270 147.834
489 3.86309 945 318 151.651
596 2.24305 1422 624 747.949
366 7.99523 1389 290 222.279
85 12 1328 458 579.19
561 8.50116 1303 522 685.055
627 9.11799 963 274 141.697
707 2.75174 549 472 176.076
414 1.52234 1111 461 279.204
413 0.837226 1417 275 107.161
877 6.43662 1132 411 345.849
155 4.00395 1480 362 310.795
430 0.01 1482 566 474.768
270 2.53415 1551 474 489.197
353 1.85385 1330 200 67.4616
996 5.22729 500 231 45.8445
0 3.21903 1740 239 149.854
602 5.13829 1121 486 452.983
0 7.79994 1359 424 462.267
379 8.4747 1204 595 821.856
409 4.43429 961 545 470.071
322 4.09674 1105 447 356.009
586 4.52019 1494 310 237.637
626 5.49098 1343 682 1086.69
217 8.70304 684 376 187.568
0 8.54526 1074 249 128.632
24 9.05149 919 452 367.385
917 6.96905 1521 372 387.955
368 2.09918 1426 424 338.922
235 7.99672 1488 553 865.908
359 11.8993 1400 386 432.942
170 6.05391 944 560 527.551
533 3.78168 1531 644 1001.77
793 4.39413 1805 345 352.955
85 10.0708 626 632 500.845
233 7.90482 1438 542 801.731
401 4.09167 1473 563 752.589
673 0.0264316 500 490 120.05
358 6.09688 1415 420 445.574
391 12 1383 404 469.329
173 0.01 1738 456 361.393
104 6.06606 771 399 218.841
314 4.15782 1450 306 219.797
703 11.0808 1385 200 113.269
640 10.0927 664 541 389.459
226 8.02005 605 512 301.997
657 6.95843 1246 691 1096.19
535 5.63135 1143 582 677.77
484 2.58512 1892 529 747.851
32 7.67962 1133 512 559.963
1000 4.74504 930 600 561.205
377 7.7946 880 468 364.626
328 12 510 243 62.6145
393 5.03032 1513 328 276.977
510 3.34555 609 432 173.262
237 6.08731 1783 370 435.565
261 6.87818 1107 566 651.631
723 4.55296 555 700 450.973
910 0.01 1465 700 717.85
585 3.19609 671 350 123.676
338 8.15431 893 371 234.935
700 4.27257 1461 483 555.796
752 1.29218 1289 391 219.002
227 6.13366 1156 543 609.336
616 6.61549 1898 548 1037.68
148 3.37646 1125 569 556.713
596 10.6374 947 454 395.622
638 8.2619 753 331 158.158
911 5.46041 1504 426 474.158
460 1.9875 1371 440 344.604
271 0.01 1609 306 150.66
751 3.3528 1661 563 803.105
343 1.93534 500 356 81.5392
886 8.94786 699 200 54.5701
518 7.57848 1148 264 150.387
527 9.1891 1235 405 397.702
562 2.68612 1332 304 175.923
521 4.93768 1217 511 538.175
243 6.27108 1385 333 276.038
535 1.65062 1543 369 255.823
452 5.3757 1244 519 579.843
210 6.96359 1261 268 166.906
428 7.26906 1116 452 424.423
144 5.43877 973 395 263.47
472 4.08238 1372 470 488.227
285 9.57846 665 621 508.106
160 7.16803 500 200 37.108
125 6.65032 1715 447 624.638
780 10.9151 1209 511 643.396
703 5.16234 1088 472 415.175
742 10.6899 1598 306 303.596
786 7.02975 1834 316 338.241
481 8.22379 500 359 123.408
546 7.42522 951 220 86.1058
0 5.27641 1331 200 91.6973
566 4.99845 1078 521 497.102
304 3.12971 1133 307 159.696
561 8.13208 1835 417 609.519
143 9.22497 1142 308 212.874
273 7.26889 1197 255 144.887
0 5.3601 1155 291 169.124
178 5.35308 1406 678 1117.22
292 7.60069 1051 236 110.099
340 7.80137 1280 247 147.762
284 0.01 500 504 127.008
497 1.20601 879 347 114.45
783 6.70928 589 229 56.4219
469 2.93579 578 608 313.603
343 7.7912 1106 495 512.62
173 6.19908 1116 468 438.1
461 8.12305 1754 512 878.09
708 12 1120 495 570.586
358 5.88716 1229 362 285.049
246 6.27658 1394 573 822.801
1000 5.14393 500 470 189.013
413 7.65239 1276 425 434.173
218 12 1258 279 203.602
239 1.9905 1674 700 1065.49
0 6.20783 1048 700 920.71
521 8.45014 594 343 134.656
233 7.4396 683 523 349.643
262 6.16349 818 652 622.386
475 6.18866 1230 286 180.251
665 5.01656 1499 580 857.453
562 8.27127 1622 633 1246.26
78 8.07388 1878 427 653.011
552 3.81345 1497 411 399.875
759 0.844387 1642 567 527.885
0 8.63227 1207 389 353.622
522 8.0639 813 370 212.198
648 3.03337 1872 619 1062.95
212 5.13489 1612 559 861.628
367 9.25532 1237 315 241.357
487 3.20615 1016 565 488.44
574 0.239271 1211 524 332.512
764 4.06247 912 598 524.682
430 7.64438 1290 497 600.111
620 5.31031 1205 462 443.701
628 7.87796 1894 377 510.5
115 9.33317 1095 555 664.466
58 11.3068 1647 420 596.558
162 12 800 700 815.039
391 1.40905 552 614 239.094
491 2.18123 2000 612 1002.81
768 6.10624 500 254 57.6055
756 10.1427 1214 334 271.691
275 2.8049 1024 438 284.441
643 6.58402 1551 200 112.819
780 10.7811 1265 528 716.842
807 3.70981 962 700 739.761
651 6.97047 500 560 289.023
597 1.33571 500 384 82.9964
379 10.1353 971 693 935.366
696 6.8109 1121 646 857.594
880 0.896512 2000 358 256.328
407 4.24719 500 576 270.083
697 3.75532 1282 200 80.7479
401 6.86973 1274 253 149.798
594 9.53069 589 562 368.181
445 5.66953 500 444 172.844
501 6.47805 1392 289 210.601
544 4.65248 577 426 174.626
285 3.29633 1219 330 201.517
0 5.42966 1639 230 150.41
146 5.99126 1398 369 338.356
1000 2.16274 1463 488 465.122
278 6.76581 1384 491 610.697
351 6.07052 1066 411 321.105
460 6.59392 1476 431 498.779
863 3.86131 1166 646 772.09
259 1.06621 1314 428 247.406
306 9.70831 857 533 483.799
195 6.64024 951 421 307.14
462 4.41839 1089 547 536.091
725 3.75069 1491 468 514.049
231 4.93265 1091 433 346.32
551 0.28776 1043 627 410.034
346 8.17793 1621 491 747.446
535 0.01 1973 357 251.457
586 5.75927 1075 468 414.48
369 10.6335 1188 539 699.485
812 7.85465 1251 393 366.168
671 8.04814 1110 562 668.112
732 4.47591 718 362 155.331
522 10.5863 1042 274 158.394
572 9.5251 1197 676 1082.44
415 6.08865 1374 560 768.926
0 5.94343 1115 402 319.661
836 3.46895 912 492 340.018
538 5.04522 1413 700 1179.02
554 6.47508 500 599 324.938
525 0.01 1420 495 347.935
847 9.47056 1208 401 383.906
271 4.82005 1523 312 249.521
551 3.8639 848 367 181.264
643 7.57487 1045 579 658.396
508 6.00407 1438 482 594.147
582 0.368763 2000 470 441.8
787 6.96562 1404 241 150.285
494 12 1142 407 393.321
272 12 1986 282 328.375
864 3.16635 1584 700 1164.67
285 9.2256 1766 630 1377.31
628 2.45182 841 486 276.009
0 4.62555 1225 200 81.593
393 7.64784 1487 476 634.599
783 3.11625 1202 625 701.307
937 4.98082 1791 427 554.256
596 6.78927 1651 335 339.406
658 4.61231 1560 659 1127.27
940 6.01937 1371 591 852.163
183 4.75229 1115 200 74.7899
379 4.17518 2000 341 376.907
306 11.1644 1338 409 458.351
335 3.87888 2000 425 573.92
388 2.71001 1669 407 396.171
988 4.6111 1573 527 726.863
795 0.01 1248 463 267.533
384 9.0025 2000 200 156.349
675 6.44811 568 474 230.912
623 9.74532 820 487 386.778
726 6.86603 906 562 525.582
977 3.78877 1052 457 346.81
441 11.4357 950 438 375.122
725 4.33884 1395 476 517.53
647 7.03729 1692 572 1022.72
895 0.01 1517 700 743.33
55 6.30674 1981 534 1016.7
683 5.49596 979 422 303.367
0 11.9414 1337 374 388.439
325 9.76564 2000 359 512.869
333 5.21315 1596 284 221.037
570 3.70134 1768 518 744.025
551 6.09079 1484 621 1021.35
688 5.26572 1738 458 627.592
331 12 1917 452 814.313
254 9.77366 1420 585 967.087
110 12 1133 320 241.225
212 9.55592 1557 669 1379.96
267 3.69913 1149 496 443.258
324 5.88304 720 309 121.654
391 8.93733 1554 349 369.322
600 3.92531 500 524 218.82
763 8.73563 1684 475 737.6
1000 5.96884 1110 236 109.79
647 8.58448 1588 624 1195.67
744 9.65539 778 493 375.304
587 8.20368 1251 569 775.221
780 5.12482 1273 568 702.166
534 8.32143 1042 563 634.206
204 12 1362 700 1387.6
764 12 1246 200 103.626
392 1.66697 1438 474 394.786
146 8.77083 1667 391 495.189
363 5.68843 1624 407 472.117
505 4.29465 970 503 400.751
802 4.51729 1636 214 123.987
1000 11.3323 1819 394 580.087
0 9.55608 1972 688 1848.46
195 4.98513 1497 530 713.885
258 6.3813 534 431 179.04
690 5.88241 1141 635 814.137
187 10.6271 1114 206 95.7961
416 4.78824 1923 618 1233.99
267 7.37489 756 595 499.892
131 7.63169 1507 296 248.576
549 4.85756 921 331 170.169
217 3.21136 828 514 329.595
676 5.88765 1139 597 718.508
179 8.54943 1777 499 854.833
470 5.80565 1829 437 616.082
763 3.54308 1117 307 163.113
141 9.97928 907 499 451.484
370 3.06627 1744 504 658.574
307 3.47382 1241 541 559.648
215 4.98991 788 499 333.188
326 4.7359 1251 553 640.954
716 6.39051 1399 403 410.236
424 11.5579 1715 339 406.572
664 4.31258 929 586 521.505
305 9.33378 1141 263 155.481
357 6.46655 1416 700 1256.32
549 8.57575 1027 603 721.935
406 6.15065 2000 468 783.633
522 0.0515979 2000 391 305.762
329 7.20553 846 687 741.74
494 4.62945 1662 566 886.78
757 4.83434 1003 680 781.174
580 1.28051 1850 700 1003.84
594 5.79236 1491 340 303.845
202 11.28 500 226 52.4119
1000 10.4564 1197 200 96.688
747 5.77865 1791 570 1025.2
5 2.65798 1815 700 1266.92
144 1.09338 1444 502 378.003
543 12 963 378 286.09
672 11.0636 618 472 281.405
483 8.99083 1853 547 1083.25
145 4.18379 1828 417 515.447
527 4.5905 1118 200 74.3184
91 2.51001 709 483 231.509
955 5.92939 1233 392 335.928
100 11.7317 1461 247 184.451
236 2.74977 1464 519 567.579
776 3.66868 1461 315 226.803
829 7.65231 1134 352 264.686
826 6.93553 1295 393 368.237
485 2.74131 1041 464 322.28
606 0.01 2000 499 498.002
355 6.38798 1596 448 578.3
558 8.30234 1407 548 810.915
367 0.01 1148 324 120.512
145 7.62415 1696 499 794.86
844 4.14449 906 543 432.08
693 0.883039 1333 615 504.174
1000 2.17084 923 200 49.3483
682 5.34923 1572 476 615.578
746 2.93931 1077 460 334.603
651 3.55044 811 200 50.2912
136 1.35372 1264 542 420.156
651 7.89709 1565 200 118.781
244 8.14263 500 440 184.962
540 5.46641 970 700 825.93
857 4.79476 1247 561 659.629
543 7.43027 999 700 915.876
235 4.7447 913 619 586.381
633 6.77303 1092 478 456.789
163 2.18553 552 363 97.4346
684 1.96759 737 434 179.622
692 3.52592 1388 363 282.989
593 9.48813 1110 700 1075.39
238 6.11181 1257 509 581.693
411 9.87641 1080 574 709.746
777 6.81076 853 374 218.726
688 6.6185 902 532 464.817
994 8.51761 2000 455 799.248
706 8.39234 1445 231 148.344
703 6.33172 899 619 620.555
376 4.7651 868 415 250.857
615 0.01 1508 330 164.221
506 4.08797 800 552 392.826
319 2.38064 1111 334 170.626
994 6.08189 1065 401 305.522
270 6.25317 1396 528 699.011
563 2.7973 1237 520 483.912
632 8.04377 725 700 676.914
568 9.92865 1023 438 391.902
258 6.45613 1199 278 167.718
771 7.68742 1588 416 518.237
926 8.52791 679 700 642.411
580 8.01035 1609 243 180.866
730 4.46168 1109 658 792.018
44 5.73663 1365 435 454.247
313 7.77667 500 262 64.8958
832 3.93298 1418 500 565.329
485 3.38518 1670 443 501.299
438 1.93625 883 532 321.625
626 6.42624 797 542 423.297
250 10.2365 1146 200 92.1453
586 4.68384 1110 474 416.632
888 2.15405 786 564 333.345
810 4.93345 1102 663 820.171
840 0.01 1113 533 316.191
641 3.20466 798 526 332.458
502 6.39352 1109 494 488.698
536 7.52083 1549 363 382.965
529 8.31151 1363 245 157.057
941 12 1241 537 744.068
880 5.02921 2000 360 441.029
275 6.61443 970 507 453.917
709 7.43039 1087 441 395.533
380 7.88715 1322 398 397.234
369 3.83588 1073 490 408.047
540 7.24173 1272 264 164.881
294 10.8317 742 700 739.775
265 12 633 242 77.0774
843 3.87737 1071 466 369.453
433 10.7009 1429 328 311.998
106 5.02577 1570 499 665.054
0 9.1892 1420 397 439.391
426 2.72701 1254 340 208.121
285 7.29728 500 567 299.493
573 7.65202 1536 562 913.888
633 4.41645 1379 470 501.124
474 4.83907 1036 477 397.132
983 7.89996 1386 356 333.329
0 10.3671 2000 401 648.239
290 7.50001 1197 402 362.712
886 12 1122 698 1136.57
1000 11.2223 1391 371 392.506
511 7.84182 1415 508 691.766
641 8.83338 2000 480 896.775
25 2.10411 1575 700 1021.08
0 1.49045 1259 389 223.532
671 5.78163 933 507 422.587
447 3.33425 686 586 358.772
0 1.29007 1423 370 216.357
525 1.94653 727 596 332.942
445 5.7589 1924 482 786.856
1000 3.34359 500 248 46.8726
405 9.51359 1509 560 936.197
710 1.01151 1038 261 71.0609
646 1.15327 1373 415 251.11
1000 2.0398 1020 668 596.057
575 8.32493 1037 610 741.013
978 0.0778174 1134 685 532.101
386 2.58659 981 205 58.2419
602 3.2817 1580 553 732.546
508 5.1742 1369 374 328.184
624 3.98356 882 374 197.426
8 5.92969 1580 435 530.093
762 8.97016 1103 646 898.873
705 4.20099 1644 425 482.05
981 2.70955 1472 200 84.369
581 7.19791 2000 316 370.906
477 3.9576 1348 301 195.095
893 12 1226 256 167.056
590 7.7554 742 468 307.091
26 11.3047 1239 453 522.049
377 1.3626 2000 303 208.29
973 3.96103 2000 373 444.603
584 3.2835 969 435 278.034
762 9.19747 811 460 336.98
162 8.9361 1527 280 233.585
651 9.28081 500 385 145.823
341 5.58319 1545 301 244.526
0 5.87886 1056 333 207.182
0 9.59291 1412 270 204.012
518 3.75237 1246 525 540.662
464 2.92347 1322 448 388.948
563 4.98068 1256 333 236.393
827 2.19799 500 265 47.1219
0 5.37002 673 274 87.409
322 5.68361 1759 280 241.972
295 8.17417 1423 700 1333.49
693 5.88794 1225 485 510.016
748 4.97099 532 439 173.932
128 7.28893 884 598 588.829
576 10.544 2000 422 720.529
666 5.42963 1344 582 789.746
314 6.54984 1624 617 1122.86
29 5.9355 1687 263 206.941
551 5.5006 1303 303 208.2
513 6.70788 1507 492 666.321
641 5.81164 927 317 164.35
643 2.96935 1810 526 737.485
595 4.04002 1651 648 1113.64
0 8.07876 1735 655 1419.75
324 7.60925 951 510 465.36
723 3.22365 1592 554 736.994
869 2.6414 1402 370 272.898
616 3.34481 1449 419 387.782
377 6.03774 669 410 200.275
929 0.01 1607 554 493.214
432 7.29733 1044 508 501.971
389 6.68471 1926 474 789.761
184 5.32213 1808 477 710.064
787 3.9884 1659 535 760.135
356 2.53266 1039 639 595.461
596 4.18524 1163 525 519.846
706 5.70513 1462 370 351.513
481 3.61674 856 551 404.979
276 4.55713 1596 200 105.891
653 0.279289 1193 531 336.379
751 11.7355 1809 329 405.225
580 0.296194 1098 440 212.573
255 5.20884 1943 422 594.022
756 9.84677 2000 330 434.139
658 4.71745 1874 200 125.461
786 4.89937 1202 350 248.865
172 5.58164 973 579 569.775
422 10.9805 1578 561 1013.43
266 0.01 1820 350 222.95
353 6.88904 740 417 236.53
683 3.39521 1215 625 726.564
586 1.71275 1964 291 205.18
313 7.9751 713 398 214.786
979 8.92994 1064 653 885.098
332 9.07381 500 257 64.655
946 1.37813 625 532 201.529
550 8.77591 1016 625 771.244
145 4.43033 1404 552 704.353
371 8.86346 802 560 489.836
353 7.04889 1374 464 546.705
79 6.84451 1616 395 462.757
355 5.58847 896 301 141.843
531 1.09608 1387 693 692.645
440 7.6622 1372 521 701.765
380 2.20644 1012 434 256.129
622 2.30011 1396 200 76.0401
162 5.57351 1034 434 340.076
1000 5.54395 711 386 184.734
93 5.95987 1418 435 476.333
0 0.01 855 493 207.807
226 4.27271 1091 639 726.443
254 6.94045 500 439 177.437
432 7.40284 1614 362 395.387
340 3.43889 992 462 325.316
599 1.35794 1180 526 369.86
90 6.901 2000 404 600.28
692 9.86054 890 288 147.19
180 0.01 860 228 44.7062
65 6.79309 1120 386 305.727
211 10.7452 1346 591 954.94
448 9.53253 1514 342 350.485
317 0.01 1193 700 584.57
772 11.034 1579 369 439.184
303 6.03594 500 504 226.169
618 10.4608 1405 324 297.868
579 4.50274 768 463 272.221
1000 3.00434 1647 689 1155.4
554 8.07343 1527 611 1087.14
680 5.85705 1424 335 282.49
355 5.79654 978 500 431.095
280 4.94149 2000 341 393.927
543 3.30105 1714 410 437.559
513 6.8535 1462 273 200.044
278 5.81518 1193 462 449.326
0 11.9474 902 597 667.804
896 7.21025 1650 592 1074.39
660 5.87793 1135 501 504.027
0 3.93939 1261 221 98.2601
537 5.94602 1172 200 83.1757
232 1.15248 767 461 173.05
0 12 930 673 875.801
792 0.305072 813 367 109.502
579 12 985 617 779.649
480 9.81686 963 497 473.83
87 7.00129 1146 275 159.915
497 10.2007 1093 279 170.895
649 7.29001 807 354 188.378
157 10.8173 1859 551 1148.04
500 3.91883 1439 476 519.437
592 11.5133 1274 274 197.147
69 11.3745 663 319 138.709
423 3.64296 1107 408 287.738
387 8.25454 1228 405 386.065
96 6.34596 500 524 247.461
455 8.28882 1043 700 980.484
352 7.60522 1199 647 944.153
1000 3.08009 500 603 270.628
576 8.09569 1136 404 353.816
0 8.44301 1223 519 634.643
627 7.18057 1593 350 362.215
311 6.33317 1215 339 251.559
601 6.51674 791 534 409.17
587 6.21243 1457 439 503.538
254 1.15548 1226 414 223.32
446 1.82402 950 299 107.1
370 3.99083 1390 552 678.112
288 3.7462 1113 587 603.48
494 2.01145 908 303 108.664
789 7.04411 1009 544 551.76
192 12 1263 434 494.624
231 5.40473 834 383 211.985
577 7.0967 797 488 351.332
226 7.56279 761 299 127.815
744 8.9406 2000 636 1578.64
486 8.05799 1274 535 695.107
0 11.0477 992 494 494.643
497 0.01 1631 540 475.6
1000 9.83114 1589 488 754.023
616 8.39338 500 407 159.349
136 2.27205 1058 559 448.438
682 6.59772 1827 502 837.67
281 3.11805 1000 410 251.122
865 2.7148 1486 429 392.106
955 1.01493 586 326 62.6785
0 7.90928 1684 478 730.341
510 10.8374 1205 566 785.54
402 11.0089 1179 700 1179.54
745 4.34863 875 396 224.805
459 7.39199 942 606 646.472
262 8.00286 862 548 492.678
435 3.29303 500 348 91.8935
681 5.94105 1572 364 369.467
570 5.56499 2000 399 555.759
334 9.94995 1080 435 408.281
523 7.48275 1406 386 392.594
815 3.41366 739 396 177.68
498 2.86014 1462 527 591.351
741 5.66838 657 325 121.682
327 3.73164 500 587 270.814
222 3.64216 1650 394 399.926
766 4.98304 1684 577 951.704
743 1.62741 735 459 187.601
221 5.26971 1709 489 703.621
311 8.77071 1435 442 544.725
247 3.58276 1639 224 127.816
872 8.43714 1406 504 687.934
334 5.4372 1231 415 367.915
340 5.51283 1720 319 304.791
483 4.72549 1384 540 675.764
744 6.71004 742 367 182.562
239 2.09225 1703 612 842.351
550 9.712 1115 467 483.252
1000 4.37494 1832 539 873.382
568 10.1403 867 331 190.554
284 4.0686 952 431 284.621
711 0.01 1142 200 45.68
472 8.32875 1734 235 183.915
446 5.30536 870 417 260.921
338 9.36322 1563 395 480.766
102 11.24 1290 611 987.617
413 4.55344 1317 560 684.913
132 2.67404 1038 286 121.173
435 7.25322 1776 343 388.748
187 9.42364 1769 220 169.032
0 0.809058 1407 476 318.792
876 6.65361 1327 531 682.119
720 2.73812 1565 543 663.296
622 6.87923 1312 370 330.046
975 3.89263 871 500 346.275
624 6.04303 1729 584 1050.38
497 3.95262 1374 471 486.746
455 9.94574 958 409 320.132
505 3.20216 1996 346 359.73
109 5.69969 1497 529 735.565
427 7.3383 1276 517 636.281
688 12 1534 300 287.052
624 0.220236 1546 581 521.869
831 6.26519 2000 637 1458.28
209 6.83051 1538 406 465.066
672 2.36432 896 484 288.332
47 8.62071 1584 675 1396.9
0 3.82651 858 404 221.655
695 5.46828 1697 600 1061.69
402 5.78069 1426 547 751.788
542 5.9623 1966 528 973.085
503 0.01 1117 700 547.33
527 7.38977 1487 552 846.667
187 3.49098 2000 688 1460.69
33 8.94515 1135 426 401.979
1000 6.04152 531 415 162.888
796 1.7246 1622 511 523.785
437 9.01519 1963 327 410.352
720 10.2328 848 357 217.234
271 3.30437 1481 502 566.951
1 7.28766 1962 449 736.73
405 6.50222 1163 222 103.92
387 5.75715 816 501 360.52
292 3.92659 516 257 54.3261
504 8.49296 1152 376 314.176
902 3.5987 805 416 216.787
608 6.75965 886 471 359.674
0 10.765 1175 350 292.483
225 2.67518 1646 552 715.879
675 10.6122 972 238 111.537
144 7.27303 1026 328 205.498
675 5.70859 1343 475 532.254
499 2.77317 1760 505 647.672
690 7.94389 1051 552 608.474
344 6.89287 1461 700 1316.09
726 7.60278 1132 347 256.382
728 10.4482 818 340 190.922
596 6.20256 2000 469 788.591
618 5.26653 733 331 138.253
824 4.12795 2000 200 129.259
1000 12 1562 383 476.399
393 8.63381 981 346 227.39
798 1.68257 1731 418 370.793
678 8.90533 1629 556 981.81
958 4.34713 1175 680 890.068
768 4.24266 1769 684 1347.09
985 5.94969 1357 590 838.221
657 3.19918 914 353 171.413
225 8.28529 1109 311 205.765
659 2.67485 1007 521 390.139
1000 4.77054 1424 412 405.736
1000 5.59397 1014 200 70.8875
341 7.80972 1044 578 660.12
633 0.681765 1763 700 863.87
1000 6.11318 609 542 319.567
604 3.0573 1154 363 225.863
408 3.78172 934 200 58.9425
957 8.37271 1038 419 350.408
531 0.01 1730 700 847.7
610 9.79067 500 673 450.848
418 3.31779 908 534 393.781
233 0.075272 969 459 204.15
778 12 500 435 196.717
912 9.51144 1410 402 450.766
684 7.48691 1036 479 445.523
672 2.38315 1304 464 386.63
503 2.16413 1190 461 337.693
769 5.92411 1368 395 378.353
534 5.80612 1172 474 464.467
541 6.02215 653 499 289.383
530 6.84041 722 700 649.215
352 7.17249 1624 495 738.409
363 1.78774 1683 426 382.484
775 6.40048 1746 540 919.603
0 2.98572 1030 534 433.238
235 8.81153 919 672 807.207
643 9.3964 1603 403 513.644
191 4.29502 1002 311 158.258
272 1.90588 1103 520 381.79
1000 3.4465 1439 373 307.793
545 3.74679 1307 255 133.742
717 5.44446 794 475 310.99
495 5.54954 871 200 60.7699
679 0.01 968 609 359.013
1000 6.76193 1167 449 430.558
448 5.25756 1146 520 533.234
481 4.79392 1331 410 376.04
673 9.25368 795 459 329.341
651 7.89217 1269 683 1123.09
541 1.89213 1171 343 175.922
232 8.91427 1148 330 243.794
328 0.989889 1089 473 243.641
352 10.4145 1350 421 482.771
619 5.06121 1073 464 393.704
481 8.49652 1136 200 87.6647
829 4.21878 1439 498 579.993
523 10.7026 1326 510 699.956
635 9.91657 2000 573 1310.93
173 11.5906 1486 460 649.032
1000 1.36594 1589 389 273.013
407 12 1625 541 988.872
829 9.85037 1572 594 1105.68
838 6.09675 1245 228 115.532
132 3.09202 987 543 433.684
787 10.9835 1220 688 1178.49
418 0.314553 924 488 220.045
1000 10.919 1184 440 467.197
302 0.401168 1454 545 431.874
557 7.80364 1117 434 398.127
349 3.514 500 700 378.722
599 5.71301 909 304 147.587
704 1.36368 787 200 35.7207
594 8.8903 991 298 171.514
695 3.63578 1244 341 225.746
528 3.0751 985 677 671.7
265 4.82327 2000 398 533.296
533 7.0713 717 348 160.595
798 5.06419 706 390 183.035
725 11.8747 1236 536 736.694
921 6.80108 698 667 569.075
187 7.73488 946 601 645.277
741 0.347138 1502 638 611.38
0 4.08925 1212 494 476.679
92 1.79862 816 339 117.683
477 9.56399 1436 284 229.402
253 7.42499 783 489 350.254
569 0.01 1384 453 284.009
650 7.52036 867 541 476.104
544 6.09149 1262 331 246.767
637 6.04039 1288 516 610.794
509 3.23797 1397 605 772.258
895 3.90173 1057 253 107.661
1000 7.67515 1821 471 761.523
564 0.01 1354 700 663.46
657 0.01 1050 278 81.1482
263 3.92872 1339 460 451.703
257 6.4593 1146 383 304.302
527 7.35105 800 359 192.43
378 4.41119 1501 367 332.477
259 2.16855 500 256 43.7836
675 10.1397 856 431 318.981
255 10.6754 1206 572 800.367
743 6.44841 933 362 221.231
880 6.9005 1195 423 393.19
987 6.6086 1248 638 924.599
405 0.463148 550 693 264.137
1000 7.14738 1449 552 818.636
868 10.3953 1231 506 635.668
373 9.54406 1081 495 524.376
568 5.98111 1417 458 528.123
651 4.60797 1616 660 1170.99
730 11.0168 1155 200 94.3429
614 2.85194 1362 579 664.414
512 5.83678 1327 523 641.073
7 8.54514 1342 326 275.506
860 3.04001 964 224 71.7262
228 4.39816 877 487 341.796
613 9.4193 1142 223 112.106
0 6.06167 900 367 216.086
460 1.85674 1366 568 559.145
311 2.90995 1119 405 268.687
955 6.20192 500 700 439.169
0 10.8873 1084 472 491.912
30 5.61068 663 534 330.666
529 0.01 915 571 298.328
1000 11.5859 1271 700 1285.39
321 3.479 1071 376 233.397
442 7.6861 1079 587 701.087
609 6.36235 1821 298 291.667
201 9.77947 1151 323 239.002
259 4.75219 1053 529 494.135
453 8.49183 1146 526 611.63
582 6.01486 775 389 208.657
415 0.01 894 236 49.7922
514 1.42225 1266 501 366.378
425 2.8176 1463 364 281.047
612 11.1712 1319 571 880.782
454 8.1007 1046 200 79.8526
752 4.79149 1250 628 828.439
610 1.75962 1135 365 188.32
357 5.66749 1573 592 966.609
283 9.6744 1574 464 672.88
489 5.7104 897 200 63.0292
319 2.83339 500 579 243.436
936 2.68968 873 404 203.715
0 8.74927 645 442 244.707
534 1.65629 1063 521 351.772
385 4.70863 911 491 367.409
540 7.80823 1367 321 266.579
234 6.62193 672 483 285.476
433 3.33518 1482 531 636.46
579 3.87512 932 444 291.817
296 4.87018 840 657 611.879
738 1.08772 1294 475 302.621
135 5.21546 873 486 354.104
721 8.47083 1712 555 1016.67
379 6.38174 1520 364 363.504
0 9.94733 1089 347 261.95
303 6.98766 762 394 218.166
163 6.29896 1676 603 1096.49
137 3.1037 1672 583 847.827
651 10.2992 1161 504 593.601
293 6.23035 1681 595 1067.94
661 5.70751 1144 556 621.17
485 9.4633 1612 556 984.716
238 6.69118 675 431 228.897
654 7.03536 1756 428 594.219
0 0.0510206 697 599 250.084
588 5.67693 1394 457 510.685
501 3.30689 944 433 268.922
298 2.84011 1059 439 296.613
613 10.0633 1075 368 291.561
930 6.62609 2000 374 509.5
316 9.51791 1091 445 427.455
636 2.35888 901 389 187.155
429 11.1329 1033 200 84.5658
877 3.42573 1431 549 661.947
333 4.81817 1555 281 206.632
504 1.96092 500 403 104.954
1000 7.14986 1616 381 434.981
505 4.17669 892 200 57.8313
611 4.33728 1408 200 92.2081
334 0.840606 500 443 98.1245
175 9.77744 1314 572 855.637
183 6.25763 1145 690 979.285
750 10.8524 1413 504 730.6
592 4.49309 1742 593 1012.3
803 0.01 500 568 161.312
336 1.47679 1536 700 880.076
1000 7.15784 1251 623 900.588
652 5.09725 1641 308 265.784
428 8.1078 1638 476 708.454
387 3.54159 1001 298 137.713
351 9.15048 1563 352 379.857
487 5.21104 1551 588 920.699
743 5.74506 1436 315 250.677
675 5.62917 1053 542 541.471
137 5.31511 544 431 174.37
406 5.01746 2000 334 379.398
539 1.16962 1540 224 82.529
678 4.76595 1535 382 375.894
1000 3.59416 1349 393 324.111
582 2.50198 1191 248 102.426
746 7.79134 2000 452 772.928
736 6.67467 1570 346 342.909
652 3.80511 500 439 152.285
704 4.43092 1029 200 67.7697
0 0.116146 1680 543 495.346
335 6.25444 776 200 55.7537
260 11.4508 1247 413 437.914
0 11.2988 1735 289 297.502
537 0.01 1222 211 54.4047
615 4.01197 1319 399 336.683
486 10.3912 1066 464 462.836
147 1.68931 1170 603 522.295
28 12 936 420 343.294
177 0.730113 571 638 232.422
853 9.64268 554 461 233.613
349 7.31703 1393 200 103.881
486 3.42489 1766 474 608.914
766 10.1917 1601 537 927.165
634 4.37851 573 384 138.679
144 7.52321 796 267 106.478
426 5.97208 1703 375 425.354
262 8.51123 1342 432 483.365
187 8.08244 1915 491 880.655
685 7.84192 1674 427 578.213
717 7.13693 1389 408 428.566
300 0.300693 1118 383 163.998
436 5.02273 1780 499 753.893
1000 10.035 2000 667 1780.91
132 10.2447 1197 533 683.679
125 2.93896 1285 542 554.224
443 6.54996 1427 341 301.374
489 10.156 1598 485 754.306
637 5.62113 1464 343 301.386
717 12 500 398 164.675
231 8.61887 875 368 229.343
436 0.588675 1782 288 147.806
157 5.46926 1854 400 515.539
172 10.1824 1181 641 974.311
352 4.01394 1489 288 198.047
875 2.54097 1487 557 648.183
887 7.88212 1745 438 634.935
572 5.17986 1761 531 851.216
905 5.49862 916 572 521.555
484 8.03625 1691 436 612.384
402 4.24835 957 514 411.672
157 12 1119 466 505.236
21 3.69463 1642 490 618.006
612 7.0712 925 363 225.428
771 5.82433 1273 464 483.804
347 7.04639 1431 336 298.547
22 8.14996 1735 522 903.517
676 6.71724 1136 350 254.272
83 1.09224 1464 342 177.796
53 4.62282 893 389 224.978
866 7.63436 1008 477 431.812
170 9.4377 718 456 294.844
277 4.21858 1611 672 1182.31
766 12 657 223 67.9309
0 4.75325 799 305 124.646
331 5.54536 2000 590 1214.12
618 3.45115 919 311 136.704
418 12 558 438 222.574
190 7.62886 1695 319 324.696
309 6.29962 1090 264 136.691
546 7.36794 746 358 178.538
631 5.70988 1672 526 812.62
769 8.98869 1415 578 923.569
417 1.50683 1276 529 420.66
313 8.91151 601 649 493.614
307 3.40651 679 489 248.791
699 6.3899 1849 412 566.666
0 1.44349 1365 222 77.9968
737 2.99544 1364 238 114.075
930 3.21588 791 368 161.463
940 5.39125 1233 256 139.931
529 4.721 1817 289 254.048
671 3.93066 1178 545 557.896
680 9.82816 1428 411 480.622
309 3.22846 1071 372 223.647
456 4.04672 1201 700 945.764
597 9.0359 1036 416 350.678
822 9.79831 675 338 153.547
0 1.80582 1251 611 586.898
753 3.05926 1634 230 128.415
730 6.55777 771 393 216.34
674 6.58297 500 279 70.7739
350 11.5254 1176 502 610.985
615 5.49369 1414 570 799.309
653 5.7388 1050 231 98.5451
89 7.00501 1747 606 1183.94
826 9.25557 1615 483 740.865
678 8.17073 2000 477 870.19
0 0.855475 1155 299 103.258
726 0.01 1375 700 673.75
739 3.31148 2000 563 963.6
305 8.44792 1354 307 245.879
466 4.74737 1344 403 365.932
424 8.42718 1964 531 1066.39
164 3.4719 866 490 320.325
757 4.85241 564 382 138.756
454 0.01 1141 414 195.563
957 7.37732 1568 433 549.13
543 10.0379 878 376 248.46
193 8.45105 1599 488 733.753
403 7.40658 717 505 341.865
743 5.0832 1233 519 566.646
468 3.80783 1624 312 249.884
792 1.01803 974 460 207.698
179 7.35135 511 570 309.862
226 7.73345 1187 390 340.932
737 5.93855 1422 426 457.714
1000 8.17929 1013 568 625.11
990 0.01 1515 584 516.7
386 3.60047 1555 473 541.455
195 8.91092 1597 424 559.827
324 0.754388 1413 398 223.825
300 5.00967 1526 400 415.025
33 1.81104 789 498 246.145
937 4.20685 1604 200 104.193
909 6.66096 987 487 426.864
274 12 1508 457 654.826
466 8.33224 1155 206 94.1434
556 5.53439 1115 547 581.52
456 9.23408 1358 291 226.014
523 9.29129 1072 482 490.152
1000 0.808342 1266 566 405.571
487 6.35138 821 593 520.495
661 6.3859 1250 499 561.878
545 7.22541 1571 445 578.287
20 4.03374 1561 611 935.733
396 11.6092 994 700 1005.68
607 5.85576 1444 520 690.166
415 9.89253 500 700 488.85
525 6.25746 720 563 409.97
0 1.76466 1768 409 368.704
757 2.17748 933 318 126.234
383 12 1429 256 194.717
482 6.76151 1400 442 500.535
664 7.33906 1543 426 522.412
1000 7.09864 1515 446 557.866
510 3.64725 946 538 427.688
310 5.75864 649 448 229.294
0 2.25353 1179 355 201.013
61 10.6139 500 200 40.5175
694 10.1103 1983 488 946.73
458 6.3931 932 351 207.338
380 4.26269 1812 571 962.795
550 9.76704 2000 565 1270.36
336 3.96579 922 341 171.359
564 3.72877 1388 377 310.031
493 6.82485 1209 512 581.283
1000 4.56482 1334 436 420.81
193 9.35249 1172 531 651.309
128 2.81704 1097 573 522.182
969 3.968 1023 508 422.022
756 2.90746 984 365 191.857
519 0.01 500 594 176.418
679 5.45501 500 518 233.012
431 10.133 558 361 145.856
151 4.05802 1885 586 1041.06
288 12 1162 402 390.437
147 12 1314 446 543.447
373 3.14021 1008 472 336.166
845 5.73686 1088 365 254.918
249 4.31048 1024 298 148.636
132 9.14428 1001 457 409.994
685 8.38584 1043 492 485.643
156 8.25378 1838 518 945.254
592 12 897 209 81.4662
696 1.30659 929 327 110.874
674 10.0921 1383 618 1058.5
567 3.97205 1083 477 394.019
953 2.40446 1752 239 138.207
501 7.14592 1077 439 384.829
1000 10.7842 714 663 637.995
392 9.90229 1250 573 819.072
18 3.22752 1194 622 697.006
627 0.211965 920 260 62.192
483 8.63168 1548 618 1144.66
992 4.1811 1017 584 562.351
509 4.7399 1861 401 501.475
834 5.5926 1818 518 852.509
289 1.12226 1427 375 210.725
730 0.369897 1870 237 105.036
470 8.04395 1054 458 421.283
198 6.09086 1822 700 1593.33
403 1.33687 1045 295 102.408
655 0.01 1570 378 224.328
255 2.29747 952 439 249.749
524 4.95962 945 466 347.927
768 7.14343 1990 388 555.398
484 3.27821 762 489 276.164
407 5.80528 1039 533 520.625
745 2.38373 500 530 193.436
388 10.2683 818 480 379.101
408 12 1033 371 295.625
35 3.2832 800 454 250.026
862 7.83716 928 496 432.442
579 0.964721 1722 613 647.074
567 5.9254 1273 441 438.879
635 5.1338 500 577 284.727
585 9.14479 1090 390 325.141
332 7.33764 729 454 280.316
433 5.56259 1746 243 179.937
921 9.48578 832 398 260.563
794 0.01 1804 550 545.71
1000 6.98079 1781 391 502.06
541 5.70162 1087 586 655.464
273 3.66798 1031 437 308.018
557 7.8743 1378 534 745.107
529 0.01 1583 589 549.176
333 6.44619 1481 392 411.755
287 3.37388 1878 348 347.548
319 8.26781 1670 390 487.031
479 4.83128 1504 564 805.683
178 11.4152 1741 511 935.357
354 5.13993 1200 345 244.376
0 9.88642 1425 405 466.312
477 5.91553 1469 493 632.671
93 7.9687 1589 270 220.253
0 12 913 637 770.268
422 5.44229 1103 640 784.207
710 12 1220 257 167.54
562 4.86168 1400 356 299.287
0 4.63953 1319 256 144.053
1000 7.34668 739 472 307.228
428 5.37051 866 621 577.765
415 0.01 615 475 138.759
167 8.01421 1079 540 599.024
469 7.7056 924 200 69.7364
529 12 1429 554 911.893
337 5.3909 817 200 56.5907
263 6.79565 1327 552 740.848
292 5.61167 686 365 159.854
1000 8.58621 1011 288 162.162
807 3.19687 727 366 146.539
0 6.90299 1196 521 597.031
8 8.04927 906 552 526.107
537 0.01 2000 499 498.002
247 12 1150 662 1047.87
234 7.22806 1265 634 945.265
290 4.61829 1468 289 204.08
637 8.20557 1361 320 266.762
361 6.0483 1631 700 1423.86
893 7.89681 1889 398 567.765
600 3.53699 1512 519 630.718
561 10.2972 1384 260 188.307
294 11.5291 1556 326 340.95
750 7.48261 1680 278 243.322
405 10.9777 1334 347 327.758
335 8.49486 1535 334 330.346
555 3.25723 826 200 49.9845
605 8.65533 1761 536 980.126
234 4.10096 733 345 140.717
490 4.89109 1011 369 232.562
380 0.107885 1556 512 407.896
180 0.01 893 418 156.029
521 0.863394 887 205 37.2762
522 5.91728 1257 299 199.146
779 0.887856 948 460 200.597
910 10.0466 1975 477 899.647
401 6.16583 1658 624 1155.59
0 11.2691 1201 333 273.266
495 3.94137 1355 362 283.331
632 4.86296 2000 540 983.8
388 10.9558 1448 498 732.456
505 6.99346 1401 612 967.977
768 7.40354 1771 228 172.107
316 1.77357 817 501 256.099
780 4.55646 710 308 111.714
0 7.60045 1582 573 976.939
635 4.16297 1311 200 84.9215
560 2.38919 1554 680 990.369
688 5.95084 1929 586 1175.5
495 6.53075 974 506 452.614
272 9.34024 1514 450 604.082
238 3.43893 2000 675 1400.07
454 4.64007 1874 535 893.9
407 11.8218 1022 433 397.155
262 7.247 2000 597 1325.95
835 2.9703 746 378 156.988
581 3.83302 1237 478 447.564
274 4.83155 500 239 48.0984
446 8.35325 1374 402 426.736
240 7.46611 1727 200 129.393
825 3.65685 1423 691 1062.06
169 6.70417 1616 200 118.055
563 0.01 500 500 125
553 7.2191 1246 327 247.612
768 3.53873 1002 599 556.839
242 11.9497 1682 330 380.509
553 6.06671 1187 492 512.296
667 4.42525 1439 496 582.69
1000 0.01 571 637 231.694
82 2.91656 1566 437 438.081
550 3.73837 1361 561 673.636
475 2.4093 961 369 180.821
894 1.31195 2000 405 366.733
311 5.9739 1411 358 321.217
599 7.77356 1064 482 467.348
0 5.49162 1359 490 567.657
583 9.91344 1305 457 544.067
680 7.90168 1560 656 1273.98
1000 4.59508 1246 299 185.169
555 2.78163 507 627 287.873
564 6.06291 1520 226 138.399
521 4.08432 1763 506 727.245
753 9.32746 1752 572 1129.12
558 11.0137 1276 628 1027.57
394 4.99341 500 513 223.483
0 6.49771 1337 436 460.728
762 0.01 1405 260 94.978
724 12 868 326 191.799
410 8.75903 1172 464 490.134
582 6.42695 1646 402 480.93
1000 7.89087 957 304 167.786
707 2.58949 1801 308 241.448
594 3.72658 1133 406 293.457
375 7.60905 1341 656 1085.68
570 1.79821 1553 700 954.897
584 7.10767 1046 465 418.808
664 2.43762 1738 536 692.541
422 0.63837 500 281 39.4805
414 4.04712 986 622 613.074
674 2.99013 1617 437 455.688
504 7.81482 977 224 92.7946
411 5.84556 2000 572 1156.15
768 6.71139 650 581 400.829
784 10.0212 1397 465 604.41
200 9.44645 1402 276 210.956
153 6.83224 792 639 593.28
666 5.77921 1069 344 222.878
825 5.53084 1054 521 498.61
319 10.9068 929 200 75.7208
452 5.0442 1631 351 342.161
556 4.69528 1735 307 273.353
561 9.69734 842 204 69.6136
320 3.7985 1627 547 768.976
741 11.5401 1471 566 971.803
0 1.96199 1087 422 250.237
555 2.49463 1670 332 257.153
615 5.78756 1106 667 867.231
515 5.6479 1399 486 578.89
521 0.01 969 253 62.0247
825 7.38386 1255 503 593.229
619 4.66061 1711 263 197.457
470 11.4821 882 620 698.431
410 5.68963 758 499 331.259
233 3.67523 1392 663 957.766
646 6.52793 1257 340 263.704
373 3.40237 1516 470 512.97
206 4.67218 1003 451 340.601
813 4.49363 1579 360 338.185
495 6.18725 1769 525 873.499
395 1.43245 1270 392 225.613
165 2.58908 1652 700 1143.91
191 6.93837 1059 696 944.559
311 1.63603 659 491 192.838
830 5.7411 1618 464 612.744
295 6.97497 750 537 398.715
647 0.278238 1807 608 667.983
741 8.11524 1688 469 708.912
247 0.01 930 489 222.383
484 0.01 1083 564 344.498
579 7.52516 818 312 149.422
617 1.01455 1116 476 254.445
236 9.26577 1152 585 775.43
97 7.66048 1312 562 780.812
0 0.23027 1235 559 385.914
738 9.29807 1223 375 338.533
270 6.64895 1739 328 341.016
715 6.12807 1421 700 1244.5
505 9.08468 1495 371 402.968
0 6.01928 1687 556 928.055
571 7.5402 1244 302 213.004
694 7.36905 1005 338 214.407
446 3.78446 804 249 78.6616
369 7.9333 1249 290 199.52
608 3.27831 1805 596 971.782
546 11.4006 1198 275 186.355
514 0.01 860 580 289.304
530 8.17455 714 615 516.466
142 7.84442 1571 640 1219.12
1000 4.5765 1394 562 731.11
375 5.66417 1482 656 1118.08
626 1.92943 1074 598 493.691
1000 4.29328 1229 507 515.82
884 2.59411 1945 219 131.903
230 9.45086 1439 545 844.354
334 1.88424 1020 213 59.0087
837 8.15852 510 526 269.737
668 5.00465 500 255 55.2509
662 12 933 363 255.616
596 5.79008 1321 355 293.45
256 3.60724 1540 528 668.538
1000 9.03675 1418 497 685.11
727 7.30054 1440 495 657.459
503 0.751143 2000 461 425.042
519 7.70495 646 305 113.384
87 3.94607 500 355 100.578
720 4.71631 1545 320 264.777
348 12 1356 467 614.874
789 2.90717 1611 281 186.163
451 6.02791 1577 372 388.489
302 10.7406 1962 295 346.784
438 3.46011 1470 566 724.793
654 0.01 1319 412 223.892
461 8.54286 1020 334 219.792
208 7.56528 1809 296 297.789
395 3.30871 894 518 364.538
790 2.63061 1257 665 789.377
94 7.89645 500 577 315.855
586 0.230955 1350 340 156.06
234 4.69752 1591 491 641.262
828 1.61584 1554 574 618.707
779 4.39167 565 606 340.826
648 11.3606 1493 441 596.807
335 11.5339 706 639 594.416
584 5.4144 925 620 616.399
568 6.88469 928 700 835.723
458 7.1143 1213 399 357.667
809 4.95396 825 300 125.85
669 12 1090 511 591.78
624 7.09326 1308 382 353.268
484 5.65579 1278 376 316.638
960 5.98555 778 430 255.64
781 5.79803 656 559 361.451
896 4.94196 1141 211 86.0475
855 4.50885 1065 459 371.132
529 0.01 759 503 192.034
625 2.64861 1352 347 231.657
85 2.02115 1140 599 534.033
667 4.45458 1524 427 458.153
186 7.46663 1290 419 424.213
798 5.60109 1337 580 786.315
577 2.17168 1178 477 358.3
827 7.478 1549 384 427.99
615 3.99502 1824 422 520.214
133 4.21129 1411 389 346.835
317 5.31253 500 392 132.558
244 5.65417 1361 366 319.482
592 7.03521 983 345 216.134
617 7.06973 853 683 735.905
316 10.4493 1610 645 1352.38
41 10.6874 1158 430 434.41
820 3.76901 638 307 94.7799
753 5.20178 1422 277 187.247
683 4.00232 1368 444 432.115
618 0.01 1139 408 189.602
398 2.10307 770 630 404.281
726 7.93247 604 659 498.226
648 0.01 1721 436 327.155
305 7.21465 737 200 54.7802
550 5.53636 659 483 267.999
297 0.01 1343 391 205.319
310 4.38657 1550 320 260.638
0 5.44897 537 559 291.357
680 9.97566 751 601 542.237
0 3.19265 752 498 280.523
386 5.12678 1333 547 681.964
646 6.25684 929 326 177.355
944 7.9145 904 471 380.718
737 6.62107 1896 450 699.127
223 6.19884 1530 247 167.301
403 1.34324 1025 326 122.893
245 8.35602 877 453 345.899
896 9.14871 1120 390 334.122
364 7.62938 1236 678 1069.57
135 1.85464 873 240 63.7742
642 8.67951 517 700 491.079
710 8.17036 1748 390 508.409
474 7.8382 890 345 200.659
795 5.10204 667 485 267.937
398 4.8388 1223 475 464.885
214 5.5853 923 470 356.207
508 8.6841 1770 409 574.032
107 1.89319 1555 506 508.497
143 12 991 700 1009.63
799 2.12727 1689 469 493.305
116 7.57735 1391 392 401.74
503 7.67134 1331 488 597.447
1000 5.51205 1796 440 605.464
374 2.29676 976 485 312.484
697 0.736313 1160 360 150.336
925 8.15612 1143 279 170.069
497 3.61495 1166 463 389.454
210 4.86287 828 387 209.189
342 3.10746 1404 516 557.896
565 5.49875 1331 413 395.088
415 4.07634 1890 515 807.189
341 2.69721 1257 700 881.343
714 9.27076 1541 612 1135.36
0 6.78451 520 510 247.717
442 8.82493 1257 696 1184.76
433 7.77212 1168 224 110.796
571 0.01 965 476 218.646
252 8.11196 1784 468 745.97
303 12 500 615 393.199
502 6.1531 1133 262 139.144
62 5.71685 1026 421 319.538
404 6.6969 698 501 319.891
714 7.72895 1295 478 558.67
210 9.05959 1317 700 1262.98
404 5.11111 1765 580 1014.42
180 0.01 1217 496 299.401
89 7.29742 890 448 332.812
532 10.704 1010 269 148.329
215 8.00944 1015 329 209.139
347 4.47815 500 361 107.586
805 9.60803 1245 403 400.887
290 7.42602 1330 342 291.019
725 7.00222 500 620 354.654
503 9.13284 1616 446 630.233
850 12 965 425 362.408
300 6.47052 1034 520 506.327
551 6.32493 1092 686 925.546
448 5.82809 500 456 183.558
484 6.07149 1008 416 311.079
1000 6.70099 1269 601 837.036
618 8.99707 1024 366 268.046
749 6.16304 1691 360 392.24
254 9.22352 1201 340 272.798
435 9.78886 1596 454 654.874
603 4.76254 1158 482 451.391
674 1.19642 1035 334 124.453
927 2.85146 1334 608 717.54
0 8.57688 2000 477 879.777
726 0.504027 863 542 253.518
0 7.33563 2000 355 470.184
35 4.00951 1203 564 613.454
505 7.66413 1457 203 113.146
687 9.3941 500 565 314.892
132 4.48393 1529 565 806.166
0 8.41036 529 528 283.865
882 0.01 1582 637 641.927
784 4.10202 1006 540 473.172
761 3.15061 929 466 302.283
405 3.51617 500 700 378.787
872 7.2327 1437 359 344.346
73 4.82492 729 397 193.428
630 4.18971 1125 680 843.86
797 1.18308 1680 672 814.055
90 5.82736 833 316 146.852
438 3.40032 1203 666 817.216
244 5.48247 1419 582 835.838
48 1.84392 1330 377 239.265
704 2.93242 947 385 205.953
44 8.27327 1214 499 579.689
961 0.01 1825 221 89.1348
343 11.5276 500 457 215.296
0 9.78187 1238 594 869.438
1000 7.57591 1528 351 353.806
546 9.46302 1945 638 1564.42
763 7.21171 1381 551 779.025
349 2.61464 910 526 356.869
687 2.20819 1232 289 138.299
0 11.0953 500 258 68.0664
0 5.53615 1274 462 474.026
306 4.35713 959 398 249.01
660 2.15272 988 700 645.326
1000 0.01 1779 374 248.839
265 8.00963 1671 507 817.657
533 6.6304 1324 491 581.42
553 0.01 1544 439 297.561
311 12 500 508 268.281
644 4.24046 902 605 537.298
774 9.8334 1426 387 425.583
822 12 1798 200 149.535
39 9.25404 1741 651 1450.83
429 7.86239 1241 421 416.939
947 7.63513 730 545 408.248
199 0.414095 1465 521 397.661
878 7.50971 1767 529 927.456
436 0.748258 1884 574 620.733
437 0.01 1423 349 173.323
447 8.82277 1450 565 900.574
162 8.33715 1463 358 360.198
354 10.5026 1381 306 261.376
581 5.32619 980 290 142.288
412 9.64459 1329 452 538.773
455 10.1158 865 380 250.437
595 5.56951 1184 278 159.75
586 8.39521 766 529 412.432
1000 4.7355 1796 590 1047.42
654 9.22879 1650 481 750.185
350 4.75342 1501 470 556.046
741 7.60503 1259 412 402.006
508 3.31121 905 588 475.601
734 5.91994 1217 516 574.29
412 12 723 425 271.524
569 9.8649 1701 669 1518.11
770 3.59194 1806 339 322.804
27 12 1260 336 295.761
915 6.63953 1510 327 294.207
574 6.15752 1838 374 460.042
772 9.57719 1195 677 1085.13
1000 6.82749 745 505 348.498
372 8.39709 1831 439 678.971
845 7.67659 1018 503 485.55
754 6.24792 500 527 249.364
751 3.20004 696 700 513.318
546 8.05526 1163 242 129.823
515 8.96202 1157 427 411.869
1000 1.6572 1331 700 795.263
219 0.853311 675 263 46.6891
738 6.6598 747 700 667.441
478 9.71226 698 433 260.075
931 7.87023 1309 700 1216.11
585 9.96725 1386 434 521.751
538 9.42634 2000 411 667.016
837 0.125725 1276 535 365.223
659 0.01 1023 262 70.2228
922 9.68532 1283 421 451.643
0 6.00095 1313 574 769.261
1000 6.28646 851 631 609.363
402 3.9019 526 423 149.766
548 9.20942 1304 263 177.167
466 6.96958 1572 256 189.892
0 4.13642 1178 454 392.524
660 6.12095 1512 564 859.39
554 12 1504 572 1023.13
366 3.22955 1081 521 442.824
482 5.16201 1287 244 131.241
143 7.76697 1336 508 651.709
375 12 1089 344 267.94
162 3.57066 1077 200 66.8924
476 8.61828 862 549 502.837
744 5.36862 1012 296 153.382
580 0.01 1560 566 499.755
246 7.0311 1042 403 312.572
816 5.31835 767 273 98.6519
632 6.24954 998 507 460.698
572 8.96723 1804 569 1140.48
386 7.5122 763 519 385.512
853 6.6989 1318 494 587.315
96 4.93933 1012 531 483.279
622 4.82689 1548 599 935.149
675 9.18145 1993 487 927.825
427 6.77818 1554 494 694.416
56 6.3811 1065 631 765.351
0 5.56633 1337 361 304.146
537 6.92356 1545 295 247.439
783 3.58394 1285 652 849.083
592 2.95673 962 200 56.5968
131 4.00117 2000 330 348.956
708 4.03675 1616 637 1053.11
894 5.97869 1621 519 775.727
464 3.18606 1523 449 461.556
228 0.01 606 501 152.107
689 8.15169 867 244 98.6542
523 10.9365 1048 582 723.767
374 3.52189 1037 403 260.505
END
