Delay, Zoom, Max Iter, Resolution, Estimated cost
625 8.4263 2000 418 672.91
245 8.5749 1699 804 2123.19
158 8.78486 1258 353 304.696
490 10 941 632 751.716
373 3.19277 1180 145 37.3177
1000 1.33489 1346 438 290.615
745 9.8473 2000 374 557.634
485 5.42402 1361 357 300.832
368 8.89347 1522 1000 2966.49
459 1 1430 208 61.8675
804 4.91827 1190 742 1108.43
615 6.53829 785 381 206.875
448 8.87404 2000 965 3628.28
171 1 1817 288 150.709
160 7.06536 1005 283 148.836
0 5.39432 1522 992 2594
984 6.97711 1357 584 853.277
802 4.69748 1606 828 1840.8
445 6.52118 944 525 472.069
594 4.48614 713 645 489.988
1000 6.3567 1444 624 1013.88
544 6.89719 1176 541 632.858
381 2.62043 1482 344 248.746
947 2.25152 769 664 458.556
844 8.68559 1024 151 45.2675
687 7.97178 827 654 672.62
559 4.28449 1007 537 473.883
148 4.5352 1128 504 474.665
549 5.4038 1211 404 342.476
645 9.07481 2000 923 3335.88
483 1.67202 1216 434 280.172
233 5.54447 1396 499 606.175
258 2.65618 1518 471 479.625
406 6.74783 500 100 9.14582
208 1 521 729 276.881
724 6.54964 1662 497 745.61
376 3.50582 1210 811 1229.41
656 6.59665 940 613 642.627
350 4.75032 1248 464 450.518
0 5.11942 1274 157 53.6744
12 8.67252 1732 495 822.517
836 9.28843 1138 645 931.696
1000 4.66831 1240 585 708.323
268 6.41893 1485 627 1055.19
402 7.16534 1031 675 871.496
436 3.60596 861 610 498.835
775 6.04009 1430 648 1069.45
832 3.9729 1923 568 992.096
931 6.85457 799 909 1212.11
565 4.46659 1533 903 2062.51
109 4.11043 1215 606 720.103
629 3.40144 1655 745 1406.93
749 3.97558 1236 556 611.118
0 5.57933 737 643 532.204
720 8.00122 1542 848 2110.33
300 5.12382 943 437 307.87
453 4.86515 1622 433 513.058
539 3.32149 539 100 8.19999
719 4.41005 1881 431 574.596
645 5.09327 1417 953 2196.79
436 6.61688 859 668 697.868
107 5.40867 500 694 417.359
687 10 1134 658 981.962
868 2.83785 1373 271 146.511
885 5.25714 1570 546 805.383
71 4.18532 762 1000 1235.76
95 3.80925 1033 299 145.992
896 5.93236 1663 355 371.632
515 1 1470 505 374.887
443 3.46777 1213 617 711.158
0 6.28391 1535 229 144.752
239 4.77796 1642 497 681.082
510 1.9809 1418 783 1127.44
184 4.26264 774 518 338.456
499 6.79319 1962 518 964.498
221 7.3096 1075 925 1714.4
618 7.51269 1310 262 168.678
245 5.35667 500 524 237.357
682 5.96774 1877 537 961.19
362 2.99216 944 1000 1393.33
183 10 1340 414 459.341
909 9.96351 1618 540 942.869
510 4.28891 1215 1000 1983.3
888 3.47122 1140 446 349.326
583 1.80868 1433 100 18.018
784 9.01341 1874 567 1177.76
712 2.51782 1449 326 215.749
518 2.86732 500 579 244.303
191 4.78674 1003 100 16.8508
621 1 1179 545 350.192
173 10 1513 133 53.5269
583 8.79029 919 436 339.614
818 5.11127 1520 522 707.631
831 4.87873 1432 398 382.966
350 2.39736 1353 351 229.989
648 6.59709 1827 489 794.828
379 8.52882 988 855 1394.59
462 4.9765 1650 612 1048.69
257 2.67793 866 926 1060.25
602 8.22855 1515 1000 2901.71
0 5.23872 861 596 525.81
540 6.57435 744 620 519.894
192 3.29238 1712 430 480.366
0 4.53776 1336 621 853.632
17 7.18195 1305 574 798.121
533 3.09362 1626 523 662.897
104 10 1756 483 819.311
295 3.52043 1028 788 987.239
987 7.12992 1347 807 1625.59
0 2.12272 1811 200 96.1202
258 5.02343 1099 1000 1869.4
595 4.24457 1257 701 1005.5
777 2.37459 685 866 706.667
509 5.49612 1382 754 1367.14
617 7.82194 1707 292 275.564
686 5.05087 1259 820 1441.99
180 9.52486 1002 733 1065.35
452 7.02098 956 345 210.098
1000 6.03266 500 622 344.425
304 4.41306 1602 691 1258.1
350 6.19764 1565 523 767.203
311 5.09056 1490 625 993.391
711 1 1095 552 333.651
818 4.00374 1101 851 1277.72
101 7.11743 1712 560 994.481
356 6.91062 2000 301 333.324
290 6.90667 590 517 290.054
473 6.20833 665 796 755.478
624 6.88706 1491 925 2344.85
245 7.54955 708 442 259.75
0 7.30427 854 573 522.534
783 5.40884 1032 622 691.967
267 7.91907 1677 552 970.201
417 6.26956 957 651 728.919
534 8.12187 1808 514 912.179
293 6.49752 749 653 578.956
1000 6.1079 1685 673 1362.97
678 7.11196 952 380 254.591
395 1.67236 1904 134 41.8235
46 1 897 351 110.511
343 2.29872 1359 421 327.942
619 3.39984 1116 441 332.389
547 4.49302 1090 434 339.279
709 4.4566 1048 839 1216.49
931 7.84809 700 241 77.0349
315 6.92861 1396 213 116.578
906 3.67813 1123 366 235.521
603 6.04029 1524 490 651.711
444 3.38192 1309 952 1814.13
476 4.42898 1748 838 2020.87
537 4.45532 1936 270 232.714
496 3.82404 866 405 224.79
735 8.20482 1295 124 38.1128
511 6.19016 1483 372 367.699
435 7.94716 1228 302 212.821
345 6.88485 769 363 186.234
734 6.56191 633 497 284.105
457 9.29762 1544 420 536.109
483 6.63872 1404 823 1732.75
518 2.50157 1102 103 16.3467
384 6.75196 1383 596 898.733
443 4.95226 968 490 393.901
404 9.42522 1257 871 1882.71
373 3.61603 1229 658 829.155
647 3.40303 1021 894 1250.03
906 5.79791 1721 561 955.049
479 6.66952 835 809 996.853
416 4.10582 1082 221 85.2617
714 1.2654 1507 555 511.647
617 7.36228 890 982 1602.36
664 2.78585 1515 309 209.018
682 8.1306 1730 731 1765.8
404 1.94442 1455 835 1307.43
516 4.37298 1925 517 844.231
568 3.01202 786 639 474.625
400 6.4074 1213 746 1219.61
504 8.29927 1158 624 865.29
741 3.19377 1322 575 657.51
333 3.9278 1456 691 1108.27
425 5.52623 1286 473 501.324
704 10 1430 780 1740.02
313 6.21468 1152 464 444.805
135 6.34121 1320 225 120.43
444 3.82003 1533 739 1324.51
174 7.5055 1184 311 214.764
924 1.68145 1012 817 827.948
413 3.4565 1602 789 1534.45
9 7.4492 1317 934 2150.85
360 10 1292 193 96.2514
1000 6.75696 1034 668 844.239
0 7.74538 1458 1000 2754.22
956 5.62773 1083 100 18.9561
995 6.41651 1144 678 950.42
196 4.86516 1195 654 862.31
15 3.67444 1168 445 362.018
568 7.8216 1626 293 264.286
164 6.90904 706 100 12.9863
1000 2.36433 2000 545 816.052
463 10 1102 371 303.361
325 3.78022 911 405 235.723
397 7.97574 1600 237 170.913
750 5.4873 1752 218 144.823
504 7.40318 1342 818 1678.67
532 5.97392 1219 507 556.578
100 5.5003 1469 524 701.989
1000 3.86109 1303 355 260.555
0 7.3871 1764 861 2443.39
439 1 1942 505 495.259
310 3.56402 1554 950 2176.57
725 5.64291 500 509 226.891
788 4.10072 830 1000 1338.67
465 9.86621 1223 582 826.096
743 5.40862 938 489 388.723
782 1.19149 1316 860 1047.37
128 3.32556 1004 833 1060.23
394 6.37685 1691 100 30.5159
334 6.82705 1338 942 2177.77
640 7.93924 1497 892 2262.84
510 3.25442 1252 471 420.082
330 7.78297 673 629 503.548
448 10 1082 365 288.299
401 6.37539 829 222 73.7257
619 2.13208 1120 608 550.156
404 2.93952 1050 218 73.2673
476 6.25108 1170 366 281.477
241 6.05308 1185 612 790.903
551 4.2942 1144 342 218.491
601 6.85013 1824 658 1449.7
182 7.05554 1059 992 1926.4
0 5.21919 1421 840 1722.17
326 6.53981 1579 843 2037.27
271 7.77326 1748 644 1370.61
0 1.84877 1491 777 1140.4
392 7.41324 1645 366 412.07
669 3.94887 1447 1000 2310.1
675 2.42679 1172 972 1533.63
314 4.2134 1100 605 654.122
159 6.41043 1233 838 1564.52
180 2.6427 1169 493 404.038
476 6.33859 590 911 882.352
347 1 864 922 734.473
486 3.50526 1006 544 459.881
547 6.0827 2000 714 1819.05
607 8.5481 1650 808 2081.06
272 10 1243 582 842.068
671 5.12292 1021 563 553.243
869 5.62327 778 712 690.2
203 7.04244 1570 935 2536.06
509 8.05702 2000 967 3564.89
526 1 1800 761 1042.42
57 5.09446 1059 664 797.059
149 4.90383 628 609 393.748
863 4.06286 1590 808 1670.05
679 5.97651 1499 348 322.487
167 5.2584 500 516 229.094
753 9.09597 1647 583 1096.56
890 1 1348 567 433.367
364 6.32692 875 697 765.656
556 7.94796 1758 634 1342.79
549 6.34359 1833 740 1809.1
620 9.87415 1124 1000 2241.82
606 10 569 560 356.877
882 8.64711 1351 770 1551.45
932 4.86305 1424 780 1461.47
0 4.92451 1433 823 1642.63
984 4.83274 1881 619 1213.84
698 1.12322 500 985 509.594
297 6.62477 1362 937 2177.75
778 7.97601 1340 551 773.695
381 8.22992 1164 592 781.367
433 4.45873 513 555 260.603
607 8.78858 1365 361 345.8
326 7.28289 2000 213 168.982
642 9.78441 1066 276 161.639
480 1.89571 1046 497 330.139
546 3.85515 1457 100 23.1086
365 10 1451 618 1108.34
1000 5.15288 842 445 285.462
538 6.5517 945 887 1350.45
624 4.2934 1490 350 298.027
368 1.61758 500 548 181.514
524 9.91808 893 348 215.905
681 6.40361 843 702 750.45
77 6.20364 848 149 33.7492
390 5.21065 1037 877 1369.37
149 8.13578 1403 1000 2680.29
567 5.88944 2000 466 768.764
47 3.71395 1490 538 677.025
0 3.26856 896 886 1065.13
222 8.04065 561 696 517.777
525 1.43682 500 318 58.5206
560 4.34689 530 949 781.933
711 5.72891 500 887 691.598
0 5.82441 881 426 282.229
411 7.90487 1292 587 844.911
688 6.77999 1564 772 1706.92
422 10 925 818 1237.88
470 6.14345 954 903 1391.21
765 2.29859 788 495 262.87
706 2.79406 1530 1000 2212.74
585 3.38937 1503 451 467.775
507 2.09007 2000 816 1758.08
478 8.82305 1184 589 799.172
136 4.57867 1272 555 650.691
379 8.48683 1371 553 808.654
320 4.04648 2000 414 550.893
259 6.27767 1180 680 980.937
932 8.20713 542 505 264.586
1000 3.38583 1862 654 1218.24
570 5.74552 1076 326 201.185
675 2.33571 1230 658 728.746
380 1.5527 840 579 335.413
405 5.52877 895 701 766.415
0 3.54269 1025 256 104.076
824 5.83145 1563 694 1329.27
424 1.33958 1959 582 747.812
869 2.48312 1319 827 1258.43
335 8.05136 1186 883 1762.38
234 6.33434 693 664 550.493
272 10 796 644 660.26
922 4.51886 1261 412 354.254
403 6.26186 1624 496 717.837
799 1 862 541 252.291
399 7.74371 1310 596 878.99
318 4.98298 1249 556 655.419
237 7.70595 1280 711 1220.9
663 5.53321 1919 832 2315.33
441 6.9833 1275 190 84.8775
0 8.50252 771 1000 1487.68
748 4.47291 1464 686 1137.18
81 1.41546 1652 275 143.785
61 4.90945 2000 887 2660.9
169 5.83146 566 557 310.072
168 6.20075 911 858 1202.09
304 9.32412 1700 161 86.7921
637 3.49139 1578 312 237.018
634 5.7533 957 615 637.022
258 5.14787 1235 532 598.273
448 4.72476 1018 309 162.749
881 1.78774 1239 298 137.789
764 8.77826 769 681 693.082
422 7.10793 1525 486 666.996
453 2.30595 1234 432 313.856
149 1.57038 1121 438 257.209
987 4.93738 1078 332 201.224
309 4.99825 1617 100 27.4699
474 1 835 562 263.73
286 5.14721 590 404 164.82
697 1.04593 1587 543 477.05
954 3.17343 1001 710 757.678
423 4.91987 1662 100 28.1203
636 6.31733 1110 1000 1998.59
583 3.35775 1520 678 1066.28
228 1.88976 1110 892 1127.31
702 9.2875 1443 456 590.471
782 3.12446 1510 811 1484.55
756 6.23628 1653 846 2123.54
3 6.34347 1614 100 29.0896
751 10 1245 521 675.888
316 8.118 608 684 543.155
396 2.26792 1160 479 360.803
72 3.05205 1894 638 1144.53
580 3.67653 717 381 162.932
47 7.77166 500 128 15.4871
370 5.64048 679 654 508.616
203 4.02166 681 308 103.648
840 2.14277 500 859 491.051
622 5.68551 1021 719 926.197
522 9.35814 1216 395 373.987
511 8.60548 1333 774 1545.05
722 1.68996 1082 622 514
553 7.81864 1301 756 1407.67
755 7.52997 529 512 260.263
630 3.10666 1586 504 601.2
267 5.59403 1631 694 1372.92
912 2.2176 1768 100 23.7952
683 7.83589 968 283 146.841
485 7.37071 1232 471 510.405
450 7.24761 1052 507 503.026
144 6.09534 1057 360 244.522
814 7.04603 1042 570 625.614
475 3.27257 741 658 486.016
578 2.91069 1201 534 501.378
430 5.59872 1232 677 987.078
747 3.45705 1548 452 486.635
634 8.642 1467 147 61.3915
534 4.48839 2000 693 1586.83
184 8.76562 2000 705 1931.22
416 4.82728 954 132 27.9873
690 6.4239 1269 540 668.958
151 6.18346 2000 537 1033.07
995 3.36747 832 696 615.555
551 7.28103 595 100 11.08
527 5.43924 1144 477 451.749
898 9.02388 997 799 1244.58
288 4.75136 715 598 428.74
369 4.7376 1048 847 1259.76
398 6.75831 500 1000 914.919
771 4.75406 1407 579 791.045
100 5.63823 1611 508 728.022
522 7.2809 1117 814 1378.24
233 5.6136 1571 424 494.035
805 5.98127 1229 152 50.4517
691 2.58325 1232 310 167.194
716 7.78211 1395 359 339.998
945 6.28782 719 744 715.789
584 9.45129 1130 154 52.9413
861 10 1671 622 1292.97
427 5.18251 1294 480 511.169
457 3.35862 1901 841 2051.99
564 2.98681 513 589 262.543
307 4.50027 1997 736 1788.42
510 4.35031 1287 465 455.97
1000 10 1481 638 1205.66
541 5.53238 500 502 219.61
499 7.74274 1708 943 2868.92
236 2.19719 1241 817 1111.54
502 6.1534 1620 716 1485.87
286 1 1091 629 431.644
1000 8.06583 1436 875 2096.24
483 5.14736 1729 804 1912.96
291 2.33446 1538 406 346.86
615 7.92733 884 465 363.005
802 10 1034 277 158.676
286 7.32498 815 790 948.518
374 3.13057 1251 702 922.048
525 7.41613 1105 816 1376.02
517 5.28875 1382 567 765.682
957 4.80074 1923 287 266.312
483 4.93349 989 652 711.849
580 8.01221 1012 135 35.1122
563 3.76395 1645 687 1223.31
470 5.90189 1516 450 543.676
638 5.15662 500 616 324.884
379 4.64569 1582 487 625.48
658 9.59141 1619 737 1742.85
703 8.55488 1390 291 227.434
521 3.01431 1232 699 890.407
0 4.03439 1704 495 670.448
0 1.91826 1836 528 656.653
1000 3.31466 1433 413 371.634
279 7.30952 1046 611 727.837
396 6.70719 1319 338 275.237
254 6.92749 755 576 461.048
0 8.07003 1573 678 1378.83
0 7.50094 1750 229 172.083
970 4.60354 1039 485 406.458
635 7.55128 767 153 33.7193
945 5.1521 1791 454 631.985
383 3.17663 1010 602 549.762
144 7.88915 745 566 452.755
457 10 545 575 360.381
413 3.32753 1247 839 1336.1
416 4.08776 1201 408 322.173
689 1 886 239 50.6092
257 3.80728 1251 449 398.635
574 7.61988 1224 301 208.7
742 3.58664 997 788 962.478
153 7.06218 1315 1000 2431.35
458 3.68773 500 798 498.859
434 5.31174 1028 154 42.0614
283 6.62417 1956 538 1031.04
527 4.38689 688 482 262.48
333 5.66529 1216 265 149.714
339 7.22562 1654 744 1701.89
853 6.36694 958 100 17.2817
418 6.52239 1534 229 145.959
628 3.22274 1829 332 304.058
399 6.74743 1541 188 99.6242
273 3.88952 1397 159 56.1513
384 8.73426 979 614 716.466
511 6.06901 1117 414 341.377
480 6.33529 1583 500 713.049
279 7.24714 802 346 178.599
556 1.9786 1834 216 110.926
470 4.49121 1273 516 560.058
243 7.57665 1573 552 900.832
289 5.63069 1931 662 1481.41
398 10 834 848 1199.47
581 1.94725 1177 506 388.573
893 3.573 2000 638 1264.31
806 3.92992 824 506 336.373
609 3.14607 1008 309 144.153
572 8.736 1937 809 2461.06
651 10 1238 395 386.318
592 1.92035 948 627 478.298
528 3.25598 500 236 42.1252
604 3.10826 1306 314 192.186
820 6.58691 1306 414 407.1
171 4.30919 651 987 1036.51
696 4.91816 920 249 96.502
533 8.98374 1555 940 2684.05
902 5.16292 1607 950 2484.24
482 6.5092 1715 606 1142.18
510 8.6516 840 471 360.971
530 4.92839 1463 886 1943.99
485 6.22453 1315 643 975.43
312 1.82571 500 305 58.6724
654 2.60654 1137 576 534.181
1000 5.90152 1596 770 1675.81
0 3.78349 1576 100 24.8676
529 4.65235 500 982 804.088
270 5.22444 1430 381 356.631
1000 2.69285 1354 468 424.142
1000 3.66796 1555 370 333.034
93 1.34936 1011 883 890.842
824 6.40387 1197 755 1232.57
400 2.97898 1741 1000 2566.35
869 3.09942 1062 498 392.774
596 8.10212 1401 747 1492.09
469 4.42648 1795 634 1187.65
438 7.10256 1687 389 472.627
242 4.38325 1547 605 929.652
828 3.84493 1212 246 116.244
653 6.60173 641 311 112.815
638 5.02357 817 324 145.888
541 7.08797 1817 426 610.195
550 3.59345 1033 326 170.769
826 3.27401 942 617 543.321
625 9.63536 1159 651 974.447
739 1.95875 500 912 537.298
587 1 1013 926 868.623
635 3.80846 1726 559 852.565
1000 4.43397 1259 895 1660.77
366 6.24424 827 716 761.223
429 9.21634 500 192 36.2107
103 5.25027 767 1000 1319.38
434 4.72938 1318 1000 2207.39
391 2.43001 985 801 875.673
152 5.81671 1216 293 184.219
770 4.847 1326 220 108.171
849 6.91631 1752 179 103.283
1000 6.00316 1560 958 2546.13
0 4.18212 962 365 207.802
662 5.36296 752 1000 1300.51
334 3.64931 1366 595 755.482
181 5.52153 952 893 1322.52
350 8.75159 588 580 384.151
569 4.53334 1518 710 1267.53
93 4.4151 1346 930 1914.97
0 4.38637 940 1000 1543.58
441 2.96571 1502 400 353.782
495 8.41619 899 562 546.624
308 5.11418 510 642 359.191
395 1 1505 696 729.046
675 6.23389 829 967 1391.28
877 7.14467 1770 257 216.743
1000 4.29668 1241 454 417.739
542 10 1236 495 605.702
597 6.89429 2000 440 711.863
1000 1 1043 295 90.7671
377 9.5739 1009 197 77.576
530 8.62467 1016 622 760.89
730 8.92022 500 381 141.559
564 5.55556 594 358 132.825
263 7.62576 1446 100 27.2178
209 5.7042 1689 513 780.615
429 2.75529 1357 393 301.841
483 8.61485 1556 238 170.569
771 4.03365 737 793 744.179
85 6.7722 1787 646 1365.26
309 4.28635 1513 236 137.533
684 4.1777 967 291 132.733
468 6.40702 1717 880 2402.21
152 6.29961 1689 498 753.694
0 6.38727 1132 707 1021.5
661 6.5694 1101 100 20.011
671 3.12387 1025 583 520.73
165 2.15767 1174 100 15.661
287 7.12848 1392 780 1569.29
380 3.12162 1007 668 671.496
612 3.52112 1253 493 471.027
341 3.60855 1481 698 1123.69
844 6.82315 1565 623 1114
351 9.00081 1388 286 221.875
353 5.67725 1466 334 286.874
343 3.96308 1781 605 1041.74
866 6.17678 1298 674 1055.92
357 8.99281 1410 431 511.77
1000 2.68642 924 666 585.741
339 4.31895 500 239 46.7072
251 3.35978 1722 741 1443.15
731 10 915 665 809.272
339 6.7908 1931 576 1173.64
343 10 1516 913 2527.38
909 9.07485 1559 435 577.566
348 4.34626 2000 468 717.573
395 4.70206 1138 901 1544.91
750 7.26416 500 793 585.202
416 6.6673 1090 704 985.337
265 1.88791 1247 379 228.554
692 3.17908 1244 594 659.402
96 3.05891 1478 509 568.856
539 2.7027 1720 289 205.687
202 4.87993 797 134 24.1628
975 5.7137 1175 361 269.032
564 6.71671 820 246 90.6692
512 9.7472 527 203 43.1928
624 4.13387 2000 370 442.559
383 1 684 589 237.294
END
