Delay, Zoom, Max Iter, Resolution, Estimated cost
496 4.37989 1253 450 416.493
13 1.61462 974 271 86.415
248 10.5279 1128 268 163.845
495 1.01788 1094 373 153.378
951 3.79535 1818 387 429.999
702 0.474593 1952 550 590.48
667 1.63375 1847 268 160.94
944 6.57858 1330 551 734.142
825 7.55832 1542 482 672.934
375 5.59336 1648 671 1296.77
169 10.0132 1976 252 251.04
491 6.25781 601 673 489.005
971 2.52151 1792 663 1104.1
582 2.23464 1505 321 209.231
759 9.53387 1860 223 183.074
160 4.16935 611 432 184.732
478 5.22432 1244 497 527.915
979 5.23231 1849 636 1285.43
704 11.1576 1532 396 491.912
987 11.1031 975 219 95.6491
462 0.523792 1457 285 118.345
674 0.646183 1105 219 52.9969
162 2.8829 1692 288 204.874
636 1.67348 605 376 104.659
801 10.4427 1547 377 443.884
477 3.20862 1669 655 1078.59
199 0.863924 1063 652 451.886
217 4.12023 506 422 145.521
214 8.75749 1121 360 282.192
818 2.60751 555 316 78.4874
584 6.22019 1124 460 426.635
337 5.9371 512 415 156.392
302 6.90015 1334 267 174.875
557 11.6499 581 312 116.865
492 11.5555 1423 558 913.963
992 2.206 1682 254 145.803
103 0.485156 934 341 108.606
813 5.89231 724 516 341.257
83 0.368191 1250 619 478.951
7 9.49791 1389 579 920.882
918 9.73886 651 670 581.109
901 6.21435 1971 266 250.107
546 0.836641 1763 566 564.788
726 3.13959 1641 488 584.969
493 9.70524 1688 382 489.439
41 11.5822 1317 460 575.132
522 10.5921 874 484 414.594
845 6.07389 1356 607 891.05
805 0.925213 1755 589 608.846
733 4.88179 1718 218 137.866
919 0.415786 1519 596 539.573
117 6.72663 1225 684 1047.55
731 11.4261 1008 347 249.772
300 8.41943 893 563 544.958
682 0.858207 1575 341 183.143
267 10.119 1969 523 1079.92
244 0.40289 1744 688 825.512
148 8.44833 1436 468 606.005
886 4.89231 768 418 226.713
457 0.972 807 602 292.46
664 9.44028 1193 572 770.897
794 3.39917 1261 631 768.873
464 5.8416 1370 201 97.7764
516 8.08193 533 438 195.049
899 11.0247 1780 477 827.162
538 0.316574 1935 278 149.545
356 2.45245 1602 306 208.447
736 6.7778 709 222 63.9826
396 11.4597 1522 566 1004.02
303 1.64871 1890 408 382.934
884 9.75681 1377 362 358.966
832 6.94921 1869 289 287.527
744 9.40647 580 373 159.245
44 2.42044 749 653 441.989
136 11.2775 1162 671 1073.68
340 9.69427 528 659 455.509
707 3.59311 1501 508 602.518
686 8.94032 1016 558 617.302
911 2.0546 1500 598 704.155
491 0.398775 963 292 82.1092
279 8.43505 562 215 50.0368
867 10.2969 1178 384 349.614
380 0.0140958 933 240 53.7408
487 1.32139 905 608 375.036
311 2.06841 774 661 444.918
163 8.0997 1641 239 178.891
386 2.00255 990 488 306.864
706 6.59212 1708 477 706.909
252 2.48448 1138 563 503.277
826 2.4396 606 589 291.662
122 1.37872 1177 340 155.038
832 9.79727 649 622 499.942
924 5.15153 1582 666 1201.28
190 4.63851 1477 589 853.856
272 2.46197 507 687 332.918
776 0.447864 1522 299 136.068
649 8.04805 573 332 120.36
54 3.4718 1741 623 1041
131 4.91446 1882 523 870.74
819 6.59257 778 347 170.406
121 2.05759 1006 486 312.071
539 5.47261 823 325 151.1
10 1.48323 1604 548 564.157
676 0.0458737 1033 659 448.612
271 1.11124 944 263 68.2867
269 2.95623 1292 588 656.981
673 8.40869 1579 648 1276.15
314 6.6109 695 542 371.635
494 9.6514 1197 661 1037.93
922 0.338661 715 309 68.2689
979 1.04538 1488 609 562.507
599 4.43808 1426 581 792.897
113 3.73228 1403 212 99.1231
742 2.67419 1321 236 105.005
196 5.61723 1017 215 82.2465
336 4.50262 1146 463 406.202
639 11.6569 1385 215 132.306
847 7.24911 1945 387 541.902
750 7.10366 1342 426 450.911
943 11.0311 1241 614 955.643
28 5.57939 1738 276 231.237
768 9.57228 1034 299 183.126
315 4.11636 1738 345 333.987
626 4.80297 904 693 730.019
406 8.12655 1633 667 1387.55
453 3.78961 1704 586 923.709
222 6.41765 1565 227 145.752
583 9.8878 1426 559 889.012
920 0.667368 1688 282 134.237
161 9.45079 597 349 143.647
842 7.86481 1423 695 1302.99
346 4.86077 643 427 197.745
529 5.9869 828 537 424.342
973 6.35111 1770 557 990.018
187 2.59167 674 428 174.529
710 5.21029 1002 292 146.679
911 10.8082 1588 233 175.332
177 0.740335 655 220 31.702
939 10.8996 1370 622 1079.89
142 6.98441 1056 540 567.862
857 3.07253 1919 571 930.686
245 4.33849 1371 611 838.027
400 4.44895 1980 342 381.718
446 6.65786 1836 524 919.182
990 0.234301 1806 447 360.855
523 6.83841 847 311 150.324
561 11.8721 1728 539 1041.46
701 6.51329 869 274 118.334
186 8.6913 734 454 293.362
885 7.03751 1258 510 604.486
708 10.963 1903 314 382.748
90 9.62258 673 591 466.205
18 3.40079 1448 685 1040.61
863 7.00033 1105 505 519.959
321 2.01225 805 671 472.512
190 11.6821 1977 337 464.212
573 11.358 898 597 657.811
223 10.467 1240 609 928.901
394 9.37015 1136 370 306.643
198 10.8049 1590 217 152.26
36 7.85076 1972 395 583.029
526 8.05235 1882 568 1157.23
475 7.20662 892 697 805.032
727 2.42113 657 667 404.538
874 11.3855 651 294 115.711
744 3.46557 506 402 125.91
536 2.6267 1242 208 76.2704
606 11.2918 1860 393 589.708
33 1.93806 790 468 222.752
640 6.25357 991 250 111.248
508 6.61952 849 688 731.734
558 9.78745 1225 547 729.642
321 2.84537 1523 555 682.169
6 10.9154 1888 355 484.921
52 5.20322 1167 203 82.5371
201 4.87327 1604 495 663.347
128 3.27729 1906 656 1243.06
840 9.01887 976 512 500.231
129 3.42892 1330 578 682.119
16 7.12186 1758 268 233.921
408 3.28387 1748 407 439.076
274 0.698364 1645 312 160.131
949 6.92176 1422 502 659.441
632 10.7728 1086 345 262.701
524 4.25006 1731 700 1381.19
798 11.5854 1986 234 224.441
563 4.90472 1615 299 244.095
508 9.79774 1658 573 1083.91
227 9.38971 1073 303 194.328
577 9.70125 657 417 226.985
342 10.6185 1923 427 710.375
255 4.41687 721 439 228.592
429 3.15701 525 213 35.7108
681 9.63408 1588 274 236.511
43 1.37912 1023 574 384.108
49 8.69665 777 629 596.182
592 9.38627 728 394 222.915
698 3.27535 1951 642 1218.47
78 10.7467 771 453 321.38
226 3.56472 1724 677 1226.35
396 6.03589 1342 368 323.63
795 11.7674 992 558 639.577
937 2.86229 691 207 43.1313
918 3.30151 1132 544 508.768
35 1.94487 1474 263 131.409
212 4.6889 1604 676 1224.88
932 7.88528 1054 533 567.964
16 0.110797 957 620 367.871
883 3.74402 1672 364 348.547
162 4.5643 779 348 156.545
247 2.89509 940 665 607.601
618 0.750111 1846 377 262.37
679 0.0927933 1640 495 401.841
924 10.3466 1438 439 558.366
190 1.05635 1641 221 82.0562
169 4.60062 1729 512 753.667
637 0.104882 1223 698 595.85
293 2.53793 1862 440 506.291
69 4.17132 754 637 495.722
599 2.44027 960 403 216.319
880 0.10423 897 280 70.3248
376 0.839261 1834 602 664.649
140 0.531249 976 213 44.2801
302 7.16074 1078 485 470.366
461 0.812683 1782 361 232.232
5 11.3861 1099 693 1085.34
599 5.66176 1320 385 342.977
170 0.189015 555 273 41.3636
814 8.46561 1059 418 356.68
454 11.9147 1756 493 886.06
664 11.9246 732 214 69.608
867 9.23908 666 204 54.4799
131 8.61517 1304 590 878.46
906 1.02698 1388 677 643.516
394 10.7926 978 391 303.988
320 1.34199 1604 324 189.892
429 4.28483 1537 275 189.689
324 7.50165 1189 527 619.214
0 6.57334 1309 363 313.542
524 7.61954 1351 546 757.956
683 9.70396 1197 627 935.009
747 5.04941 987 306 157.411
223 10.4221 635 450 259.484
771 4.99085 893 227 78.1422
891 2.78655 1663 677 1101.43
730 3.55487 1296 400 321.579
490 0.695521 1099 346 131.568
968 0.818701 1137 454 234.354
461 0.779256 920 200 36.8
747 0.738538 1944 502 489.896
478 10.6953 535 699 530.434
896 1.03964 504 691 244.714
491 6.87742 1248 604 836.562
735 11.1911 991 520 549.029
522 3.23077 1388 480 482.669
643 9.83752 738 618 561.715
412 10.1241 1274 218 121.416
377 6.15756 603 228 56.0914
933 0.531942 1701 229 89.2021
630 0.153916 1499 208 64.8527
493 3.6162 1769 296 241.518
578 11.3002 1424 325 308.805
336 10.1663 1914 641 1578.49
424 11.7451 784 270 118.3
161 1.98171 1409 468 400.273
136 2.44049 517 404 117.079
672 3.36099 997 546 453.699
643 11.3726 1467 628 1189.44
995 8.12646 1262 401 387.578
694 5.5702 1385 633 968.878
157 1.05793 1549 336 179.153
198 11.0237 756 400 247.04
76 0.644617 643 420 113.425
164 7.34711 1171 470 482.716
442 7.61112 1950 627 1442.32
426 8.22606 938 318 181.664
407 4.09686 1908 335 345.266
128 6.48647 1728 348 379.195
256 1.03736 1089 265 77.6932
34 9.272 1044 454 423.306
718 11.0641 1362 437 531.622
603 5.5726 573 328 107.637
66 4.68713 841 541 411.285
313 8.45514 1298 461 531.601
375 3.86543 646 341 119.226
856 7.93966 1009 370 262.424
437 2.33683 1204 354 206.499
84 5.03269 1141 388 292.319
751 11.3569 1548 261 216.73
560 4.07904 1401 589 782.79
920 7.97474 1177 632 894.039
383 6.6649 1088 528 553.188
472 4.98 1020 353 215.72
393 7.36062 1467 567 880.482
612 4.91073 1554 300 236.524
930 5.82681 502 407 146.806
173 1.61574 1222 607 544.063
963 3.04971 1554 321 237.668
806 2.09645 1996 262 181.061
768 8.60373 1948 501 945.965
542 9.09968 1557 495 747.376
270 4.05689 1450 241 135.438
340 2.98279 1971 471 644.777
18 8.67029 807 439 301.414
648 11.9175 926 633 770.343
738 1.06806 904 521 252.399
599 0.675106 1844 201 74.4994
634 1.71757 621 623 297.649
684 10.4828 1324 295 232.802
217 6.94472 1895 615 1319.98
254 1.37217 1926 421 388.273
543 7.54235 1421 506 683.088
75 8.55085 836 338 184.522
693 0.264559 1224 433 229.487
533 6.2329 550 341 114.779
210 6.96965 1823 235 185.566
200 8.89567 660 308 122.039
416 4.31794 678 513 291.78
550 0.474371 1322 535 378.389
254 3.55201 1380 383 313.864
900 2.16033 1023 672 616.509
485 11.5629 946 586 670.193
219 8.19328 1920 252 233.303
904 11.1091 1526 592 1094.05
347 2.61043 1783 366 338.373
796 1.67503 731 205 37.6023
728 6.17959 1152 558 642.402
598 2.05349 1504 406 325.384
266 9.56549 1809 257 236.66
868 6.27589 1131 240 117.111
374 4.67985 813 499 338.118
277 8.96972 952 462 396.802
937 6.71779 1105 624 786.183
817 6.63841 573 315 103.595
89 6.61727 1708 629 1230.33
348 2.9615 1250 661 803.668
486 11.9933 1416 271 216.194
421 1.30448 634 550 213.924
228 3.59861 1837 395 446.016
814 4.72886 1632 243 161.393
906 7.77331 649 587 422.787
634 0.680802 697 396 109.301
469 5.78137 1274 404 366.392
170 9.70102 637 582 428.69
40 11.328 1857 251 240.321
692 6.99935 1366 424 453.098
218 2.70768 685 602 355.637
567 5.69973 698 240 70.5938
777 8.10144 956 547 545.932
876 6.50042 1125 216 95.1577
940 10.5853 1662 322 348.903
873 9.79749 587 543 344.615
142 7.48397 1875 572 1149.72
423 10.7039 1804 457 764.657
801 9.61519 1084 532 608.368
743 6.93924 1552 405 468.737
862 7.14214 1886 268 251.12
834 6.32395 799 335 161.491
620 0.801331 1528 275 115.555
345 7.29603 1039 583 657.939
300 5.06991 1732 696 1430.51
610 10.9012 1143 364 308.561
113 5.94948 1664 302 269.301
326 9.1005 1530 461 637.004
388 4.57879 1138 416 327.064
571 10.9445 1073 524 600.787
29 3.10197 724 575 357.057
48 7.52474 1850 400 555.441
804 4.09297 907 442 285.645
420 11.0767 1642 544 993.434
182 11.816 1325 682 1277.24
18 2.04748 1977 231 138.327
978 8.53936 923 456 370.689
242 8.98876 526 539 298.553
114 0.986686 1404 568 452.964
877 11.5617 767 463 339.204
517 10.4647 1410 582 964.623
465 3.25696 1678 503 642.263
705 5.13704 1059 540 528.276
793 1.63537 1752 554 652.582
738 1.53167 1976 623 908.954
961 11.3483 637 321 134.88
888 5.17627 1536 270 191.926
339 0.948682 1712 476 387.898
250 6.86722 819 206 63.8375
202 1.20668 1240 264 93.4744
873 10.4548 1367 510 717.981
333 0.302127 1312 471 291.055
230 4.1367 1410 633 913.364
597 0.209083 1623 568 523.619
452 0.290657 594 595 210.291
640 3.60465 1802 439 540.672
382 3.25826 1347 661 890.441
971 8.45135 807 497 384.106
452 9.13078 762 381 216.857
882 7.45322 1787 369 455.578
99 2.9173 605 638 360.769
151 5.70272 947 471 368.924
688 5.99872 1498 323 277.884
248 7.41352 1144 698 1042.28
END
