4.11933;658.075;
4.10495;658.075;
4.57918;658.075;
4.76283;658.075;
4.86537;658.075;
4.85576;658.075;
4.07517;658.075;
4.09117;658.075;
4.84978;658.075;
4.84884;658.075;
4.85291;658.075;
4.85111;658.075;
4.07202;658.075;
4.07534;658.075;
4.84844;658.075;
4.84467;658.075;
4.05311;658.075;
4.84116;658.075;
4.06506;658.075;
4.84158;658.075;
4.84252;658.075;
4.05802;658.075;
4.84018;658.075;
4.05984;658.075;
4.83981;658.075;
4.83547;658.075;
4.03557;658.075;
4.82172;658.075;
4.04841;658.075;
4.81999;658.075;
4.82225;658.075;
4.81376;658.075;
4.00919;658.075;
4.06732;658.075;
4.81115;658.075;
4.82428;658.075;
4.82694;658.075;
4.82281;658.075;
4.17117;658.075;
4.20258;658.075;
4.80779;658.075;
4.78915;658.075;
4.78548;658.075;
4.79038;658.075;
4.01689;658.075;
4.01895;658.075;
4.81591;658.075;
4.82054;658.075;
4.82777;658.075;
4.05209;658.075;
4.85515;658.075;
4.07401;658.075;
4.89896;658.075;
4.92487;658.075;
4.95314;658.075;
4.33731;658.075;
4.49463;658.075;
5.01755;658.075;
4.91275;658.075;
4.97686;658.075;
4.58116;658.075;
4.71693;658.075;
5.05426;658.075;
5.42772;658.075;
5.07009;658.075;
4.59142;658.075;
4.46656;658.075;
5.00982;658.075;
4.92613;658.075;
5.03792;658.075;
4.28247;658.075;
4.28434;658.075;
4.92006;658.075;
5.01032;658.075;
4.92004;658.075;
5.31997;658.075;
4.18591;658.075;
4.21618;658.075;
4.67732;658.075;
5.10769;658.075;
5.01571;658.075;
5.06051;658.075;
4.21741;658.075;
4.811;658.075;
4.26093;658.075;
4.75189;658.075;
4.69309;658.075;
4.69328;658.075;
3.9773;658.075;
3.94488;658.075;
4.69189;658.075;
4.88602;658.075;
4.82442;658.075;
4.21099;658.075;
4.86999;658.075;
4.21405;658.075;
4.81729;658.075;
4.02378;658.075;
4.73462;658.075;
4.83794;658.075;
4.13743;658.075;
4.70955;658.075;
4.71147;658.075;
4.05293;658.075;
4.78953;658.075;
4.21533;658.075;
4.86824;658.075;
4.84181;658.075;
4.86138;658.075;
4.24147;658.075;
4.22575;658.075;
4.91076;658.075;
4.86432;658.075;
4.94731;658.075;
4.85424;658.075;
3.93925;658.075;
3.9331;658.075;
4.67911;658.075;
4.67641;658.075;
4.66422;658.075;
3.91517;658.075;
4.64533;658.075;
3.90305;658.075;
4.65249;658.075;
4.65484;658.075;
3.94784;658.075;
4.68211;658.075;
3.95558;658.075;
4.70134;658.075;
4.69831;658.075;
4.69281;658.075;
4.10995;658.075;
3.93995;658.075;
4.77918;658.075;
4.24149;658.075;
4.65545;658.075;
4.66124;658.075;
4.67768;658.075;
4.27329;658.075;
4.271;658.075;
3.94271;658.075;
4.711;658.075;
3.94473;658.075;
4.70803;658.075;
3.96573;658.075;
4.72412;658.075;
4.72312;658.075;
3.98606;658.075;
3.94624;658.075;
4.72504;658.075;
4.72299;658.075;
4.71222;658.075;
4.7234;658.075;
4.01597;658.075;
4.01637;658.075;
4.76645;658.075;
4.76782;658.075;
4.76611;658.075;
4.76003;658.075;
4.01851;658.075;
4.0155;658.075;
4.75403;658.075;
4.75148;658.075;
4.74182;658.075;
4.73716;658.075;
3.97751;658.075;
3.97475;658.075;
4.7263;658.075;
4.7266;658.075;
4.73153;658.075;
4.73297;658.075;
3.9549;658.075;
3.95323;658.075;
4.71731;658.075;
4.71107;658.075;
4.00117;658.075;
4.70356;658.075;
3.97494;658.075;
4.70442;658.075;
4.01556;658.075;
4.00979;658.075;
4.7569;658.075;
4.75791;658.075;
4.76158;658.075;
4.76402;658.075;
3.99618;658.075;
3.98103;658.075;
4.72538;658.075;
4.72415;658.075;
4.71703;658.075;
4.71274;658.075;
3.96214;658.075;
3.96647;658.075;
4.70787;658.075;
4.70772;658.075;
4.70773;658.075;
4.70811;658.075;
3.92032;658.075;
3.91914;658.075;
4.70351;658.075;
4.70323;658.075;
4.70402;658.075;
4.70567;658.075;
3.9729;658.075;
3.96767;658.075;
4.7157;658.075;
4.71652;658.075;
4.72016;658.075;
3.9765;658.075;
4.72595;658.075;
3.98074;658.075;
3.99567;658.075;
3.96785;658.075;
4.82021;658.075;
4.77301;658.075;
4.72262;658.075;
4.71887;658.075;
3.93925;658.075;
3.94716;658.075;
4.72008;658.075;
4.72013;658.075;
4.72209;658.075;
4.7231;658.075;
3.99637;658.075;
3.97366;658.075;
4.73222;658.075;
4.73156;658.075;
4.73032;658.075;
4.73115;658.075;
4.17523;658.075;
4.01354;658.075;
4.18752;658.075;
4.69365;658.075;
4.68056;658.075;
4.71962;658.075;
3.90633;658.075;
4.65416;658.075;
3.88753;658.075;
4.63301;658.075;
4.63281;658.075;
4.6318;658.075;
3.89138;658.075;
4.64198;658.075;
3.90226;658.075;
4.66809;658.075;
3.93025;658.075;
4.66954;658.075;
4.67321;658.075;
3.93748;658.075;
4.69701;658.075;
3.94119;658.075;
4.69224;658.075;
4.68945;658.075;
4.68535;658.075;
3.91303;658.075;
4.64935;658.075;
3.87105;658.075;
4.61012;658.075;
4.60807;658.075;
3.86453;658.075;
4.6091;658.075;
4.61913;658.075;
3.87287;658.075;
3.8719;658.075;
4.62403;658.075;
4.62168;658.075;
4.62317;658.075;
3.86058;658.075;
4.61313;658.075;
3.85507;658.075;
4.60127;658.075;
4.59751;658.075;
4.59404;658.075;
3.84846;658.075;
4.60015;658.075;
3.85668;658.075;
4.60207;658.075;
3.85118;658.075;
4.60166;658.075;
4.60236;658.075;
3.86117;658.075;
4.61299;658.075;
3.87115;658.075;
4.62351;658.075;
4.62408;658.075;
4.62527;658.075;
3.86477;658.075;
4.50197;658.075;
3.92973;658.075;
4.65643;658.075;
4.64946;658.075;
4.6497;658.075;
4.6392;658.075;
3.89379;658.075;
3.89505;658.075;
4.65719;658.075;
4.65606;658.075;
4.65718;658.075;
3.90039;658.075;
4.65425;658.075;
3.89001;658.075;
4.45214;658.075;
4.08751;658.075;
4.62964;658.075;
4.62919;658.075;
3.86962;658.075;
4.62628;658.075;
3.86514;658.075;
4.62256;658.075;
4.62093;658.075;
3.87146;658.075;
4.62235;658.075;
4.62004;658.075;
3.86066;658.075;
3.85709;658.075;
4.60969;658.075;
4.60818;658.075;
4.60915;658.075;
4.61513;658.075;
3.87505;658.075;
3.87503;658.075;
4.6252;658.075;
4.62161;658.075;
4.62184;658.075;
4.61668;658.075;
3.86129;658.075;
3.8555;658.075;
4.6134;658.075;
4.60716;658.075;
4.61119;658.075;
3.861;658.075;
4.61616;658.075;
3.86156;658.075;
3.87114;658.075;
4.68809;658.075;
4.70763;658.075;
4.66056;658.075;
4.62935;658.075;
3.8687;658.075;
3.85771;658.075;
4.61486;658.075;
4.61368;658.075;
3.86836;658.075;
4.61481;658.075;
4.61833;658.075;
3.86718;658.075;
3.86615;658.075;
4.61513;658.075;
4.61322;658.075;
4.61968;658.075;
4.61588;658.075;
3.85841;658.075;
3.86725;658.075;
4.62694;658.075;
4.62551;658.075;
4.62279;658.075;
4.63035;658.075;
3.88674;658.075;
3.88343;658.075;
4.61162;658.075;
4.6083;658.075;
4.60704;658.075;
3.84775;658.075;
4.60236;658.075;
3.84985;658.075;
3.85495;658.075;
4.60472;658.075;
4.60374;658.075;
4.60412;658.075;
4.60518;658.075;
3.85681;658.075;
3.87174;658.075;
4.62609;658.075;
4.62505;658.075;
4.62775;658.075;
3.87931;658.075;
4.62804;658.075;
3.87441;658.075;
3.87641;658.075;
4.63192;658.075;
4.62834;658.075;
4.62803;658.075;
4.63059;658.075;
3.88287;658.075;
3.88637;658.075;
4.64169;658.075;
4.64273;658.075;
4.64755;658.075;
4.64589;658.075;
3.88733;658.075;
3.91212;658.075;
4.66537;658.075;
4.6604;658.075;
4.65677;658.075;
3.90656;658.075;
4.6558;658.075;
3.88891;658.075;
3.88859;658.075;
4.6437;658.075;
4.64507;658.075;
4.64955;658.075;
4.65383;658.075;
3.90183;658.075;
3.89545;658.075;
4.65877;658.075;
4.65418;658.075;
4.65191;658.075;
3.89647;658.075;
4.64996;658.075;
3.88727;658.075;
3.88767;658.075;
4.63844;658.075;
4.63681;658.075;
4.63684;658.075;
4.63209;658.075;
3.86597;658.075;
3.86946;658.075;
4.61651;658.075;
4.61331;658.075;
4.61467;658.075;
4.61328;658.075;
3.87222;658.075;
3.86515;658.075;
4.60767;658.075;
4.60527;658.075;
4.60516;658.075;
3.85038;658.075;
4.60238;658.075;
3.85507;658.075;
4.60795;658.075;
3.85744;658.075;
4.60902;658.075;
4.61268;658.075;
4.61463;658.075;
3.86939;658.075;
3.86135;658.075;
4.61729;658.075;
4.61349;658.075;
4.61412;658.075;
3.86595;658.075;
4.62768;658.075;
3.86949;658.075;
3.86041;658.075;
4.73313;658.075;
4.61732;658.075;
4.61516;658.075;
4.65893;658.075;
3.87217;658.075;
3.86122;658.075;
4.60873;658.075;
4.60693;658.075;
4.60783;658.075;
4.60605;658.075;
3.85906;658.075;
3.85767;658.075;
4.62898;658.075;
4.62757;658.075;
4.63247;658.075;
3.90685;658.075;
4.64408;658.075;
3.9217;658.075;
4.64705;658.075;
4.64482;658.075;
3.88255;658.075;
4.64257;658.075;
4.63126;658.075;
3.86647;658.075;
3.87827;658.075;
4.62782;658.075;
4.62588;658.075;
4.62572;658.075;
3.8742;658.075;
4.62694;658.075;
3.89731;658.075;
3.89255;658.075;
4.63708;658.075;
4.63512;658.075;
4.63636;658.075;
4.63469;658.075;
3.87524;658.075;
3.89184;658.075;
4.64877;658.075;
4.64708;658.075;
4.64953;658.075;
4.65963;658.075;
3.90741;658.075;
3.90762;658.075;
4.67372;658.075;
4.67171;658.075;
4.67416;658.075;
4.66903;658.075;
3.91201;658.075;
3.90816;658.075;
4.67512;658.075;
4.6726;658.075;
3.91825;658.075;
4.67276;658.075;
4.67454;658.075;
3.92337;658.075;
3.90598;658.075;
4.66561;658.075;
4.66856;658.075;
4.66487;658.075;
3.90626;658.075;
4.66648;658.075;
4.45551;658.075;
4.05321;658.075;
4.70896;658.075;
3.96132;658.075;
4.71297;658.075;
4.73381;658.075;
3.94565;658.075;
3.93721;658.075;
4.80666;658.075;
4.7096;658.075;
4.71041;658.075;
4.74008;658.075;
3.94126;658.075;
3.93991;658.075;
4.70486;658.075;
4.70428;658.075;
4.70791;658.075;
4.71283;658.075;
3.94542;658.075;
3.94016;658.075;
4.71681;658.075;
4.7113;658.075;
4.70911;658.075;
4.70243;658.075;
3.94984;658.075;
3.93869;658.075;
4.69829;658.075;
4.70148;658.075;
3.9374;658.075;
4.70066;658.075;
3.94651;658.075;
4.70749;658.075;
4.72641;658.075;
3.96937;658.075;
4.73586;658.075;
3.9699;658.075;
4.74155;658.075;
4.74792;658.075;
3.98844;658.075;
4.75957;658.075;
3.98201;658.075;
4.75635;658.075;
4.75591;658.075;
4.75758;658.075;
4.00068;658.075;
3.99483;658.075;
4.75654;658.075;
4.74719;658.075;
4.74716;658.075;
4.74001;658.075;
3.96706;658.075;
3.95806;658.075;
4.72519;658.075;
4.73361;658.075;
4.73424;658.075;
4.75773;658.075;
3.96655;658.075;
3.96842;658.075;
4.86589;658.075;
4.75434;658.075;
4.75749;658.075;
3.98661;658.075;
3.98995;658.075;
4.79967;658.075;
4.76388;658.075;
3.98878;658.075;
4.76098;658.075;
3.97713;658.075;
4.75851;658.075;
4.74981;658.075;
3.96248;658.075;
4.73181;658.075;
3.95873;658.075;
4.72585;658.075;
4.72383;658.075;
4.72172;658.075;
3.98;658.075;
3.97495;658.075;
4.73407;658.075;
4.73232;658.075;
4.74122;658.075;
4.74191;658.075;
3.99477;658.075;
3.98009;658.075;
4.74271;658.075;
4.7453;658.075;
4.73702;658.075;
4.73552;658.075;
3.96247;658.075;
3.95564;658.075;
4.42556;658.075;
4.6296;658.075;
4.59531;658.075;
4.18218;658.075;
4.02618;658.075;
