1.18831;450.186;
1.20455;450.186;
1.411;450.186;
1.44396;450.186;
1.32621;450.186;
1.44608;450.186;
1.24898;450.186;
1.42222;450.186;
1.4451;450.186;
1.23522;450.186;
1.44402;450.186;
1.44539;450.186;
1.36965;450.186;
1.23714;450.186;
1.23013;450.186;
1.44355;450.186;
1.44328;450.186;
1.44375;450.186;
1.44368;450.186;
1.22366;450.186;
1.21807;450.186;
1.44317;450.186;
1.44307;450.186;
1.22595;450.186;
1.44307;450.186;
1.44335;450.186;
1.22921;450.186;
1.44762;450.186;
1.35646;450.186;
1.33117;450.186;
1.46589;450.186;
1.45214;450.186;
1.23205;450.186;
1.23765;450.186;
1.44612;450.186;
1.44353;450.186;
1.23633;450.186;
1.44354;450.186;
1.44373;450.186;
1.23277;450.186;
1.44334;450.186;
1.23114;450.186;
1.44298;450.186;
1.44347;450.186;
1.4451;450.186;
1.23647;450.186;
1.22743;450.186;
1.44301;450.186;
1.44277;450.186;
1.4428;450.186;
1.44293;450.186;
1.22936;450.186;
1.23603;450.186;
1.44292;450.186;
1.44224;450.186;
1.22096;450.186;
1.44243;450.186;
1.44245;450.186;
1.21952;450.186;
1.44212;450.186;
1.44217;450.186;
1.22251;450.186;
1.44214;450.186;
1.44224;450.186;
1.2195;450.186;
1.44335;450.186;
1.22357;450.186;
1.44285;450.186;
1.23526;450.186;
1.44349;450.186;
1.44357;450.186;
1.2728;450.186;
1.44593;450.186;
1.38317;450.186;
1.24903;450.186;
1.44472;450.186;
1.44824;450.186;
1.22561;450.186;
1.44459;450.186;
1.21811;450.186;
1.4441;450.186;
1.44419;450.186;
1.44426;450.186;
1.22442;450.186;
1.22786;450.186;
1.44779;450.186;
1.4491;450.186;
1.45224;450.186;
1.45266;450.186;
1.23001;450.186;
1.23795;450.186;
1.4614;450.186;
1.4623;450.186;
1.25488;450.186;
1.4631;450.186;
1.46331;450.186;
1.25355;450.186;
1.46463;450.186;
1.46527;450.186;
1.23796;450.186;
1.4915;450.186;
1.5118;450.186;
1.24659;450.186;
1.4684;450.186;
1.24415;450.186;
1.47056;450.186;
1.24103;450.186;
1.46817;450.186;
1.46718;450.186;
1.24791;450.186;
1.50045;450.186;
1.4833;450.186;
1.26029;450.186;
1.47754;450.186;
1.47989;450.186;
1.25846;450.186;
1.48338;450.186;
1.27574;450.186;
1.48477;450.186;
1.48358;450.186;
1.4836;450.186;
1.26239;450.186;
1.25613;450.186;
1.48464;450.186;
1.48361;450.186;
1.26228;450.186;
1.48665;450.186;
1.48749;450.186;
1.26279;450.186;
1.49128;450.186;
1.49187;450.186;
1.25812;450.186;
1.49099;450.186;
1.49129;450.186;
1.26989;450.186;
1.4976;450.186;
1.28704;450.186;
1.49965;450.186;
1.52579;450.186;
1.28615;450.186;
1.54674;450.186;
1.26648;450.186;
1.50189;450.186;
1.50193;450.186;
1.27357;450.186;
1.50375;450.186;
1.50295;450.186;
1.30264;450.186;
1.5114;450.186;
1.50991;450.186;
1.28656;450.186;
1.51247;450.186;
1.5127;450.186;
1.28383;450.186;
1.29527;450.186;
1.51351;450.186;
1.51476;450.186;
1.5129;450.186;
1.51424;450.186;
1.29761;450.186;
1.35621;450.186;
1.52577;450.186;
1.53093;450.186;
1.34464;450.186;
1.3105;450.186;
1.54318;450.186;
1.55014;450.186;
1.55307;450.186;
1.50476;450.186;
1.3039;450.186;
1.36262;450.186;
1.52769;450.186;
1.50367;450.186;
1.26567;450.186;
1.49832;450.186;
1.28636;450.186;
1.50201;450.186;
1.41648;450.186;
1.30799;450.186;
1.51741;450.186;
1.51696;450.186;
1.5176;450.186;
1.28126;450.186;
1.51765;450.186;
1.28937;450.186;
1.51681;450.186;
1.51667;450.186;
1.28335;450.186;
1.51719;450.186;
1.51961;450.186;
1.28981;450.186;
1.30164;450.186;
1.53088;450.186;
1.53246;450.186;
1.53311;450.186;
1.53415;450.186;
1.33076;450.186;
1.31717;450.186;
1.54629;450.186;
1.55252;450.186;
1.54665;450.186;
1.35215;450.186;
1.46176;450.186;
1.31703;450.186;
1.54385;450.186;
1.54121;450.186;
1.54506;450.186;
1.54306;450.186;
1.30572;450.186;
1.3045;450.186;
1.57731;450.186;
1.54743;450.186;
1.30999;450.186;
1.55685;450.186;
1.54714;450.186;
1.31561;450.186;
1.35211;450.186;
1.56514;450.186;
1.55778;450.186;
1.49535;450.186;
1.55993;450.186;
1.33273;450.186;
1.3369;450.186;
1.56756;450.186;
1.5681;450.186;
1.3277;450.186;
1.56932;450.186;
1.57075;450.186;
1.33615;450.186;
1.33746;450.186;
1.57708;450.186;
1.57675;450.186;
1.57692;450.186;
1.57613;450.186;
1.34055;450.186;
1.34108;450.186;
1.58431;450.186;
1.58564;450.186;
1.59253;450.186;
1.49072;450.186;
1.40868;450.186;
1.54097;450.186;
1.58224;450.186;
1.59176;450.186;
1.4389;450.186;
1.59684;450.186;
1.37314;450.186;
1.33056;450.186;
1.40116;450.186;
1.57771;450.186;
1.59622;450.186;
1.5789;450.186;
1.33534;450.186;
1.62497;450.186;
1.33773;450.186;
1.60795;450.186;
1.58897;450.186;
1.58851;450.186;
1.37118;450.186;
1.57742;450.186;
1.34471;450.186;
1.58818;450.186;
1.44612;450.186;
1.58913;450.186;
1.59273;450.186;
1.41463;450.186;
1.37043;450.186;
1.60933;450.186;
1.6091;450.186;
1.60907;450.186;
1.36012;450.186;
1.60688;450.186;
1.3602;450.186;
1.60639;450.186;
1.35927;450.186;
1.60657;450.186;
1.60675;450.186;
1.36937;450.186;
1.6073;450.186;
1.36064;450.186;
1.60371;450.186;
1.59773;450.186;
1.59706;450.186;
1.55695;450.186;
1.35882;450.186;
1.35233;450.186;
1.58536;450.186;
1.33616;450.186;
1.58534;450.186;
1.58516;450.186;
1.58435;450.186;
1.35581;450.186;
1.3577;450.186;
1.58639;450.186;
1.58703;450.186;
1.58705;450.186;
1.58696;450.186;
1.34883;450.186;
1.35681;450.186;
1.59013;450.186;
1.59034;450.186;
1.59052;450.186;
1.59035;450.186;
1.36207;450.186;
1.34488;450.186;
1.58483;450.186;
1.58486;450.186;
1.58457;450.186;
1.34305;450.186;
1.58354;450.186;
1.34546;450.186;
1.34853;450.186;
1.58764;450.186;
1.58813;450.186;
1.58807;450.186;
1.58833;450.186;
1.34634;450.186;
1.36174;450.186;
1.59582;450.186;
1.59656;450.186;
1.59676;450.186;
1.371;450.186;
1.59664;450.186;
1.3615;450.186;
1.3621;450.186;
1.59744;450.186;
1.59783;450.186;
1.59779;450.186;
1.59787;450.186;
1.35534;450.186;
1.35593;450.186;
1.5991;450.186;
1.5992;450.186;
1.59917;450.186;
1.59873;450.186;
1.35251;450.186;
1.35188;450.186;
1.59812;450.186;
1.59823;450.186;
1.59829;450.186;
1.59778;450.186;
1.39057;450.186;
1.38269;450.186;
1.5984;450.186;
1.59863;450.186;
1.59861;450.186;
1.35947;450.186;
1.59881;450.186;
1.35712;450.186;
1.35001;450.186;
1.59546;450.186;
1.59634;450.186;
1.59672;450.186;
1.59409;450.186;
1.3451;450.186;
1.36087;450.186;
1.6205;450.186;
1.59822;450.186;
1.59829;450.186;
1.37054;450.186;
1.64789;450.186;
W0;O=0.525638;W:86.7953
1.36457;450.186;
1.37127;450.186;
1.60666;450.186;
1.60222;450.186;
1.60218;450.186;
1.6003;450.186;
1.34998;450.186;
1.35574;450.186;
1.59867;450.186;
1.599;450.186;
1.59898;450.186;
1.59893;450.186;
1.35812;450.186;
1.38347;450.186;
1.61748;450.186;
1.61066;450.186;
1.61094;450.186;
1.61111;450.186;
1.40132;450.186;
1.3782;450.186;
1.60064;450.186;
1.60093;450.186;
1.60071;450.186;
1.35524;450.186;
1.59884;450.186;
1.36256;450.186;
1.35646;450.186;
1.59941;450.186;
1.59975;450.186;
1.59986;450.186;
1.60079;450.186;
1.35173;450.186;
1.36138;450.186;
1.60457;450.186;
1.60457;450.186;
1.60464;450.186;
1.36259;450.186;
1.60519;450.186;
1.36506;450.186;
1.38615;450.186;
1.61027;450.186;
1.61037;450.186;
1.61053;450.186;
1.60939;450.186;
1.36712;450.186;
1.35675;450.186;
1.6049;450.186;
1.60476;450.186;
1.60476;450.186;
1.60449;450.186;
1.36054;450.186;
1.35894;450.186;
1.60104;450.186;
1.60153;450.186;
1.6015;450.186;
1.36068;450.186;
1.60168;450.186;
1.37248;450.186;
1.37931;450.186;
1.61182;450.186;
1.61188;450.186;
1.6119;450.186;
1.61097;450.186;
1.36445;450.186;
1.36209;450.186;
1.60685;450.186;
1.60705;450.186;
1.60703;450.186;
1.3638;450.186;
1.60795;450.186;
1.3631;450.186;
1.36139;450.186;
1.60942;450.186;
1.60957;450.186;
1.60958;450.186;
1.61233;450.186;
1.52773;450.186;
1.61555;450.186;
1.61644;450.186;
1.64901;450.186;
1.65131;450.186;
1.57327;450.186;
1.63424;450.186;
1.3772;450.186;
1.62376;450.186;
1.367;450.186;
1.62281;450.186;
1.62259;450.186;
1.62363;450.186;
1.37741;450.186;
1.37742;450.186;
1.6244;450.186;
1.62437;450.186;
1.62434;450.186;
1.39367;450.186;
1.62637;450.186;
1.38751;450.186;
1.62717;450.186;
1.62755;450.186;
1.62801;450.186;
1.38168;450.186;
1.37618;450.186;
1.62599;450.186;
1.62402;450.186;
1.6235;450.186;
1.62337;450.186;
1.37502;450.186;
1.37875;450.186;
1.62376;450.186;
1.62695;450.186;
1.62739;450.186;
1.62738;450.186;
1.38329;450.186;
1.37808;450.186;
1.64222;450.186;
1.44837;450.186;
1.41394;450.186;
1.64964;450.186;
1.65728;450.186;
1.65746;450.186;
1.67426;450.186;
1.40173;450.186;
1.4107;450.186;
1.7089;450.186;
1.65346;450.186;
1.65066;450.186;
1.39582;450.186;
1.39926;450.186;
1.65984;450.186;
1.65016;450.186;
1.64908;450.186;
1.649;450.186;
1.4017;450.186;
1.40643;450.186;
1.65001;450.186;
1.52002;450.186;
1.48706;450.186;
1.40948;450.186;
1.25857;450.186;
W1;O=1.0508;W:121.737
W2;O=0.875786;W:121.943
W3;O=0.175402;W:122.847
W4;O=0.700665;W:121.654
W5;O=0.350561;W:121.747
