1.41367;455.438;
1.2668;432.797;
1.32741;418.002;
1.5301;444.413;
1.56156;424.832;
1.68156;459.416;
1.21889;396.697;
1.61144;451.666;
1.36989;432.25;
1.63288;458.155;
1.6321;451.475;
1.51993;431.451;
1.4819;489.426;
1.47649;492.897;
1.7811;498.535;
1.74745;491.352;
1.57626;435.658;
1.52197;487.954;
1.60831;437.206;
1.53885;420.776;
1.66484;455.53;
1.31478;411.892;
1.53116;403.65;
1.37595;432.337;
1.77042;470.32;
1.32155;389.583;
1.72277;464.251;
1.62943;465.924;
1.69598;446.824;
1.66264;443.084;
1.43733;434.728;
1.47241;445.466;
1.72922;461.661;
1.94052;508.83;
1.53858;412.649;
1.54734;464.688;
1.79463;476.27;
1.74644;544.223;
1.60333;441.235;
1.78459;484.477;
1.50314;477.984;
1.71735;460.681;
1.79855;489.92;
1.40174;467.043;
1.55953;445.833;
1.71412;467.823;
1.50038;419.147;
1.54624;454.406;
1.85243;510.302;
1.30729;421.279;
1.49842;492.548;
1.61315;448.807;
1.60407;451.129;
1.68609;482.661;
1.32184;427.012;
1.3945;462.708;
1.64775;454.118;
1.58726;448.362;
1.53329;416.073;
1.30004;417.728;
1.79832;509.124;
1.63318;534.927;
1.76449;483.229;
1.43448;453.202;
1.68751;465.631;
1.33043;431.62;
1.72704;472.536;
1.83266;499.994;
1.63235;438.656;
1.3886;443.323;
1.74837;461.992;
1.60705;488.867;
1.8533;483.242;
1.81145;469.027;
1.56863;430.016;
1.74372;449.466;
1.74622;451.378;
1.69243;475.584;
1.4996;427.17;
1.88679;499.828;
1.6047;423.651;
1.63948;450.81;
1.50783;466.14;
1.54895;398.185;
1.54016;422.455;
1.31862;412.794;
1.70897;464.588;
1.98707;526.447;
1.25594;378.967;
1.5597;404.716;
1.64221;438.567;
1.60026;504.543;
1.73658;462.921;
1.48193;464.826;
1.7545;462.222;
1.47775;429.086;
1.84545;485.953;
1.75132;502.325;
1.35343;433.514;
1.66382;439.69;
1.8765;479.309;
1.49007;440.783;
1.49762;399.174;
1.37365;434.794;
1.77636;501.962;
1.68859;463.185;
1.4253;386.073;
1.49956;478.576;
1.68977;457.542;
1.31636;411.651;
1.74872;467.977;
1.66641;433.303;
1.47235;402.473;
1.53758;495.724;
1.24414;392.337;
1.75663;480.135;
1.61139;452.854;
1.64755;428.994;
1.58844;436.777;
1.51042;465.855;
1.81785;484.67;
1.56191;414.238;
1.41277;455.682;
1.42132;445.626;
1.84393;486.25;
1.66792;440.006;
1.57902;428.981;
1.81041;484.173;
1.33257;423.774;
1.42403;444.686;
1.74532;471.011;
1.56911;417.903;
1.52993;419.031;
1.48005;477.091;
1.88128;501.078;
1.6289;503.956;
1.56745;413.08;
1.77603;468.557;
1.71008;455.084;
1.58506;486.947;
1.61571;422.558;
1.47943;470.773;
1.61429;435.969;
1.6557;433.879;
1.7586;464.905;
1.54697;477.257;
1.71189;463.71;
1.351;441.844;
1.77061;479.276;
1.43217;395.027;
1.69352;461.328;
1.5111;463.214;
1.26105;380.736;
1.5048;414.323;
1.21718;389.722;
1.40105;432.168;
1.78848;479.487;
1.70633;464.654;
1.74259;469.724;
1.56918;413.772;
1.28764;413.944;
1.34498;420.023;
1.43275;387.093;
1.50892;405.455;
1.82502;489.042;
1.68468;456.713;
1.34241;429.437;
1.38171;439.706;
1.76232;489.108;
1.89265;513.408;
1.61926;444.51;
1.84108;502.669;
1.40269;442.48;
1.41908;437.597;
1.57731;421.6;
1.65767;443.851;
1.52208;405.448;
1.30213;411.312;
1.64239;439.676;
1.59412;502.755;
1.26826;400.347;
1.54633;424.2;
1.71109;461.981;
1.82842;498.164;
1.42613;446.615;
1.81869;483.48;
1.21659;386.349;
1.58657;426.078;
1.50097;438.924;
1.52476;425.067;
1.74718;464.91;
1.64886;469.659;
1.42724;416.459;
1.54456;413.153;
1.43835;458.818;
1.4195;415.586;
1.62197;454.496;
1.40274;408.935;
1.67878;462.662;
1.35174;452.673;
1.90988;516.913;
1.58249;459.383;
1.41994;462.424;
1.5307;415.614;
1.59505;447.409;
1.3977;402.687;
1.60373;420.716;
1.58074;454.247;
1.6784;458.29;
1.74209;484.105;
1.29757;420.306;
1.35442;441.467;
1.60264;430.221;
1.67367;451.206;
1.43667;395.225;
1.6177;469.365;
1.39418;409.555;
1.29881;409.767;
1.44558;445.056;
1.68981;459.864;
1.4649;443.999;
1.78884;481.906;
1.80725;481.549;
1.72214;473.794;
1.43223;451.243;
1.58867;501.244;
1.61381;436.154;
1.679;451.049;
1.46996;391.723;
1.93851;515.078;
1.51982;464.06;
1.36549;360.551;
1.44503;452.636;
1.56478;413.831;
1.77188;479.253;
1.5456;410.904;
1.37976;437.207;
1.46253;472.765;
1.80663;460.367;
1.73848;460.173;
1.73327;458.042;
1.58739;427.03;
1.38037;436.27;
1.43284;458.099;
1.7557;471.64;
1.48254;391.986;
1.79455;478.654;
1.30327;402.624;
1.9388;522.259;
1.49157;474.129;
1.59402;427.485;
1.81792;487.602;
1.57823;493.281;
1.79563;476.647;
1.37847;426.828;
1.7182;462.701;
1.70146;447.619;
1.35504;438.594;
1.68105;450.674;
1.34474;418.305;
1.58826;423.098;
1.74038;477.719;
1.41891;451.448;
1.64804;439.269;
1.49249;475.174;
1.58474;439.476;
1.62179;435.527;
1.6166;434.148;
1.32648;416.368;
1.53645;484.072;
1.55562;423.137;
1.86213;505.553;
1.7719;472.104;
1.669;442.251;
1.37065;435.299;
1.53809;482.159;
1.7677;474.384;
1.58357;422.285;
1.55362;424.136;
1.46965;473.963;
1.72963;458.879;
1.20151;379.501;
1.53356;414.562;
1.72399;457.009;
1.65738;452.92;
1.43096;460.128;
1.43403;454.031;
1.71171;451.491;
1.73373;486.988;
1.58921;454.369;
1.58196;465.886;
1.65836;486.57;
1.30491;392.986;
1.76109;473.265;
1.30687;427.038;
1.73868;471.632;
1.45297;393.934;
1.45149;458.277;
1.70894;458.215;
1.544;414.701;
1.42768;457.775;
1.36825;433.962;
1.60806;439.794;
1.67685;442.29;
1.60321;438.917;
1.62364;432.326;
1.72979;511.108;
1.70884;539.081;
1.61075;446.309;
1.52434;422.724;
1.36772;417.55;
1.75383;504.548;
1.68022;451.213;
1.53769;459.727;
1.62835;514.699;
1.74058;489.631;
1.80425;469.376;
1.5575;407.359;
1.65723;437.455;
1.43179;444.814;
1.50113;464.292;
1.68072;433.037;
1.67283;437.856;
1.58757;427.433;
1.27623;396.435;
1.40914;446.999;
W0;O=0.177203;W:86.4906
1.65692;438.822;
1.52145;399.47;
1.74902;457.375;
1.57031;494.591;
1.98801;536.234;
1.64748;484.001;
1.56359;435.346;
1.68478;468.713;
1.53912;410.151;
1.34485;414.02;
1.51852;481.278;
1.79369;478.784;
1.80992;487.746;
1.58411;419.706;
1.80148;476.107;
1.44869;444.806;
1.43114;456.059;
1.67035;464.341;
1.60935;423.026;
1.55608;411.932;
1.5007;479.866;
1.70657;464.005;
1.61078;440.964;
1.35818;389.969;
1.50916;420.833;
1.3742;449.786;
1.2817;405.449;
1.52862;413.961;
1.78096;499.64;
1.73505;476.232;
1.3837;457.893;
1.65424;467.757;
1.54773;493.944;
1.45084;438.479;
1.53166;415.362;
1.53164;422.416;
1.57666;430.833;
1.63421;501.339;
1.29609;425.17;
1.54086;436.205;
1.29788;418.942;
1.47332;404.409;
1.24359;397.372;
1.61589;447.37;
1.79528;485.352;
1.59404;445.775;
1.20376;395.844;
1.46917;481.314;
1.5744;437.12;
1.68434;477.145;
1.62472;465.129;
1.78796;495.163;
1.43309;467.009;
1.37617;461.256;
1.68977;470.815;
1.62653;447.443;
1.56087;422.059;
1.34955;426.399;
1.55203;429.803;
1.56275;502.112;
1.52643;430.627;
1.6429;465.594;
1.69021;466.403;
1.46328;468.024;
1.43651;466.573;
1.49243;410.146;
1.55926;439.275;
1.70065;462.662;
1.3049;429.594;
1.70537;469.316;
1.33333;426.368;
1.57777;433.685;
1.66896;468.323;
1.15089;369.34;
1.33371;433.431;
1.56001;435.17;
1.57611;433.561;
1.51338;415.142;
1.51306;454.455;
1.36631;438.445;
1.68573;479.102;
1.60832;435.396;
1.68262;457.92;
1.51736;421.745;
1.32656;437.934;
1.42925;460.681;
1.72819;482.39;
1.36289;378.818;
1.75949;473.854;
1.59125;430.805;
1.43163;464.196;
1.38297;446.494;
1.52016;418.188;
1.6779;446.737;
1.63827;448.044;
1.64475;441.965;
1.3167;426.193;
1.47968;458.767;
1.61354;438.596;
1.58649;420.832;
1.27013;397.53;
1.74005;498.523;
1.7519;474.378;
1.43489;445.817;
1.46615;466.171;
1.50913;416.766;
1.48383;401.867;
1.13547;369.262;
1.75483;486.182;
1.68368;460.125;
1.30933;435.078;
1.28503;414.714;
1.59731;447.432;
1.56486;431.307;
1.74763;478.884;
1.67925;442.989;
1.27195;378.207;
1.41803;456.428;
1.61651;437.485;
1.48387;443.705;
1.66432;451.327;
1.7138;466.739;
1.64052;432.235;
1.7253;532.869;
1.59924;419.011;
1.44638;448.902;
1.70505;447.5;
1.79736;468.789;
1.49092;472.499;
1.72645;461.856;
1.29308;417.726;
1.69649;448.386;
1.66023;438.351;
1.31308;416.534;
1.63973;428.22;
1.34994;413.143;
1.64827;445.526;
1.60114;421.164;
1.6373;435.685;
1.51957;473.295;
1.43599;443.475;
1.79381;480.205;
1.57159;424.891;
1.50543;408.872;
1.3005;411.681;
1.68418;460.312;
1.43655;461.255;
1.49338;407.108;
1.7244;467.817;
1.65938;446.649;
1.34809;428.85;
1.5202;477.098;
1.86326;498.494;
1.73632;465.641;
1.72021;465.887;
1.55859;421.214;
1.5326;484.662;
1.42886;448.469;
1.68655;452.077;
1.48347;391.232;
1.76108;471.935;
1.43869;465.365;
1.64484;441.742;
1.30843;425.618;
1.41424;383.413;
1.32507;414.288;
1.64438;442.647;
1.58399;433.155;
1.74074;456.188;
1.65531;530.874;
1.60206;469.769;
1.29848;418.01;
1.58272;537.646;
W1;O=0.699471;W:130.122
W2;O=0.362318;W:130.964
W3;O=0.537382;W:131.16
W4;O=1.05355;W:129.395
1.43701;458.049;
W5;O=0.871526;W:129.92
