1.25309;434.134;
1.1479;398.726;
1.04465;379.337;
1.41909;405.675;
1.67017;575.116;
1.52999;434.816;
1.55989;464.304;
1.47829;496.196;
1.64962;467.773;
1.38888;473.959;
1.65381;480.691;
1.74615;496.186;
1.40954;390.254;
1.38753;477.862;
1.73249;497.701;
1.29428;429.598;
1.12344;363.542;
1.71714;495.525;
1.30284;382.022;
1.78118;498.924;
1.32601;438.415;
1.82772;514.561;
1.15891;388.735;
1.55581;442.998;
1.70781;477.487;
1.30159;361.326;
1.24144;416.141;
1.31289;374.698;
1.29801;424.227;
1.33111;382.897;
1.60455;451.238;
1.37691;463.301;
1.82264;520.136;
1.26204;398.67;
1.65556;478.906;
1.25177;428.214;
1.68111;474.679;
1.62339;487.097;
1.40938;476.584;
1.81648;516.897;
0.989901;321.301;
1.70721;477.832;
1.81923;503.421;
1.59473;520.985;
1.61835;443.829;
1.23618;410.398;
1.78602;505.507;
1.88251;515.428;
1.23588;404.362;
1.45892;477.977;
1.63793;448.97;
1.71761;473.296;
1.61095;444.599;
1.25511;424.847;
1.76544;486.749;
1.35196;436.636;
1.30227;366.411;
1.30325;363.309;
1.61931;450.597;
1.17562;372.474;
1.46554;484.05;
1.76186;490.016;
1.55892;442.516;
2.09535;577.203;
1.49125;415.829;
1.34341;438.855;
1.34689;442.625;
1.35088;378.496;
1.58378;453.8;
1.55955;452.144;
1.47529;497.989;
2.01451;568.247;
1.27442;415.377;
1.35171;381.383;
1.29566;361.425;
1.65099;456.474;
1.35098;383.696;
1.61943;544.266;
1.62822;528.883;
1.73577;472.212;
1.7786;518.48;
1.739;485.608;
1.66818;460.296;
1.66018;530.357;
1.51503;437.807;
1.7686;465.709;
1.7437;582.393;
1.46619;463.101;
1.61358;457.121;
1.7708;501.131;
1.72544;461.445;
1.39262;465.222;
1.24462;395.771;
1.8268;489.663;
1.7227;465.932;
1.60847;444.645;
2.10467;546.189;
1.283;398.665;
1.37548;428.078;
1.67271;486.791;
1.49955;410.535;
1.74867;480.486;
1.58561;511.446;
1.90035;514.917;
1.2686;409.945;
1.74108;475.159;
1.70598;462.339;
1.846;485.903;
1.37021;444.468;
1.2979;415.656;
1.50007;408.265;
1.81327;483.265;
1.59677;431.863;
1.40233;448.648;
1.53211;484.775;
1.7036;469.26;
1.48798;386.335;
1.56037;409.538;
1.22985;381.833;
1.46175;400.776;
1.62366;538.631;
1.8611;510.13;
1.65193;427.699;
1.19475;368.799;
1.93671;544.471;
1.48652;401.131;
1.11321;372.404;
1.45586;407.356;
1.75402;456.44;
1.54965;486.342;
1.70139;462.83;
1.31622;410.173;
1.68892;448.796;
1.04178;339.226;
1.38272;385.983;
1.69291;464.837;
1.4045;456.407;
1.40459;383.111;
1.80035;479.669;
1.44214;477.292;
1.67591;459.875;
1.37086;432.957;
1.63762;457.622;
1.51649;425.579;
1.4954;441.837;
1.27227;420.88;
1.62225;461.634;
1.15643;326.776;
1.44496;423.497;
1.38968;470.331;
1.6114;447.621;
1.42222;478.329;
1.67652;494.817;
1.93471;523.145;
1.34268;448.211;
1.84113;526.71;
1.10359;371.105;
1.87387;571.366;
1.63611;467;
1.70522;511.971;
1.41573;397.021;
1.81887;522.296;
1.80155;595.522;
1.42345;419.571;
1.23523;426.748;
1.52172;443.777;
1.61901;464.491;
1.17187;399.531;
1.59822;456.13;
1.2678;397.597;
1.55256;430.698;
1.29787;439.467;
1.07687;360.702;
1.50116;420.279;
1.67006;485.232;
1.64598;453.291;
1.4741;429.442;
1.34123;453.83;
1.28421;343.34;
1.38607;449.513;
1.33354;384.533;
1.68174;470.572;
1.79176;471.483;
1.31778;445.799;
1.46373;404.371;
1.48637;453.361;
1.65274;452.832;
1.61594;442.517;
1.85591;527.484;
1.50588;465.054;
1.24617;399.683;
1.40276;371.121;
1.22258;412.753;
1.71079;451.078;
1.75894;481.463;
1.341;363.445;
1.39209;456.743;
1.78521;482.084;
1.29085;435.446;
1.39764;404.274;
1.38045;449.568;
1.93958;520.292;
2.01462;545.676;
1.22419;407.42;
1.69525;473.22;
1.34691;386.624;
1.19807;413.69;
1.96542;529.572;
1.71421;492.822;
1.6134;520.929;
1.50128;399.251;
1.62554;475.12;
1.66612;569.025;
1.09168;375.454;
1.44053;411.101;
1.45235;387.326;
1.53617;411.173;
1.41546;476.466;
1.58723;422.802;
1.09089;354.865;
1.40212;394.475;
1.46487;393.432;
1.12415;363.534;
1.84929;513.808;
1.40542;475.021;
2.19826;598.675;
1.20074;403.227;
1.54876;423.622;
1.4323;396.303;
1.51895;427.5;
1.56908;504.368;
1.23626;342.677;
1.48032;487.122;
1.57598;428.216;
1.79299;497.913;
1.53409;429.203;
1.3181;433.659;
1.72456;469.394;
1.59034;457.671;
1.27766;400.573;
1.64402;420.802;
1.53454;480.372;
1.99907;528.232;
1.56267;430.722;
1.53013;411.666;
1.65991;509.358;
1.7057;469.889;
1.54886;472.988;
1.97782;529.681;
1.58828;428.08;
1.4602;448.177;
2.04674;549.014;
1.56306;512.695;
1.91812;520.986;
1.90211;465.798;
1.54815;430.808;
1.30414;345.665;
1.69818;494.97;
1.48482;461.861;
1.87209;487.508;
1.47397;471.698;
1.63371;426.06;
1.34558;356.247;
1.44063;445.038;
1.76146;451.013;
1.51161;402.147;
1.60983;514.122;
1.26728;409.765;
1.89855;498.725;
1.89961;486.283;
1.92783;516.052;
1.54671;425.503;
1.11543;342.908;
1.35238;440.056;
1.37441;374.254;
1.42462;384.679;
1.68058;463.311;
1.41992;443.417;
1.44912;433.478;
1.61998;439.56;
1.45158;476.855;
1.66429;476.022;
1.20192;409.476;
1.6523;453.132;
1.33744;445.674;
1.73107;490.331;
2.1904;615.935;
1.70856;486.039;
1.59055;515.602;
1.36225;471.258;
1.65564;465.056;
1.58918;419.255;
1.94418;518.701;
1.54093;429.803;
1.54287;503.619;
1.24336;410.705;
1.39413;376.463;
1.37939;366.729;
1.38629;385.874;
1.48381;414.632;
1.27993;440.286;
1.2685;398.977;
1.47382;397.667;
1.23159;359.158;
1.94957;546.92;
1.29737;425.468;
1.6484;447.44;
1.82434;618.543;
2.00623;578.769;
1.49694;433.257;
1.25554;419.85;
1.59107;454.018;
1.6138;454.398;
1.62192;541.618;
1.33848;440.041;
1.41022;389.771;
1.44983;408.316;
1.57031;442.629;
1.55378;428.033;
1.65736;539.159;
1.46253;419.892;
1.56073;502.235;
1.54722;443.679;
1.60136;422.257;
2.10653;576.188;
1.37225;446.438;
1.34895;446.348;
1.57123;418.024;
1.78677;503.534;
1.50747;429.571;
1.36579;427.679;
1.42596;435.196;
2.09123;587.282;
1.45873;386.688;
1.56209;437.959;
1.54324;422.569;
1.429;462.287;
1.22157;408.112;
1.53515;410.656;
1.72627;462.481;
1.49686;419.449;
1.22882;387.254;
1.50773;406.75;
1.58003;519.286;
1.33288;375.865;
1.28127;365.188;
1.77254;502.938;
1.46736;481.189;
1.30484;434.048;
1.68405;470.151;
1.58214;447.975;
1.70304;469.192;
1.38513;458.526;
1.5909;447.387;
1.36145;449.271;
1.62952;449.325;
1.45805;496.233;
1.67784;475.276;
1.75937;500.336;
1.95832;563.178;
1.83091;600.489;
1.75567;502.744;
1.4593;479.158;
1.50321;403.182;
1.73031;499.274;
1.54495;453.393;
1.78573;575.522;
1.63317;456.622;
1.57655;536.17;
1.8121;496.907;
1.58747;460.694;
1.76084;510.189;
1.43187;465.533;
1.47432;431.443;
1.42543;461.906;
1.59989;444.196;
1.51095;425.373;
1.2204;401.588;
1.53457;431.766;
1.4117;463.599;
1.78335;494.309;
1.34936;388.853;
1.24207;392.48;
1.53495;423.998;
1.2993;359.15;
1.21282;377.982;
1.32394;376.301;
1.41593;384.856;
1.35967;442.085;
1.3674;387.267;
1.70967;503.565;
1.68815;525.82;
1.61425;455.917;
1.3621;379.21;
1.48941;468.525;
1.37238;404.442;
1.62085;450.45;
0.959962;326.507;
1.73601;504.522;
1.46086;394.365;
1.33414;434.437;
1.824;484.106;
1.18728;405.728;
1.94589;536.284;
1.42259;480.963;
1.55607;423.005;
1.53155;435.351;
1.78091;491.843;
1.44599;439.49;
1.46855;433.534;
1.31376;410.472;
1.31046;348.919;
1.51469;420.265;
1.68903;466.961;
1.13454;379.077;
1.35198;376.005;
1.21586;350.725;
1.58778;446.951;
1.87972;619.853;
1.80871;503.022;
1.36751;440.213;
1.59227;433.259;
1.25496;359.633;
1.51793;492.459;
1.83658;523.723;
1.31097;422.13;
1.5823;427.919;
1.41875;406.461;
1.19136;338.901;
1.17419;385.522;
1.35516;459.092;
1.64691;470.24;
1.70589;470.929;
1.62598;457.278;
1.32368;432.608;
1.54526;493.714;
1.67896;465.184;
1.84842;512.61;
1.75126;453.043;
1.38082;447.342;
1.65272;471.209;
1.4389;491.02;
1.57822;461.39;
1.53834;449.144;
1.22868;406.277;
1.30502;426.087;
1.94081;520.589;
1.36383;370.15;
2.01724;592.185;
1.56393;419.34;
1.52171;512.914;
1.45142;463.759;
1.62777;433.028;
1.54223;421.15;
1.62667;444.242;
1.76813;502.806;
1.44481;474.654;
1.24814;404.902;
1.42864;399.76;
1.90994;523.273;
1.27623;431.705;
1.56707;426.171;
1.62692;449.98;
1.38861;445.45;
1.39198;388.015;
1.4288;408.488;
1.40012;458.575;
1.33888;378.51;
1.70584;536.048;
1.37701;399.259;
2.12486;614.173;
1.76885;475.804;
1.58056;450.466;
1.64969;533.718;
1.23395;340.146;
1.53715;506.704;
1.41839;376.257;
1.29722;415.458;
1.21838;404.656;
1.76994;499.258;
1.79835;509.069;
1.54169;445.538;
1.67047;467.16;
1.37808;463.127;
1.33558;454.055;
1.50105;409.33;
1.65225;465.857;
1.03336;341.105;
1.95643;559.896;
1.70896;469.936;
1.52767;506.803;
1.49986;423.958;
1.27621;405.662;
1.87378;533.97;
1.67152;454.226;
W3;O:0.91358;R:126.812
1.91283;545.275;
W2;O:1.09163;R:127.056
1.45331;457.753;
W0;O:0.193387;R:128.046
1.09164;353.884;
W5;O:0.754553;R:127.705
1.62675;516.998;
W4;O:0.36939;R:128.427
1.5828;540.406;
W1;O:0.560566;R:128.286
