2.0861;609.28;
2.1374;656.11;
1.67971;440.683;
2.37131;710.661;
2.34101;648.505;
2.98153;851.029;
1.56844;390.804;
1.88378;532.166;
1.64083;522.381;
2.62517;664.212;
1.29044;440.682;
2.34566;627.825;
0.953968;290.462;
1.60662;454.092;
1.97293;567.533;
1.34792;429.982;
1.22193;378.676;
1.89813;539.281;
1.16358;331.467;
1.81009;490.634;
1.90039;550.742;
1.7445;568.655;
1.3195;347.095;
1.81948;589.749;
1.62497;410.079;
2.51568;696.897;
1.01456;323.022;
1.28512;412.995;
1.90037;537.661;
1.63462;441.66;
1.27535;328.502;
1.79978;470.195;
1.49453;495.065;
1.45572;485.29;
1.70661;482.154;
1.71194;454.487;
1.98352;524.044;
1.7263;550.171;
2.23606;598.231;
1.84836;609.257;
1.73078;491.327;
1.55573;393.952;
1.50788;501.047;
1.69608;467.152;
1.16327;366.46;
1.73126;469.488;
1.44512;379.227;
0.715295;239.491;
1.2857;414.846;
1.80379;460.992;
1.62386;488.968;
3.15594;813.925;
1.93688;529.516;
1.87894;476.562;
1.89437;601.767;
1.35364;392.782;
1.76432;466.559;
1.61295;454.374;
1.5139;408.099;
1.85975;500.164;
1.69878;478.707;
1.63263;485.216;
1.43126;398.43;
1.13139;357.137;
1.21603;359.786;
1.49654;432.567;
1.73157;571.208;
1.87489;537.703;
2.02324;604.001;
1.21901;328.166;
2.22688;664.117;
2.17062;577.864;
0.742721;243.417;
1.29893;371.921;
1.61605;450.284;
1.32963;360.186;
1.55476;425.943;
1.15108;380.055;
1.38262;444.307;
2.41225;663.161;
1.37704;359.095;
1.33653;391.566;
2.00547;568.807;
2.15231;548.714;
1.66339;518.756;
1.76318;444.58;
1.41012;364.062;
1.54014;463.977;
0.920086;253.456;
1.2394;347.038;
1.94557;494.593;
1.99548;488.376;
1.82219;468.329;
1.35356;409.406;
1.41917;349.907;
2.04933;587.731;
1.68204;448.149;
1.27725;398.045;
1.97081;488.126;
1.27914;405.384;
1.36771;320.361;
2.16776;572.841;
1.05597;320.429;
1.53939;410.731;
1.52072;428.574;
1.67144;479.605;
1.7399;479.882;
2.02075;658.887;
1.07043;373.229;
1.41794;412.294;
1.26351;373.986;
1.68276;475.424;
1.09746;361.022;
1.3325;428.009;
1.89968;534.548;
1.98406;537.065;
1.47358;424.144;
1.83524;518.069;
1.71178;524.697;
1.93812;597.492;
0.898608;237.89;
1.49257;416.173;
2.45677;602.758;
1.22294;391.193;
1.24682;358.014;
1.51566;480.552;
1.63103;456.496;
1.04316;341.051;
1.03054;319.539;
1.54432;455.75;
2.03161;538.625;
1.44563;376.21;
1.38646;385.264;
1.00875;331.211;
1.1517;378.487;
1.19759;330.581;
1.17896;386.246;
1.0653;309.684;
1.90026;458.026;
2.03942;575.821;
2.19026;566.058;
1.43946;356.408;
1.21166;377.038;
1.48117;492.466;
1.58202;431.815;
1.54881;466.83;
1.88334;508.705;
1.39089;408.344;
1.1042;316.79;
1.75333;581.158;
1.23569;312.869;
2.04844;617.573;
1.77207;423.521;
2.02026;523.922;
1.61565;535.766;
2.15699;596;
1.35987;411.85;
1.79573;461.894;
1.51682;402.098;
1.8983;475.072;
1.09244;296.25;
1.90711;598.819;
1.49484;488.758;
1.86834;539.298;
1.63465;450.433;
1.25772;401.405;
1.52945;530.463;
2.17573;607.678;
2.06627;508.658;
1.70496;461.351;
1.7049;455.633;
1.64573;511.414;
1.57089;429.416;
2.08775;664.46;
2.35572;643.268;
2.0144;485.909;
1.23624;343.376;
1.74511;556.517;
2.5244;661.148;
1.0903;304.979;
1.44399;494.978;
1.4293;365.997;
1.56123;492.355;
1.87431;524.75;
1.57187;477.057;
1.8276;477.463;
2.10191;576.525;
0.993971;328.285;
1.4534;445.882;
2.2441;638.038;
1.79911;501.003;
1.44527;389.372;
1.51716;403.107;
1.53461;471.276;
1.35107;381.471;
1.35689;415.924;
1.0085;355.815;
1.77598;449.274;
2.01559;578.542;
2.03986;601.108;
1.1029;319.713;
1.55529;439.086;
1.42788;461.767;
1.63334;460.753;
1.77138;469.584;
1.0941;307.136;
1.3843;478.15;
0.970537;309.049;
1.73128;472.979;
1.17968;318.411;
1.18651;327.769;
1.46148;368.88;
1.5831;523.102;
1.66696;540.296;
2.21103;632.856;
1.86006;496.432;
1.25299;348.573;
1.59197;426.851;
1.30055;413.577;
1.39603;403.681;
1.18346;306.873;
1.66466;464.33;
0.953993;306.747;
1.47764;398.531;
1.40175;407.197;
1.31011;412.551;
1.11495;343.094;
1.80119;508.143;
1.37194;363.817;
1.68425;440.299;
1.8734;511.476;
1.68758;492.652;
1.69335;515.681;
1.58854;467.981;
1.75249;496.4;
1.46538;377.649;
1.86741;475.603;
2.54482;690.968;
1.46823;433.654;
1.28495;405.951;
1.39307;343.853;
1.52964;398.024;
1.53479;394.657;
1.10983;331.803;
1.8829;489.903;
1.57853;490.603;
1.52656;386.815;
0.940643;259.472;
1.36463;353.147;
1.80182;453.522;
1.13705;334.982;
1.31295;323.7;
1.11603;320.088;
1.06837;246.706;
1.74089;456.737;
1.77543;443.781;
1.70938;465.019;
1.81878;572.757;
2.15006;639.613;
1.88929;492.02;
1.91097;486.284;
1.25246;388.656;
1.90826;457.321;
1.49411;357.218;
2.34158;555.44;
1.55242;465.392;
2.34703;709.871;
1.35057;361.429;
2.1021;522.281;
1.26209;276.989;
1.79832;423.261;
1.32964;382.84;
1.28171;299.164;
1.56968;428.789;
1.70613;440.21;
1.50834;375.069;
1.11808;339.306;
1.17715;361.274;
1.77269;446.161;
1.71534;456.969;
2.21736;524.061;
1.64937;433.677;
1.83686;545.981;
1.74193;521.386;
2.0169;515.004;
1.56518;428.896;
1.63881;411.963;
1.71486;453.68;
1.78552;464.456;
1.05218;323.21;
1.82747;560.795;
1.97138;499.03;
1.67317;405.447;
1.3014;403.69;
2.47627;638.065;
2.01098;563.38;
1.96311;586.185;
1.80138;483.868;
1.937;521.153;
1.17893;367.817;
2.26717;603.302;
1.82391;553.302;
1.52565;363.343;
2.22962;589.51;
1.02988;305.54;
1.8143;464.016;
1.46754;413.31;
1.22971;364.748;
1.59381;418.79;
1.79356;485.015;
1.64268;489.684;
1.3241;350.195;
1.29575;396.399;
1.16868;309.689;
2.41648;659.97;
1.60007;416.563;
2.32876;597.398;
0.914228;279.595;
2.31955;677.308;
1.97491;521.799;
1.93775;524.799;
2.69622;742.875;
1.12742;304.518;
1.18569;358.843;
1.80323;468.102;
1.45847;449.571;
1.6767;413.796;
2.17787;537.828;
2.18309;545.011;
2.04988;563.172;
1.50827;480.384;
1.31227;316.757;
1.45017;369.894;
1.74287;490.753;
1.84308;488.31;
1.2138;368.222;
1.36499;445.082;
1.50559;389.333;
1.65268;422.762;
1.49711;464.043;
2.0812;550.922;
1.03264;308.706;
2.48124;657.426;
1.28384;314.395;
1.45969;369.844;
1.69669;431.706;
1.33928;430.903;
1.82348;561.64;
1.03797;324.502;
1.3115;327.187;
2.361;602.112;
2.1677;596.848;
2.1191;673.417;
2.35183;593.151;
1.04312;261.738;
1.20754;362.03;
1.73047;454.821;
1.57499;465.437;
2.47762;612.089;
1.80044;441.926;
1.61714;529.615;
1.10087;303.305;
2.15263;584.498;
1.42796;403.13;
1.86568;517.262;
1.55731;489.53;
1.98746;517.333;
1.87768;594.608;
1.80297;466.186;
1.0677;337.151;
1.3919;349.7;
2.1505;583.389;
1.46302;396.298;
1.91464;607.968;
1.53225;473.257;
1.18628;346.06;
1.71982;415.777;
1.43582;355.092;
2.82757;788.455;
0.992516;269.832;
1.52769;478.053;
1.39555;386.721;
1.58233;420.562;
2.07085;575.917;
2.03125;547.169;
1.94542;443.804;
1.65953;510.096;
1.79002;469.049;
2.01625;616.012;
1.3445;363.955;
1.54025;402.134;
1.39063;424.616;
1.95442;484.663;
1.058;300.875;
1.47558;393.119;
0.970787;316.176;
1.27825;403.891;
1.97431;482.078;
2.19065;549.32;
1.2865;412.62;
2.0815;537.343;
1.2503;342.432;
2.26077;560.836;
1.60789;511.795;
1.25757;398.565;
1.44886;390.956;
1.95827;506.233;
1.16649;328.12;
1.37004;377.011;
1.28694;376.129;
1.5645;500.224;
1.45737;375.847;
1.79211;483.455;
1.28384;355.081;
2.11908;578.934;
1.7445;557.178;
1.57656;436.003;
1.16042;304.868;
0.851684;242.978;
1.75854;471.976;
1.82491;494.417;
1.57403;393.497;
1.32014;426.725;
0.915524;300.761;
1.41756;366.304;
1.4734;364.928;
1.31866;318.031;
1.19924;370.012;
1.74021;474.547;
1.51782;477.024;
1.80118;456.098;
1.07829;297.816;
1.3837;380.146;
1.54872;486.479;
1.56971;430.861;
1.86627;576.682;
1.25339;327.661;
1.76816;471.636;
1.06809;263.75;
1.31594;391.994;
2.57098;731.448;
1.4997;469.391;
1.28064;322.25;
1.63493;425.884;
1.73382;464.073;
0.857635;271.895;
1.62124;547.808;
1.70305;459.238;
1.63907;403.686;
1.52731;421.952;
1.04588;320.313;
1.29295;385.125;
1.66055;399.275;
1.51691;401.446;
1.22364;384.74;
1.56054;457.647;
1.72985;470.944;
1.56806;423.234;
1.43307;372.475;
1.18981;379.455;
1.52309;452.14;
1.84207;466.928;
1.36089;325.266;
1.52975;409.715;
2.1467;522.952;
1.30396;395.117;
1.69996;538.556;
1.34115;362.237;
2.1549;461.898;
2.03414;484.423;
1.29127;373.802;
1.60735;498.074;
1.06481;286.848;
2.3071;610.994;
1.52472;402.059;
1.92857;524.184;
1.59265;493.473;
1.43926;420.801;
1.45827;381.503;
0.777329;229.799;
1.77188;477.78;
1.57826;434.284;
1.26942;403.54;
1.90769;480.681;
1.34376;400.847;
1.58796;414.433;
1.52535;398.769;
1.14249;356.636;
1.89775;482.527;
0.908593;239.658;
1.36201;398.126;
1.70899;465.509;
1.39192;369.733;
1.37195;421.668;
1.34674;352.492;
W5;O:1.03085;R:133.425
1.79193;425.654;
W0;O:0.155397;R:134.381
1.47504;481.997;
W4;O:0.84485;R:133.982
1.30546;399.069;
W2;O:0.323595;R:134.664
1.64902;493.476;
W1;O:0.698771;R:134.405
1.43671;494.644;
W3;O:0.496734;R:135.01
