0.385259;87.6382;
0.777463;294.94;
1.46968;567.319;
1.24955;479.394;
0.255591;96.668;
1.24106;201.589;
1.04506;283.594;
1.61548;513.398;
0.634476;185.897;
0.520509;174.885;
0.644262;167.92;
3.6952;1189.46;
2.05989;632.189;
0.991712;335.07;
1.95823;567.607;
1.01296;299.678;
4.41761;1508.16;
0.94992;222.236;
1.29809;441.483;
0.293954;107.032;
2.27846;645.445;
3.83205;992.132;
4.56538;1299.92;
1.13939;247.834;
6.05314;1869.2;
1.19973;420.091;
1.08665;290.137;
1.29915;323.04;
1.33702;339.448;
0.133065;37.693;
1.19675;180.242;
0.758414;157.03;
1.37115;443.208;
1.62321;336.709;
1.89965;548.073;
0.443296;119.329;
1.20695;414.161;
1.11793;342.761;
2.77634;653.19;
1.50367;460.931;
1.87197;588.356;
1.97162;611.166;
1.98938;668.278;
5.41046;1754.32;
1.11603;309.688;
1.66417;531.834;
1.5303;454.95;
2.35273;663.885;
2.17702;636.944;
2.62847;650.584;
1.22675;331.725;
0.926549;245.838;
0.140002;32.162;
1.54222;405.629;
2.8332;776.261;
4.14054;1065.44;
1.56247;411.741;
1.29238;427.099;
1.80141;459.952;
0.937386;248.544;
0.665467;166.163;
3.53941;1149.08;
0.553607;156.285;
1.91998;613.262;
1.25242;353.678;
3.60799;1115.09;
2.0308;552.84;
1.08784;265.519;
0.723985;208.345;
2.42451;608.144;
0.799272;236.769;
1.8559;436.765;
0.597056;213.604;
1.58198;493.184;
0.617812;166.942;
2.29853;691.324;
3.09553;532.185;
1.29137;389.709;
2.92112;896.009;
2.17204;670.926;
0.309926;59.4045;
2.69209;659.394;
1.12634;266.06;
0.824914;200.181;
0.256017;68.3525;
0.593616;151.742;
2.07645;662.626;
0.4727;149.501;
0.758739;277.553;
1.00275;235.575;
2.52794;801.003;
1.21827;327.014;
0.839094;197.814;
1.8285;497.976;
3.83507;977.933;
1.74521;592.231;
1.23151;340.462;
2.36837;757.784;
1.20394;332.925;
2.33141;508.203;
2.55728;666.711;
1.65608;373.252;
1.8094;534.857;
1.86212;536.068;
2.04169;445.222;
1.98639;622.755;
4.25511;1472.88;
0.782504;138.691;
2.321;531.833;
1.5142;338.517;
2.69499;905.926;
1.07643;315.164;
2.38517;584.479;
0.721394;205.581;
0.811643;219.334;
2.92178;778.916;
3.60159;931.613;
1.73038;625.344;
2.57191;785.432;
1.14503;222.724;
1.95116;545.191;
2.36684;626.549;
1.05151;366.913;
0.731409;208.817;
2.93572;740.784;
2.07656;677.55;
2.51481;672.015;
0.703052;209.051;
1.50825;422.05;
1.19142;352.362;
1.58679;438.487;
1.60084;452.556;
1.88967;670.301;
1.25576;359.133;
0.492736;91.3177;
0.434417;103.084;
0.77577;229.309;
3.58403;1223.33;
2.15495;661.12;
0.349991;106.067;
1.06315;240.898;
1.09484;254.344;
1.07336;269.606;
0.623533;181.887;
0.749734;211.292;
2.94435;828.953;
2.15227;648.961;
0.91427;278.455;
0.776971;185.906;
0.323553;116.486;
1.69924;482.027;
0.523243;174.444;
0.795091;235.115;
0.737727;208.85;
1.02719;336.251;
0.287852;58.0249;
1.2054;450.916;
1.08413;288.508;
3.95555;891.028;
1.71947;590.661;
4.20244;1080.16;
3.30239;951.539;
2.0701;493.388;
2.72354;1016.54;
0.502012;124.789;
1.96572;646.401;
1.91696;553.498;
2.72264;632.071;
0.980404;208.503;
1.99003;307.886;
1.27743;279.838;
2.35321;817.247;
2.3102;591.295;
2.88315;1035.22;
3.481;593.358;
1.56597;417.611;
1.81097;555.078;
1.17364;379.404;
2.4593;704.319;
0.61634;176.975;
1.01861;343.001;
0.76915;230.624;
2.62916;646.301;
0.555075;169.24;
3.16658;993.308;
2.85183;744.183;
2.3316;361.895;
0.289879;77.5709;
1.63485;517.039;
3.50609;822.754;
1.01828;277.316;
1.76725;577.241;
3.88855;1119.96;
0.160565;53.5612;
2.05617;526.061;
1.0168;300.205;
0.697562;194.726;
0.902782;282.285;
0.809978;239.94;
0.817986;218.667;
2.31987;504.27;
0.886151;239.733;
1.45811;403.046;
4.73474;1396.02;
1.81613;494.384;
0.601181;163.373;
2.69059;930.029;
1.45372;350.774;
0.891179;287.256;
1.72915;552.832;
0.435348;125.52;
2.64536;657.67;
2.03475;552.111;
2.78905;509.139;
4.42308;1321.66;
4.54102;1077.04;
0.390759;110.486;
0.928027;321.324;
1.14724;305.24;
0.852126;270.881;
0.405524;104.259;
0.774095;261.484;
0.698664;209.72;
1.69067;307.384;
1.8019;507.656;
3.87519;1128.77;
3.97609;1205.71;
2.60146;897.749;
2.82634;975.612;
1.11264;384.918;
2.85331;861.56;
3.44004;928.663;
3.21143;522.969;
3.85087;1108.75;
1.65125;413.755;
1.32346;274.13;
1.63325;461.81;
3.04561;702.525;
3.91621;1131.14;
2.98488;852.637;
1.30993;306.483;
2.12221;371.81;
1.38829;371.15;
1.49948;563.634;
1.49215;406.14;
3.54744;1071.98;
3.46726;1162.09;
1.88311;484.253;
0.818663;250.495;
2.72773;578.68;
0.515225;162.967;
1.11721;312.047;
4.52639;1319.57;
1.36283;283.998;
1.64602;458.557;
2.26625;733.458;
3.39899;901.175;
0.776747;244.922;
6.06228;1830.61;
2.41266;850.678;
2.44103;887.807;
3.66366;1046.23;
3.60041;1141.76;
2.45526;765.516;
1.32758;238.74;
3.09216;814.626;
3.3634;889.856;
0.578492;174.446;
1.0551;327.611;
0.535504;195.83;
1.43688;516.716;
1.79704;534.193;
0.333241;92.1609;
0.904052;266.059;
0.853903;224.461;
1.20783;199.343;
1.10323;279.713;
0.658598;210.462;
0.668262;100.352;
4.03326;1129.49;
1.91269;718.455;
0.286893;80.4677;
2.11609;716.897;
W0;O=0.219403;W:84.982
1.61072;446.605;
2.0657;589.383;
1.98084;455.979;
1.10427;312.034;
0.343905;51.5205;
2.65606;722.439;
2.36506;537.033;
0.874004;231.308;
1.39216;365.197;
1.63487;393.781;
1.66161;560.589;
4.52071;1360.14;
0.934172;171.62;
2.23433;690.061;
2.93302;969.021;
1.55914;352.749;
2.64129;731.132;
1.73693;530.144;
1.59696;436.384;
0.562669;194.113;
1.71306;450.245;
1.85966;560.008;
4.22795;1034.76;
0.77077;206.012;
2.16398;594.073;
1.03512;182.411;
4.74768;833.226;
0.559513;129.272;
2.13611;400.775;
1.70716;454.608;
2.75232;722.493;
1.22875;337.809;
1.13868;417.074;
2.48649;794.38;
2.84907;429.068;
0.762823;170.698;
1.14106;293.322;
3.19804;624.561;
3.1912;943.687;
1.60279;528.926;
0.515905;151.571;
1.92518;577.529;
1.66064;442.282;
2.05534;725.707;
0.934508;145.721;
0.640144;211.079;
2.07867;755.662;
0.507419;190.388;
0.876718;241.397;
2.60939;672.34;
0.65595;172.46;
1.24375;407.381;
2.27946;646.873;
1.3065;416.789;
4.55751;1259.76;
0.767406;122.054;
1.23183;424.028;
0.786691;200.767;
1.14458;226.175;
1.1354;168.76;
0.43901;111.719;
1.74324;499.496;
0.54388;140.033;
0.838164;174.389;
5.18704;1393.84;
0.441028;114.258;
1.94447;425.521;
2.06075;315.68;
1.51583;464.729;
0.428602;119.63;
2.32576;618.248;
2.56701;489.891;
0.955949;330.11;
3.63413;1006.7;
1.56507;487.575;
1.11359;239.89;
0.157521;45.2023;
0.612762;141.154;
0.465328;108.514;
1.00145;313.976;
3.56497;776.933;
1.32372;228.566;
4.15072;1149.27;
0.902659;329.815;
2.66693;678.337;
0.550628;188.873;
2.01154;542.671;
0.466439;85.7656;
1.72155;259.788;
0.580521;171.882;
1.59572;413.35;
2.91029;881.076;
0.703178;229.197;
2.73877;810.616;
1.34794;391.793;
1.26978;366.708;
2.58669;818.93;
0.424997;150.472;
1.45575;422.208;
1.19819;285.733;
0.289314;76.7426;
1.45198;328.745;
1.58943;366.23;
2.18218;595.615;
0.155489;45.7704;
1.62647;465.18;
1.53325;351.942;
1.24415;339.225;
3.09156;933.625;
2.53034;718.871;
3.1456;1157.9;
1.06644;276.502;
2.25003;699.537;
1.37116;461.932;
0.354998;116.441;
1.63929;526.259;
1.99372;519.399;
2.59301;673.069;
0.691137;164.184;
0.919097;322.964;
1.47782;405.912;
0.388906;122.656;
2.60655;765.61;
1.47125;413.818;
0.751368;162.1;
1.20445;381.82;
0.506064;159.392;
2.21391;834.182;
1.35678;343.306;
2.39905;766.741;
3.97349;1019.63;
2.45299;534.965;
1.40391;266.243;
4.62798;1067.03;
3.0966;874.368;
0.93572;280.803;
0.602837;190.917;
4.22785;1489.16;
1.37267;263.679;
1.81843;533.562;
3.34698;1052.69;
1.89918;511.764;
3.71896;1125.19;
2.18169;761.024;
2.31838;518.899;
0.324283;95.6605;
1.12069;303.059;
0.701338;205.975;
1.59431;435.584;
1.54082;427.28;
0.845013;260.729;
1.5459;459.708;
1.09237;298.753;
2.98109;713.321;
2.73467;1023.12;
1.92584;480.959;
2.31493;500.608;
2.25566;382.552;
0.950046;273.553;
0.90194;308.517;
1.34814;471.708;
0.261378;78.0875;
0.832431;249.082;
1.15455;299.569;
0.769597;243.963;
1.02161;308.141;
1.27714;339.228;
0.234924;67.9819;
1.55233;489.711;
0.773355;230.371;
1.07739;267.016;
2.77001;843.048;
1.08372;305.675;
0.373861;95.7101;
1.14631;267.932;
0.763797;193.317;
1.88941;519.588;
0.21829;71.0802;
0.671031;184.748;
3.04087;692.704;
0.617787;211.922;
2.14;719.826;
0.61693;180.063;
0.413122;119.295;
1.27474;291.6;
1.01535;285.944;
1.26472;463.661;
0.596248;174.949;
4.14939;1229.25;
1.6322;522.189;
0.848562;142.969;
3.3677;988.423;
1.36298;394.553;
1.43113;234.805;
2.15738;621.687;
0.959544;237.026;
1.96149;655.856;
0.658564;146.728;
0.251387;56.3457;
2.85538;906.567;
1.07057;341.048;
1.28605;251.621;
0.870531;192.711;
3.2833;765.071;
0.407158;126.622;
1.0141;342.034;
0.769584;278.136;
2.07541;514.384;
2.41161;740.501;
4.49069;1371.49;
0.266519;51.5329;
2.05367;610.825;
4.14774;1398.21;
W1;O=0.304606;W:142.464
1.48548;326.183;
3.5207;1017.63;
W2;O=0.662491;W:145.148
W3;O=0.530692;W:143.996
4.58097;1266.16;
2.66169;948.066;
W4;O=0.88547;W:145.513
W5;O=1.01081;W:144.176
