0.338866;86.4151;
0.396991;163.845;
0.761355;153.379;
1.26492;416.493;
0.706675;160.94;
1.47308;429.999;
0.801737;251.04;
1.47591;489.005;
2.21956;734.142;
2.28623;672.934;
0.508036;183.074;
0.861536;209.231;
3.5806;590.48;
0.74588;184.732;
0.300428;95.649;
0.741566;118.345;
1.48741;491.913;
1.78244;527.915;
0.299545;52.9969;
0.559625;104.659;
4.75532;1296.77;
0.902693;204.874;
1.20481;443.884;
0.588676;145.521;
5.06681;1104.1;
0.359672;78.4874;
0.798666;282.192;
0.578423;156.392;
4.10518;1285.43;
0.515407;174.875;
0.368102;116.865;
0.591162;145.803;
1.55838;426.635;
0.696418;108.606;
2.91938;451.886;
1.0585;341.257;
2.42721;913.962;
0.769936;250.107;
4.60327;1078.59;
1.90539;581.109;
3.08998;478.951;
3.01051;920.882;
1.59107;489.439;
2.14313;584.969;
1.80037;575.132;
0.443811;137.866;
1.32413;414.594;
3.09651;564.788;
0.789969;249.772;
1.55246;544.958;
3.22525;891.05;
1.17778;183.143;
3.92797;608.846;
3.48291;539.573;
3.17523;1047.55;
0.87336;226.713;
2.0388;606.005;
0.361806;97.7764;
2.96476;1079.92;
1.90322;292.46;
0.668363;195.049;
2.14312;770.897;
0.193391;63.9826;
0.95987;149.545;
0.97065;208.447;
3.25913;768.873;
2.23036;827.162;
1.17339;358.966;
5.33936;825.512;
0.454801;159.245;
2.03794;382.934;
1.0128;287.528;
2.70319;1004.02;
1.29543;455.509;
0.447231;82.1092;
2.09969;441.989;
0.144337;50.0368;
0.191624;53.7408;
2.06859;617.302;
2.52312;602.518;
1.12932;349.613;
3.41395;1073.68;
0.609663;178.891;
2.97099;704.155;
1.84083;375.036;
1.56112;306.865;
0.752539;155.038;
1.17027;291.662;
2.21602;444.918;
2.51981;706.909;
2.35607;503.276;
1.64926;499.942;
0.412098;120.36;
1.57162;332.918;
0.873652;136.068;
0.612299;170.406;
0.564079;151.1;
2.83241;853.856;
1.54365;312.071;
0.422353;68.2866;
3.85924;1201.28;
3.33358;870.741;
2.43415;448.612;
4.38024;1041;
3.12958;564.157;
1.34507;371.635;
0.448712;68.2689;
0.407533;99.1231;
2.91517;656.981;
0.306108;82.2465;
0.477619;105.005;
3.669;1276.15;
0.413814;132.306;
2.896;1037.93;
1.60036;406.202;
1.60705;541.902;
1.58506;450.911;
3.12399;792.897;
0.856094;231.237;
3.58344;562.508;
0.510198;183.126;
0.470133;145.752;
1.34863;333.987;
2.60604;955.643;
0.404695;143.647;
0.867412;134.237;
0.772371;197.745;
2.84661;730.019;
2.457;889.012;
0.680709;174.529;
3.8067;923.71;
1.55656;424.342;
0.471138;146.679;
0.20655;31.702;
0.556943;175.332;
4.72788;1387.55;
3.80332;1302.99;
3.56341;990.018;
2.01212;567.862;
1.2832;381.718;
2.93856;1079.89;
0.448928;150.324;
0.358864;118.334;
3.32665;838.028;
0.836808;293.362;
4.0584;930.686;
2.34617;360.855;
1.03455;382.748;
3.33215;919.182;
2.76074;1041.45;
1.54323;466.205;
2.12882;604.486;
1.5703;519.959;
1.25877;464.212;
0.413756;152.26;
0.859191;306.643;
2.37706;472.512;
2.09754;657.81;
4.43367;1040.61;
3.01094;928.901;
1.70789;583.029;
0.370605;115.711;
0.295824;76.2704;
0.538061;125.91;
1.92932;404.538;
0.405751;111.248;
0.966036;222.752;
2.8478;805.032;
3.36701;1157.24;
1.87197;589.708;
0.268354;82.5371;
1.54831;484.921;
2.39573;729.642;
2.64291;731.734;
2.60701;682.169;
0.817189;233.921;
2.55445;663.347;
1.66908;500.231;
1.033;160.131;
1.59105;439.076;
0.844853;262.701;
0.600485;224.441;
2.89555;682.119;
0.937396;244.095;
4.53144;1243.06;
0.642303;194.328;
2.33308;659.441;
0.161007;35.7108;
0.761784;226.985;
0.921839;228.592;
0.781012;236.511;
0.739702;222.915;
1.95471;710.376;
3.02196;1083.91;
2.19939;384.107;
0.87795;321.381;
2.01393;596.182;
0.193313;43.1313;
1.18218;323.63;
5.52418;1381.19;
1.7335;639.577;
0.676682;131.409;
2.19999;508.768;
1.6699;567.964;
4.41255;1226.35;
0.530437;156.545;
1.44224;348.547;
2.38672;367.871;
5.23868;1218.47;
0.525655;82.0562;
1.43143;262.37;
4.78101;1224.88;
1.85278;558.367;
2.29409;607.6;
2.5726;401.841;
0.449117;70.3248;
0.858505;216.319;
0.246053;44.2801;
2.96773;753.666;
2.01346;495.722;
2.34663;506.291;
3.2962;595.85;
1.41617;470.366;
0.226942;41.3636;
1.50282;232.232;
0.220479;69.6079;
1.2723;342.977;
1.03;356.68;
0.186932;54.4799;
0.970373;303.988;
2.3486;886.06;
4.31632;664.649;
3.43935;1085.34;
1.09587;189.892;
0.645773;189.689;
2.89177;878.46;
1.12736;313.542;
0.541989;157.411;
0.275031;78.1422;
3.67837;643.516;
0.897967;259.484;
2.22128;619.214;
0.894714;131.568;
2.71135;757.956;
0.237323;36.8;
2.77173;935.009;
1.29337;321.579;
1.55813;234.354;
1.43263;244.713;
1.67673;530.434;
1.79068;549.029;
0.398007;121.415;
2.70979;836.562;
0.206966;56.0914;
2.95755;489.896;
0.436134;64.8527;
0.614753;89.2021;
2.01428;482.669;
1.8334;561.715;
4.92449;1101.43;
0.902309;241.518;
0.329314;118.3;
0.575932;117.079;
1.01351;308.805;
1.69202;453.699;
1.36324;387.578;
2.07308;400.273;
0.762698;113.425;
0.812849;247.04;
0.982343;179.153;
0.538597;181.664;
3.29622;1189.44;
3.71837;968.878;
1.73668;482.716;
1.22905;345.267;
1.1958;379.195;
0.51305;77.6932;
0.356498;107.637;
5.26301;1578.49;
0.507178;119.226;
1.44418;423.306;
1.47736;531.622;
0.920821;262.424;
1.65068;411.285;
1.56078;531.601;
1.00508;206.499;
0.970043;292.319;
0.702432;216.73;
0.722604;215.72;
5.1132;1442.32;
0.562257;146.806;
0.789001;236.524;
2.03032;553.188;
2.67381;894.039;
0.915926;237.668;
W0;O=0.738078;W:84.9328
3.24734;782.79;
0.915086;181.061;
3.11839;880.482;
0.55183;135.438;
0.847692;301.414;
2.95972;544.063;
2.35836;747.376;
0.480605;74.4994;
2.70729;945.965;
1.34567;252.4;
0.740178;232.802;
2.81399;644.777;
2.39827;770.344;
0.619064;184.522;
1.56584;297.649;
0.421307;114.779;
0.663557;185.566;
0.378415;122.039;
1.49808;229.487;
1.98176;388.273;
2.37644;683.088;
1.18092;291.78;
1.31807;313.864;
3.96977;1319.98;
0.788244;233.303;
0.198727;37.6023;
2.39598;378.389;
2.53222;616.509;
2.10739;670.193;
1.30351;338.373;
0.424767;117.111;
0.657038;236.66;
1.60101;325.384;
1.11416;338.118;
0.368848;103.595;
2.32047;642.402;
1.31434;396.802;
3.44931;1094.05;
0.672393;216.194;
0.629573;161.393;
2.3872;786.183;
1.26136;213.924;
0.600682;109.301;
1.85652;446.016;
1.46038;422.787;
1.34518;366.392;
0.75779;240.321;
1.19597;428.69;
0.262024;70.5938;
3.54668;803.668;
3.7287;1230.33;
0.339866;95.1577;
1.59159;453.098;
1.62276;355.638;
0.951855;344.615;
1.115;348.903;
1.57903;545.932;
0.519659;161.491;
0.888371;251.12;
1.45466;468.737;
0.79053;115.555;
1.88302;608.368;
2.52638;764.658;
1.03253;308.561;
0.875409;269.301;
4.10394;1149.72;
2.41639;657.939;
1.33961;327.064;
1.69589;600.788;
2.22558;637.004;
1.64939;357.057;
1.17638;285.645;
2.03069;555.441;
0.678187;138.327;
1.05795;370.689;
0.908457;298.553;
5.00339;1430.51;
2.78878;993.434;
1.0782;339.204;
3.70847;1277.24;
2.93365;452.964;
1.67901;528.276;
0.422986;134.88;
2.71934;642.263;
3.03498;964.623;
0.224775;63.8375;
0.606079;191.926;
0.554255;93.4745;
3.4444;652.582;
1.62425;291.055;
2.49731;387.898;
2.18111;717.981;
1.36811;210.291;
4.23692;908.954;
0.766206;216.857;
3.73618;913.363;
1.15675;384.106;
2.3434;540.672;
3.46578;523.619;
1.47578;455.578;
0.956643;277.884;
3.40631;890.441;
1.34691;368.924;
1.62426;360.769;
0.346477;97.3799;
0.769096;222.635;
0.525651;162.806;
1.58168;447.291;
0.594608;175.625;
1.82274;611.004;
0.46288;129.902;
1.58992;463.748;
0.831159;287.758;
1.66136;406.537;
3.6134;1042.28;
1.60075;399.113;
1.01759;186.076;
0.88173;274.201;
1.07653;269.37;
0.342561;82.2845;
1.77301;363.165;
2.9652;542.332;
0.787796;226.186;
1.18943;320.256;
1.11412;171.532;
2.60853;431.159;
3.55642;1252.47;
1.12258;418.747;
0.495394;143.748;
5.74699;1093.35;
0.150052;38.1352;
3.73774;1144.33;
0.776437;122.551;
2.01887;308.981;
1.23689;217.524;
1.66303;582.331;
0.51586;147.85;
2.11349;694.904;
1.20949;338.003;
0.192081;71.4189;
0.568999;179.336;
1.2801;309.071;
0.631355;220.843;
1.86423;679.869;
0.168557;62.5445;
4.81333;1273.07;
2.30219;671.517;
1.1915;357.601;
1.00567;306.28;
0.818525;220.83;
1.58658;261.796;
0.757042;233.406;
2.06862;716.19;
2.49481;820.112;
1.18749;377.464;
2.16529;535.718;
2.53282;396.031;
0.437803;113.57;
0.68496;206.896;
1.53138;441.387;
2.16523;783.152;
3.7742;1016.7;
1.41117;399.913;
2.39272;757.187;
1.26313;345.232;
2.41112;742.82;
0.883089;287.397;
2.47869;692.656;
2.60805;761.534;
0.852544;238.989;
0.472351;178.375;
0.881522;208.345;
1.95317;574.805;
1.60634;343.296;
1.78261;658.727;
1.28852;378.193;
2.8184;760.083;
0.540474;97.2259;
1.21714;321.505;
0.746785;160.939;
0.436885;152.115;
4.43829;1264.43;
1.6892;617.387;
0.378305;119.126;
0.353622;117.413;
0.99502;216.573;
0.551504;165.235;
1.36363;499.351;
2.40241;614.618;
1.2884;350.879;
1.13258;347.175;
1.40296;255.678;
1.1099;251.987;
1.1501;244.166;
1.44538;429.213;
3.62265;1118.88;
1.40486;443.684;
1.56889;283.548;
1.36285;432.823;
0.520044;128.882;
3.05619;718.469;
1.47904;445.725;
2.67579;915.533;
W1;O=1.18583;W:138.496
1.4436;464.799;
W2;O=1.0165;W:139.03
W3;O=1.11051;W:139.31
W4;O=1.01771;W:139.466
W5;O=0.771698;W:138.518
2.59128;870.198;
