1.12475;453.537;
1.13715;448.589;
1.15343;448.577;
1.14491;442.63;
1.14488;442.498;
1.16815;455.875;
1.17693;459.182;
1.17673;459.351;
1.19109;460.662;
1.16746;450.323;
1.17562;447.31;
1.19966;451.656;
1.15578;440.312;
1.1471;448.456;
1.11476;437.489;
1.15065;444.374;
1.16594;449.11;
1.16377;443.133;
1.19156;449.708;
1.20587;461.23;
1.14551;444.917;
1.17691;448.918;
1.16136;445.775;
1.17475;450.699;
1.18125;452.866;
1.11729;438.5;
1.1393;438.35;
1.16595;451.012;
1.16308;447.01;
1.17447;452.422;
1.15299;444.091;
1.15889;448.348;
1.13624;443.378;
1.15497;449.09;
1.1607;455.86;
1.17071;447.094;
1.19111;457.093;
1.16311;447.646;
1.18283;450.528;
1.20556;454.834;
1.17398;454.362;
1.1714;449.631;
1.17474;449.662;
1.15512;454.552;
1.17883;450.515;
1.19624;460.503;
1.15974;449.892;
1.14448;438.963;
1.13247;435.667;
1.13941;451.278;
1.16277;442.893;
1.20568;460.801;
1.18189;450.951;
1.18772;453.966;
1.1577;444.853;
1.1799;449.848;
1.11655;438.995;
1.19841;460.748;
1.17948;451.772;
1.164;442.259;
1.17729;450.913;
1.18062;458.536;
1.15205;440.806;
1.18451;455.691;
1.16647;446.751;
1.15188;444.336;
1.16791;448.101;
1.18395;450.364;
1.14507;443.167;
1.19804;453.965;
1.18878;456.449;
1.16825;447.071;
1.16355;447.61;
1.1433;445.924;
1.18095;455.83;
1.15502;449.669;
1.18369;450.423;
1.17009;448.636;
1.18116;452.169;
1.18043;454.105;
1.14472;447.379;
1.16732;447.609;
1.18254;451.934;
1.16595;447.957;
1.16898;449.658;
1.16373;445.934;
1.1791;453.504;
1.11748;438.184;
1.18471;455.017;
1.16574;439.435;
1.19206;452.279;
1.13499;440.597;
1.15949;443.124;
1.18356;454.743;
1.16295;453.992;
1.15077;449.142;
1.16142;451.438;
1.15393;451.896;
1.12959;443.378;
1.18223;454.547;
1.1446;440.228;
1.15786;454.766;
1.14467;447.427;
1.16034;451.238;
1.14982;450.778;
1.12519;443.963;
1.16033;443.254;
1.17748;450.028;
1.14967;448.322;
1.14333;446.746;
1.16342;457.97;
1.13524;449.398;
1.14503;449.811;
1.17467;450.873;
1.17773;450.569;
1.12738;441.853;
1.18235;451.423;
1.17243;445.944;
1.19038;454.664;
1.15977;444.549;
1.157;440.542;
1.17725;451.5;
1.18957;465.483;
1.16499;450.651;
1.16837;452.003;
1.16994;442.55;
1.20766;463.143;
1.20293;460.29;
1.20036;456.616;
1.17365;455.447;
1.17847;448.329;
1.20105;457.71;
1.17358;447.218;
1.17398;449.634;
1.18547;452.086;
1.18546;451.27;
1.13011;442.488;
1.18175;449.72;
1.18772;450.601;
1.18482;454.439;
1.16568;447.161;
1.1384;443.098;
1.14597;439.229;
1.17647;450.736;
1.17152;449.373;
1.17248;448.073;
1.1839;454.145;
1.15358;440.211;
1.18625;450.883;
1.20015;454.971;
1.14667;446.578;
1.14953;435.809;
1.21127;462.353;
1.13494;438.541;
1.18863;457.711;
1.14639;446.021;
1.19091;452.073;
1.17615;450.683;
1.19289;455.154;
1.1849;452.638;
1.1791;456.898;
1.19658;455.786;
1.16627;442.857;
1.18046;451.684;
1.17315;450.668;
1.16175;444.904;
1.18342;451.598;
1.18336;455.365;
1.17854;442.603;
1.1584;442.633;
1.14563;440.349;
1.17968;451.655;
1.14933;440.477;
1.20132;458.42;
1.15966;451.168;
1.16855;443.347;
1.14391;435.732;
1.17543;448.749;
1.16829;445.603;
1.15864;441.379;
1.15585;440.423;
1.15696;448.92;
1.18427;451.541;
1.16255;445.489;
1.19319;456.21;
1.1941;457.318;
1.15198;439.454;
1.158;443.583;
1.12871;444.525;
1.16782;447.116;
1.15675;442.268;
1.17586;449.478;
1.17256;450.687;
1.19042;455.735;
1.18436;451.91;
1.17303;455.956;
1.17157;446.211;
1.17514;446.357;
1.17193;447.433;
1.20574;460.534;
1.17081;447.448;
1.1681;446.917;
1.15588;451.811;
1.19147;454.906;
1.20689;459.873;
1.17779;447.379;
1.17552;445.142;
1.15875;441.1;
1.1548;441.547;
1.162;455.094;
1.16615;443.465;
1.18843;452.929;
1.16298;452.064;
1.18429;459.249;
1.1435;445.942;
1.16191;449.497;
1.14703;443.27;
1.17157;444.325;
1.16974;445.764;
1.15941;451.676;
1.16126;453.712;
1.1676;458.763;
1.14955;450.337;
1.16244;453.402;
1.20309;457.194;
1.16739;443.224;
1.19379;462.813;
1.15782;449.091;
1.13735;446.727;
1.16529;453.056;
1.12946;439.787;
1.18133;449.451;
1.20327;456.537;
1.20361;455.502;
1.20158;457.066;
1.16686;448.515;
1.18167;446.745;
1.18846;454.33;
1.17567;448.381;
1.17959;448.819;
1.17437;447.438;
1.17569;449.882;
1.15792;449.621;
1.19828;457.003;
1.20708;460.056;
1.15395;446.364;
1.15463;446.695;
1.15555;450.33;
1.15243;453.967;
1.14395;445.982;
1.17169;446.33;
1.16454;446.325;
1.17277;454.47;
1.17549;456.059;
1.14634;446.125;
1.16339;458.115;
1.13754;444.768;
1.13768;440.452;
1.21537;460.955;
1.18559;448.432;
1.13227;438.414;
1.13907;442.815;
1.14259;449.779;
1.1365;447.799;
1.15875;449.516;
1.19661;453.573;
1.19022;450.458;
1.16121;449.737;
1.19617;453.425;
1.19998;453.792;
1.16565;448.886;
1.16862;450.045;
1.22587;461.463;
1.18155;445.996;
1.16786;450.017;
1.1648;449.248;
1.14666;447.54;
1.14316;441.949;
1.18118;458.345;
1.1772;446.286;
1.16647;438.417;
1.15933;439.667;
1.20826;458.41;
1.16976;454.725;
1.14924;444.483;
1.1676;453.166;
1.19027;450.287;
1.19082;451.533;
1.16358;449.009;
1.16851;455.843;
1.13499;447.425;
1.16338;454.864;
1.14889;446.601;
1.20232;454.635;
1.20036;453.652;
1.15007;442.849;
1.1611;451.787;
1.15904;447.832;
1.16187;446.19;
1.18277;458.117;
1.18552;445.849;
1.2058;455.855;
1.19477;452.712;
1.20267;454.136;
1.13038;440.132;
1.16173;451.469;
1.16925;453.453;
1.18472;446.816;
1.16462;439.951;
1.20416;455.283;
1.19022;451.951;
1.18148;459.545;
1.15101;446.726;
1.1617;451.924;
1.18149;445.283;
1.17589;444.002;
1.20313;455.718;
1.18712;444.742;
1.17168;444.942;
1.21075;455.241;
1.18208;447.286;
1.19691;450.303;
1.15988;439.168;
1.16492;440.999;
1.19732;455.611;
1.17324;451.931;
1.20679;455.323;
1.18433;450.261;
1.18556;451.998;
1.18483;450.115;
1.16683;442.502;
1.19118;455.658;
1.14739;444.284;
1.18016;449.931;
1.20242;457.431;
1.21504;457.885;
1.18124;442.66;
1.19178;453.091;
1.1889;454.744;
1.14682;446.175;
1.17198;454.206;
1.18908;448.337;
1.18857;450.187;
1.14308;440.35;
1.1503;450.026;
1.19821;465.078;
1.16283;445.962;
1.21103;457.827;
1.19407;451.364;
1.19144;456.942;
1.16263;434.479;
1.19766;450.803;
1.16677;442.958;
1.2063;457.61;
1.17127;446.123;
1.20548;448.973;
1.17394;446.435;
1.19921;454.684;
1.18288;447.38;
1.17049;443.978;
1.17099;447.485;
1.20979;462.863;
1.17628;441.381;
1.16676;451.043;
1.19497;451.976;
1.17558;445.938;
1.18115;444.273;
1.18603;450.791;
1.1718;452.857;
1.19578;451.848;
1.21693;461.059;
1.18333;455.472;
1.18903;449.654;
1.16584;445.945;
1.16825;451.46;
1.18787;455.538;
1.15764;448.249;
1.15717;452.98;
1.16391;451.923;
1.191;452.404;
1.19875;454.965;
1.18704;458.674;
1.12534;433.692;
1.16705;454.469;
1.14493;448.416;
1.15472;450.537;
1.17176;446.803;
1.17188;446.971;
1.16269;453.833;
1.17277;454.456;
1.1605;453.275;
1.16047;455.127;
1.1813;459.309;
1.19433;454.084;
1.18427;450.759;
1.15183;443.649;
1.13183;436.717;
1.16042;452.035;
1.11605;445.064;
1.11724;449.484;
