1.031263;450.186106;
1.034092;450.186106;
1.034942;450.186106;
1.035729;450.186106;
1.036104;450.186106;
1.036576;450.186106;
1.030614;450.186106;
1.031447;450.186106;
1.030998;450.186106;
1.032274;450.186106;
1.033079;450.186106;
1.033913;450.186106;
1.030550;450.186106;
1.032649;450.186106;
1.031685;450.186106;
1.031775;450.186106;
1.031165;450.186106;
1.031680;450.186106;
1.032330;450.186106;
1.033908;450.186106;
1.034064;450.186106;
1.035456;450.186106;
1.034323;450.186106;
1.034596;450.186106;
1.038668;450.186106;
1.039081;450.186106;
1.040849;450.186106;
1.041549;450.186106;
1.040229;450.186106;
1.042233;450.186106;
1.039061;450.186106;
1.033889;450.186106;
1.033796;450.186106;
1.038060;450.186106;
1.038658;450.186106;
1.051331;450.186106;
1.031403;450.186106;
1.030004;450.186106;
1.030560;450.186106;
1.031705;450.186106;
1.030932;450.186106;
1.031835;450.186106;
1.030801;450.186106;
1.030779;450.186106;
1.031261;450.186106;
1.031658;450.186106;
1.030755;450.186106;
1.031208;450.186106;
1.031217;450.186106;
1.031710;450.186106;
1.031345;450.186106;
1.032017;450.186106;
1.031434;450.186106;
1.043327;450.186106;
1.030025;450.186106;
1.030004;450.186106;
1.031239;450.186106;
1.031584;450.186106;
1.030465;450.186106;
1.031292;450.186106;
1.033201;450.186106;
1.033772;450.186106;
1.032083;450.186106;
1.031691;450.186106;
1.034182;450.186106;
1.032141;450.186106;
1.031278;450.186106;
1.031025;450.186106;
1.032022;450.186106;
1.032047;450.186106;
1.031141;450.186106;
1.031422;450.186106;
1.031256;450.186106;
1.031323;450.186106;
1.030612;450.186106;
1.030783;450.186106;
1.032815;450.186106;
1.030855;450.186106;
1.031836;450.186106;
1.030838;450.186106;
1.030599;450.186106;
1.031942;450.186106;
1.031124;450.186106;
1.031296;450.186106;
1.031063;450.186106;
1.030855;450.186106;
1.031612;450.186106;
1.030617;450.186106;
1.030813;450.186106;
1.030800;450.186106;
1.031441;450.186106;
1.030322;450.186106;
1.030601;450.186106;
1.032014;450.186106;
1.031313;450.186106;
1.032110;450.186106;
1.031435;450.186106;
1.031323;450.186106;
1.030598;450.186106;
1.043666;450.186106;
1.032281;450.186106;
1.031347;450.186106;
1.031925;450.186106;
1.032167;450.186106;
1.030666;450.186106;
1.030985;450.186106;
1.031610;450.186106;
1.032030;450.186106;
1.030922;450.186106;
1.031266;450.186106;
1.031803;450.186106;
1.031601;450.186106;
1.043707;450.186106;
1.031551;450.186106;
1.031547;450.186106;
1.030886;450.186106;
1.043091;450.186106;
1.031448;450.186106;
1.032345;450.186106;
1.031692;450.186106;
1.030769;450.186106;
1.030876;450.186106;
1.030753;450.186106;
1.031312;450.186106;
1.031347;450.186106;
1.030801;450.186106;
1.030920;450.186106;
1.030164;450.186106;
1.030849;450.186106;
1.030588;450.186106;
1.030210;450.186106;
1.031190;450.186106;
1.030895;450.186106;
1.031959;450.186106;
1.030891;450.186106;
1.042296;450.186106;
1.030311;450.186106;
1.030682;450.186106;
1.040541;450.186106;
1.039878;450.186106;
1.041068;450.186106;
1.040223;450.186106;
1.040543;450.186106;
1.041736;450.186106;
1.107066;450.186106;
1.108062;450.186106;
1.107285;450.186106;
1.107249;450.186106;
1.120055;450.186106;
1.106848;450.186106;
1.113792;450.186106;
1.112285;450.186106;
1.112959;450.186106;
1.112952;450.186106;
1.112632;450.186106;
1.112265;450.186106;
1.108977;450.186106;
1.107204;450.186106;
1.107049;450.186106;
1.108383;450.186106;
1.108772;450.186106;
1.107315;450.186106;
1.110735;450.186106;
1.110788;450.186106;
1.111672;450.186106;
1.111220;450.186106;
1.111368;450.186106;
1.111661;450.186106;
1.106345;450.186106;
1.108286;450.186106;
1.106950;450.186106;
1.107205;450.186106;
1.106796;450.186106;
1.106531;450.186106;
1.108486;450.186106;
1.108608;450.186106;
1.108221;450.186106;
1.107929;450.186106;
1.108691;450.186106;
1.108169;450.186106;
1.103737;450.186106;
1.103990;450.186106;
1.106136;450.186106;
1.103659;450.186106;
1.104304;450.186106;
1.104597;450.186106;
1.102968;450.186106;
1.103430;450.186106;
1.104435;450.186106;
1.103046;450.186106;
1.102886;450.186106;
1.103836;450.186106;
1.102246;450.186106;
1.101226;450.186106;
1.102806;450.186106;
1.101212;450.186106;
1.102704;450.186106;
1.101494;450.186106;
1.103024;450.186106;
1.102982;450.186106;
1.105112;450.186106;
1.103482;450.186106;
1.104239;450.186106;
1.103870;450.186106;
1.101925;450.186106;
1.102132;450.186106;
1.103033;450.186106;
1.102280;450.186106;
1.101206;450.186106;
1.102650;450.186106;
1.107159;450.186106;
1.106453;450.186106;
1.106398;450.186106;
1.107049;450.186106;
1.106777;450.186106;
1.106293;450.186106;
1.105726;450.186106;
1.105444;450.186106;
1.105876;450.186106;
1.104661;450.186106;
1.105816;450.186106;
1.105880;450.186106;
1.109627;450.186106;
1.108662;450.186106;
1.108313;450.186106;
1.108963;450.186106;
1.108102;450.186106;
1.109428;450.186106;
1.109863;450.186106;
1.108232;450.186106;
1.108252;450.186106;
1.108755;450.186106;
1.109626;450.186106;
1.110985;450.186106;
1.103873;450.186106;
1.103529;450.186106;
1.103130;450.186106;
1.104191;450.186106;
1.103556;450.186106;
1.105330;450.186106;
1.107372;450.186106;
1.107479;450.186106;
1.108108;450.186106;
1.106702;450.186106;
1.119738;450.186106;
1.107416;450.186106;
1.105703;450.186106;
1.105679;450.186106;
1.105829;450.186106;
1.105391;450.186106;
1.105391;450.186106;
1.104616;450.186106;
1.106219;450.186106;
1.105447;450.186106;
1.105676;450.186106;
1.106746;450.186106;
1.105207;450.186106;
1.105608;450.186106;
1.106932;450.186106;
1.108233;450.186106;
1.107857;450.186106;
1.107794;450.186106;
1.108252;450.186106;
1.108495;450.186106;
1.109209;450.186106;
1.109044;450.186106;
1.109950;450.186106;
1.108576;450.186106;
1.108617;450.186106;
1.108705;450.186106;
1.104163;450.186106;
1.103191;450.186106;
1.103374;450.186106;
1.102926;450.186106;
1.104439;450.186106;
1.103760;450.186106;
1.102678;450.186106;
1.101851;450.186106;
1.103180;450.186106;
1.103147;450.186106;
1.102826;450.186106;
1.102277;450.186106;
1.167714;450.186106;
1.172149;450.186106;
1.189965;450.186106;
1.183697;450.186106;
1.174655;450.186106;
1.180798;450.186106;
1.114599;450.186106;
1.116270;450.186106;
1.114136;450.186106;
1.117720;450.186106;
1.117329;450.186106;
1.116219;450.186106;
1.111125;450.186106;
1.110318;450.186106;
1.110358;450.186106;
1.110880;450.186106;
1.109810;450.186106;
1.110148;450.186106;
1.104782;450.186106;
1.105811;450.186106;
1.105351;450.186106;
1.105808;450.186106;
1.105036;450.186106;
1.104435;450.186106;
1.104308;450.186106;
1.104225;450.186106;
1.104117;450.186106;
1.104413;450.186106;
1.103825;450.186106;
1.105362;450.186106;
1.102874;450.186106;
1.104414;450.186106;
1.103871;450.186106;
1.104008;450.186106;
1.103754;450.186106;
1.102608;450.186106;
1.144632;450.186106;
1.142964;450.186106;
1.142389;450.186106;
1.141558;450.186106;
1.141787;450.186106;
1.142371;450.186106;
1.120823;450.186106;
1.118780;450.186106;
1.118748;450.186106;
1.119281;450.186106;
1.119657;450.186106;
1.119444;450.186106;
1.106865;450.186106;
1.105407;450.186106;
1.105756;450.186106;
1.106426;450.186106;
1.106955;450.186106;
1.105249;450.186106;
1.105360;450.186106;
1.105101;450.186106;
1.104901;450.186106;
1.105629;450.186106;
1.105550;450.186106;
1.106679;450.186106;
1.122181;450.186106;
1.123805;450.186106;
1.122577;450.186106;
1.123003;450.186106;
1.122631;450.186106;
1.122065;450.186106;
1.116126;450.186106;
1.117639;450.186106;
1.117767;450.186106;
1.117956;450.186106;
1.117224;450.186106;
1.116350;450.186106;
1.108411;450.186106;
1.108563;450.186106;
1.107813;450.186106;
1.108080;450.186106;
1.108969;450.186106;
1.108208;450.186106;
1.104446;450.186106;
1.103635;450.186106;
1.103255;450.186106;
1.105231;450.186106;
1.103134;450.186106;
1.104148;450.186106;
1.105950;450.186106;
1.105169;450.186106;
1.105979;450.186106;
1.106251;450.186106;
1.107748;450.186106;
1.108128;450.186106;
1.107068;450.186106;
1.106971;450.186106;
1.108807;450.186106;
1.107264;450.186106;
1.106985;450.186106;
1.107142;450.186106;
1.107334;450.186106;
1.107393;450.186106;
1.108136;450.186106;
1.108201;450.186106;
1.107939;450.186106;
1.107886;450.186106;
1.107368;450.186106;
1.107186;450.186106;
1.108087;450.186106;
1.108102;450.186106;
1.108075;450.186106;
1.107659;450.186106;
1.105997;450.186106;
1.105209;450.186106;
1.105409;450.186106;
1.105375;450.186106;
1.105744;450.186106;
1.106284;450.186106;
1.113965;450.186106;
1.114728;450.186106;
1.114354;450.186106;
1.116799;450.186106;
1.113988;450.186106;
1.114674;450.186106;
1.108136;450.186106;
1.108690;450.186106;
1.108673;450.186106;
1.109527;450.186106;
1.108510;450.186106;
1.109179;450.186106;
1.103647;450.186106;
1.104359;450.186106;
1.104935;450.186106;
1.104733;450.186106;
1.105467;450.186106;
1.103773;450.186106;
1.108400;450.186106;
1.108126;450.186106;
1.108178;450.186106;
1.109402;450.186106;
1.108166;450.186106;
1.108609;450.186106;
1.103707;450.186106;
1.103619;450.186106;
1.103154;450.186106;
1.105025;450.186106;
1.103344;450.186106;
1.103986;450.186106;
1.108729;450.186106;
1.109555;450.186106;
1.109679;450.186106;
1.107841;450.186106;
1.108839;450.186106;
1.108807;450.186106;
1.109947;450.186106;
1.110451;450.186106;
1.109163;450.186106;
1.109914;450.186106;
1.108763;450.186106;
1.109291;450.186106;
1.105783;450.186106;
1.105475;450.186106;
1.105461;450.186106;
1.104638;450.186106;
1.105952;450.186106;
1.104691;450.186106;
1.104490;450.186106;
1.104735;450.186106;
1.105068;450.186106;
1.104239;450.186106;
1.105739;450.186106;
1.104553;450.186106;
1.108520;450.186106;
1.107508;450.186106;
1.107478;450.186106;
1.106254;450.186106;
1.106887;450.186106;
1.106158;450.186106;
1.101012;450.186106;
1.101282;450.186106;
1.101681;450.186106;
1.101302;450.186106;
1.102317;450.186106;
1.101543;450.186106;
1.110263;450.186106;
1.110667;450.186106;
1.111306;450.186106;
1.110269;450.186106;
1.110000;450.186106;
1.110858;450.186106;
1.102685;450.186106;
1.103548;450.186106;
1.102839;450.186106;
1.103167;450.186106;
1.103201;450.186106;
1.103960;450.186106;
1.105772;450.186106;
1.106210;450.186106;
1.105630;450.186106;
1.107570;450.186106;
1.105993;450.186106;
1.118661;450.186106;
1.109988;450.186106;
1.109690;450.186106;
1.110373;450.186106;
1.109500;450.186106;
1.109600;450.186106;
1.121094;450.186106;
1.104527;450.186106;
1.105733;450.186106;
1.104334;450.186106;
1.106199;450.186106;
1.104509;450.186106;
1.105631;450.186106;
1.104561;450.186106;
1.104605;450.186106;
1.104653;450.186106;
1.107123;450.186106;
1.104968;450.186106;
1.104551;450.186106;
1.101992;450.186106;
1.101939;450.186106;
1.101253;450.186106;
1.100521;450.186106;
1.101125;450.186106;
1.101592;450.186106;
1.104916;450.186106;
1.105427;450.186106;
1.105339;450.186106;
1.105437;450.186106;
1.104926;450.186106;
1.105422;450.186106;
1.107840;450.186106;
1.108357;450.186106;
1.107575;450.186106;
1.107868;450.186106;
1.108793;450.186106;
1.107997;450.186106;
1.110506;450.186106;
1.110631;450.186106;
1.111113;450.186106;
1.111223;450.186106;
1.110695;450.186106;
1.111108;450.186106;
1.104176;450.186106;
1.103897;450.186106;
1.104750;450.186106;
1.104887;450.186106;
1.115554;450.186106;
1.104034;450.186106;
1.105666;450.186106;
1.105045;450.186106;
1.104858;450.186106;
1.105106;450.186106;
1.105570;450.186106;
1.105603;450.186106;
1.111061;450.186106;
1.110674;450.186106;
1.109668;450.186106;
1.108953;450.186106;
1.109880;450.186106;
1.109613;450.186106;
1.131695;450.186106;
1.133308;450.186106;
1.130624;450.186106;
1.131260;450.186106;
1.133059;450.186106;
1.131667;450.186106;
M0:0.001579
W0;O:0.000063;R:99.136363
1.107635;450.186106;
1.110613;450.186106;
1.109172;450.186106;
1.108189;450.186106;
1.112660;450.186106;
1.110386;450.186106;
1.107428;450.186106;
1.107920;450.186106;
1.107043;450.186106;
1.106820;450.186106;
1.106561;450.186106;
1.106360;450.186106;
1.107590;450.186106;
1.107237;450.186106;
1.107323;450.186106;
1.107175;450.186106;
1.106308;450.186106;
1.108158;450.186106;
1.104515;450.186106;
1.105367;450.186106;
1.104752;450.186106;
1.103679;450.186106;
1.104445;450.186106;
1.103607;450.186106;
1.106202;450.186106;
1.106843;450.186106;
1.107477;450.186106;
1.105853;450.186106;
1.107574;450.186106;
1.105898;450.186106;
1.105703;450.186106;
1.106707;450.186106;
1.106434;450.186106;
1.119023;450.186106;
1.107756;450.186106;
1.107620;450.186106;
1.119425;450.186106;
1.106520;450.186106;
1.106601;450.186106;
1.107715;450.186106;
1.108163;450.186106;
1.107582;450.186106;
1.114970;450.186106;
1.112720;450.186106;
1.113798;450.186106;
1.112630;450.186106;
1.113993;450.186106;
1.113600;450.186106;
1.104372;450.186106;
1.104649;450.186106;
1.104195;450.186106;
1.103336;450.186106;
1.105293;450.186106;
1.104132;450.186106;
1.105375;450.186106;
1.106407;450.186106;
1.104330;450.186106;
1.104037;450.186106;
1.104639;450.186106;
1.104971;450.186106;
1.102332;450.186106;
1.104195;450.186106;
1.103050;450.186106;
1.102799;450.186106;
1.102716;450.186106;
1.116401;450.186106;
1.103026;450.186106;
1.103911;450.186106;
1.103289;450.186106;
1.103538;450.186106;
1.103385;450.186106;
1.104703;450.186106;
1.105313;450.186106;
1.104826;450.186106;
1.105029;450.186106;
1.105356;450.186106;
1.105949;450.186106;
1.105072;450.186106;
1.109990;450.186106;
1.110400;450.186106;
1.109163;450.186106;
1.108159;450.186106;
1.119883;450.186106;
1.108647;450.186106;
1.103810;450.186106;
1.102984;450.186106;
1.103596;450.186106;
1.103133;450.186106;
1.104029;450.186106;
1.102642;450.186106;
1.101894;450.186106;
1.103089;450.186106;
1.102166;450.186106;
1.102421;450.186106;
1.103252;450.186106;
1.114634;450.186106;
1.106248;450.186106;
1.106841;450.186106;
1.106960;450.186106;
1.106869;450.186106;
1.107211;450.186106;
1.107025;450.186106;
1.107885;450.186106;
1.107637;450.186106;
1.120317;450.186106;
1.107586;450.186106;
1.120133;450.186106;
1.107090;450.186106;
1.108445;450.186106;
1.107952;450.186106;
1.108504;450.186106;
1.107881;450.186106;
1.109863;450.186106;
1.109307;450.186106;
1.106145;450.186106;
1.105935;450.186106;
1.105680;450.186106;
1.106977;450.186106;
1.105286;450.186106;
1.105890;450.186106;
1.101883;450.186106;
1.101412;450.186106;
1.101727;450.186106;
1.101827;450.186106;
1.100919;450.186106;
1.102257;450.186106;
1.105609;450.186106;
1.107204;450.186106;
1.106818;450.186106;
1.106099;450.186106;
1.105704;450.186106;
1.106191;450.186106;
1.103634;450.186106;
1.104447;450.186106;
1.104130;450.186106;
1.104386;450.186106;
1.104886;450.186106;
1.104397;450.186106;
1.107875;450.186106;
1.108446;450.186106;
1.108894;450.186106;
1.109160;450.186106;
1.107838;450.186106;
1.108938;450.186106;
1.114081;450.186106;
1.113875;450.186106;
1.114089;450.186106;
1.114188;450.186106;
1.113426;450.186106;
1.112780;450.186106;
1.102882;450.186106;
1.102743;450.186106;
1.101931;450.186106;
1.103043;450.186106;
1.103141;450.186106;
1.102674;450.186106;
1.106831;450.186106;
1.106847;450.186106;
1.106857;450.186106;
1.106762;450.186106;
1.105775;450.186106;
1.107798;450.186106;
1.106656;450.186106;
1.107534;450.186106;
1.107033;450.186106;
1.107228;450.186106;
1.107199;450.186106;
1.106819;450.186106;
1.108124;450.186106;
1.108549;450.186106;
1.109112;450.186106;
1.107996;450.186106;
1.111561;450.186106;
1.108682;450.186106;
1.107468;450.186106;
1.107211;450.186106;
1.108268;450.186106;
1.107698;450.186106;
1.107025;450.186106;
1.107930;450.186106;
1.106751;450.186106;
1.106961;450.186106;
1.107535;450.186106;
1.106430;450.186106;
1.105969;450.186106;
1.105483;450.186106;
1.099928;450.186106;
1.099771;450.186106;
1.100592;450.186106;
1.101046;450.186106;
1.100928;450.186106;
1.100455;450.186106;
1.105340;450.186106;
1.107296;450.186106;
1.106793;450.186106;
1.105884;450.186106;
1.106122;450.186106;
1.105593;450.186106;
1.109047;450.186106;
1.108634;450.186106;
1.107530;450.186106;
1.108727;450.186106;
1.108533;450.186106;
1.121202;450.186106;
1.106539;450.186106;
1.106994;450.186106;
1.106891;450.186106;
1.106961;450.186106;
1.106857;450.186106;
1.106413;450.186106;
1.102058;450.186106;
1.101512;450.186106;
1.103374;450.186106;
1.102696;450.186106;
1.101535;450.186106;
1.101100;450.186106;
1.103093;450.186106;
1.103846;450.186106;
1.103534;450.186106;
1.104151;450.186106;
1.103439;450.186106;
1.103527;450.186106;
1.102390;450.186106;
1.103366;450.186106;
1.103654;450.186106;
1.102637;450.186106;
1.102754;450.186106;
1.101963;450.186106;
1.107721;450.186106;
1.107973;450.186106;
1.107322;450.186106;
1.106804;450.186106;
1.119186;450.186106;
1.110343;450.186106;
1.106693;450.186106;
1.106811;450.186106;
1.106261;450.186106;
1.108315;450.186106;
1.107625;450.186106;
1.107429;450.186106;
1.104577;450.186106;
1.105395;450.186106;
1.105414;450.186106;
1.104741;450.186106;
1.104505;450.186106;
1.105011;450.186106;
1.105034;450.186106;
1.103392;450.186106;
1.104390;450.186106;
1.104847;450.186106;
1.105240;450.186106;
1.103997;450.186106;
1.108509;450.186106;
1.106811;450.186106;
1.108850;450.186106;
1.105661;450.186106;
1.105797;450.186106;
1.121479;450.186106;
1.104444;450.186106;
1.104077;450.186106;
1.106342;450.186106;
1.107226;450.186106;
1.106834;450.186106;
1.106740;450.186106;
1.107161;450.186106;
1.107785;450.186106;
1.106577;450.186106;
1.106790;450.186106;
1.107511;450.186106;
1.107287;450.186106;
1.107328;450.186106;
1.107256;450.186106;
1.107421;450.186106;
1.107213;450.186106;
1.108661;450.186106;
1.108088;450.186106;
1.103653;450.186106;
1.104278;450.186106;
1.103046;450.186106;
1.104078;450.186106;
1.103562;450.186106;
1.103433;450.186106;
1.101394;450.186106;
1.100958;450.186106;
1.101544;450.186106;
1.100603;450.186106;
1.101659;450.186106;
1.101273;450.186106;
1.102335;450.186106;
1.102297;450.186106;
1.102224;450.186106;
1.102780;450.186106;
1.102662;450.186106;
1.102477;450.186106;
1.106183;450.186106;
1.106737;450.186106;
1.107233;450.186106;
1.106207;450.186106;
1.120980;450.186106;
1.106319;450.186106;
1.104168;450.186106;
1.104037;450.186106;
1.104731;450.186106;
1.103624;450.186106;
1.104272;450.186106;
1.104078;450.186106;
1.106996;450.186106;
1.107199;450.186106;
1.106733;450.186106;
1.107197;450.186106;
1.108041;450.186106;
1.108159;450.186106;
1.117096;450.186106;
1.117632;450.186106;
1.116314;450.186106;
1.115877;450.186106;
1.116686;450.186106;
1.115397;450.186106;
1.108182;450.186106;
1.119526;450.186106;
1.106769;450.186106;
1.107134;450.186106;
1.106917;450.186106;
1.106963;450.186106;
1.108982;450.186106;
1.110474;450.186106;
1.109675;450.186106;
1.111542;450.186106;
1.108644;450.186106;
1.109967;450.186106;
1.143810;450.186106;
1.144105;450.186106;
1.146535;450.186106;
1.138499;450.186106;
1.145726;450.186106;
1.150083;450.186106;
1.104767;450.186106;
1.105778;450.186106;
1.106595;450.186106;
1.104626;450.186106;
1.104696;450.186106;
1.105479;450.186106;
1.106921;450.186106;
1.107397;450.186106;
1.108004;450.186106;
1.106823;450.186106;
1.107558;450.186106;
1.106889;450.186106;
1.116159;450.186106;
1.106168;450.186106;
1.106008;450.186106;
1.105143;450.186106;
1.105461;450.186106;
1.118300;450.186106;
1.104117;450.186106;
1.104704;450.186106;
1.104873;450.186106;
1.103609;450.186106;
1.104014;450.186106;
1.104387;450.186106;
1.106763;450.186106;
1.107785;450.186106;
1.107405;450.186106;
1.108925;450.186106;
1.107507;450.186106;
1.107705;450.186106;
1.108822;450.186106;
1.108123;450.186106;
1.107496;450.186106;
1.107249;450.186106;
1.107943;450.186106;
1.107906;450.186106;
1.104230;450.186106;
1.104385;450.186106;
1.103615;450.186106;
1.103814;450.186106;
1.103342;450.186106;
1.104201;450.186106;
1.116300;450.186106;
1.106103;450.186106;
1.105549;450.186106;
1.104335;450.186106;
1.104554;450.186106;
1.105647;450.186106;
1.104627;450.186106;
1.104171;450.186106;
1.105115;450.186106;
1.105811;450.186106;
1.106534;450.186106;
1.118758;450.186106;
1.102594;450.186106;
1.103615;450.186106;
1.103010;450.186106;
1.102051;450.186106;
1.102270;450.186106;
1.103347;450.186106;
1.104214;450.186106;
1.103572;450.186106;
1.104968;450.186106;
1.103766;450.186106;
1.103783;450.186106;
1.117037;450.186106;
1.108364;450.186106;
1.106896;450.186106;
1.107408;450.186106;
1.108044;450.186106;
1.109199;450.186106;
1.108813;450.186106;
1.103993;450.186106;
1.102765;450.186106;
1.102676;450.186106;
1.103260;450.186106;
1.102772;450.186106;
1.102723;450.186106;
1.103394;450.186106;
1.104139;450.186106;
1.102722;450.186106;
1.104666;450.186106;
1.103328;450.186106;
1.103256;450.186106;
1.107574;450.186106;
1.107010;450.186106;
1.106657;450.186106;
1.107944;450.186106;
1.107040;450.186106;
1.107684;450.186106;
1.106730;450.186106;
1.105702;450.186106;
1.105415;450.186106;
1.106279;450.186106;
1.106316;450.186106;
1.105282;450.186106;
1.103499;450.186106;
1.104332;450.186106;
1.115627;450.186106;
1.103633;450.186106;
1.103673;450.186106;
1.104134;450.186106;
1.105156;450.186106;
1.104609;450.186106;
1.104368;450.186106;
1.103259;450.186106;
1.103330;450.186106;
1.103943;450.186106;
1.105429;450.186106;
1.104840;450.186106;
1.106009;450.186106;
1.106521;450.186106;
1.106757;450.186106;
W1;O:0.000121;R:182.129873
1.106277;450.186106;
1.043707;450.186106;
1.044080;450.186106;
1.043311;450.186106;
W2;O:0.000137;R:183.167423
W3;O:0.000229;R:183.158806
W4;O:0.000133;R:182.166382
1.041577;450.186106;
W5;O:0.000122;R:182.213202
