1.060766;439.416059;
1.085526;449.372900;
1.086698;451.012046;
1.089294;447.303627;
1.103684;456.889715;
1.112356;460.503169;
1.104495;450.683274;
1.077628;438.541412;
1.108804;452.072962;
1.108243;446.020656;
1.118047;455.153816;
1.122866;457.710563;
1.126656;455.364904;
1.109374;451.598220;
1.106645;444.903823;
1.108057;450.667645;
1.112394;451.683691;
1.096005;442.857204;
1.073707;435.731505;
1.090721;443.346972;
1.107454;448.748864;
1.083751;440.477308;
1.108425;451.168415;
1.125636;458.420161;
1.083350;439.454378;
1.094070;445.488786;
1.127160;457.317540;
1.124488;456.210464;
1.114081;451.541087;
1.112349;448.920015;
1.125752;455.956036;
1.110975;451.910364;
1.104931;450.687255;
1.105619;449.477733;
1.119316;455.734915;
1.097367;446.210787;
1.118150;447.379102;
1.114221;446.916544;
1.149050;459.872523;
1.129978;451.811353;
1.136708;454.905800;
1.116481;447.447974;
1.098906;445.942197;
1.107822;449.497090;
1.097812;443.465325;
1.115906;452.064190;
1.115903;452.928822;
1.130043;459.248502;
1.114398;453.402379;
1.105591;450.337288;
1.127938;457.194120;
1.116066;453.711796;
1.111131;451.676273;
1.127712;458.762941;
1.125225;456.536784;
1.079946;439.786944;
1.103564;449.451176;
1.122885;455.502357;
1.095349;446.726687;
1.116327;453.055844;
1.104411;449.621115;
1.102510;447.437726;
1.119943;457.002653;
1.105378;449.881696;
1.103319;448.818945;
1.102391;448.380823;
1.119190;454.469677;
1.094617;446.324656;
1.095784;446.330365;
1.097712;445.982262;
1.113511;453.967371;
1.102691;450.329703;
1.092434;442.814562;
1.075859;438.413852;
1.106717;449.778764;
1.103829;448.431744;
1.082952;440.452054;
1.130206;460.954558;
1.106937;450.045314;
1.099835;448.886110;
1.101513;449.736673;
1.110398;453.425151;
1.112998;453.792170;
1.138248;461.463323;
1.079658;439.666876;
1.078242;438.416944;
1.086913;441.948511;
1.095078;446.286325;
1.121266;458.345288;
1.122337;458.410305;
1.107289;447.424511;
1.119393;455.842876;
1.106570;449.009347;
1.107647;451.533093;
1.117741;454.864400;
1.108795;450.286746;
1.098000;446.189745;
1.122785;458.117364;
1.099643;445.848941;
1.100844;447.831869;
1.106505;451.787180;
1.119149;455.855141;
1.081579;439.951085;
1.122632;455.282550;
1.098805;446.815804;
1.114510;453.452936;
1.106286;451.469060;
1.103992;451.950769;
1.092596;444.741701;
1.094367;444.941901;
1.092236;444.001783;
1.118329;455.718202;
1.099934;445.283197;
1.119782;455.240671;
1.110115;450.261330;
1.119881;455.322602;
1.105827;451.998352;
1.116352;451.930631;
1.133088;455.610939;
1.103197;450.114527;
1.086468;442.660216;
1.109798;453.090525;
1.123431;457.885112;
1.122950;457.431347;
1.115302;454.744331;
1.100688;449.931049;
1.148953;465.077670;
1.103583;445.961618;
1.087387;440.350055;
1.109337;450.025575;
1.126263;457.826878;
1.110361;450.187060;
1.105879;448.972627;
1.094382;446.122537;
1.084240;442.957966;
1.125962;457.609640;
1.097695;446.434883;
1.103298;450.803322;
1.130296;451.976455;
1.126983;451.043048;
1.106712;441.381368;
1.116942;445.937767;
1.153194;462.862595;
1.116176;444.273192;
1.113248;451.459564;
1.110402;445.944822;
1.109906;449.654458;
1.125267;455.471988;
1.121770;455.538493;
1.131977;461.059382;
1.066014;433.691902;
1.113823;454.468796;
1.126297;458.673523;
1.102691;448.415755;
1.117515;450.536811;
1.122628;454.964508;
1.128550;459.308535;
1.118861;455.127040;
1.114097;454.084442;
1.112422;453.275259;
1.106785;450.759124;
1.115440;454.455664;
1.082124;443.684556;
1.092201;445.170179;
1.124543;460.074947;
1.101367;449.484099;
1.107889;450.073333;
1.079373;442.262644;
1.096643;442.508273;
1.100057;446.936997;
1.101310;447.259116;
1.114336;451.880277;
1.103997;447.864065;
1.130254;460.369901;
1.097134;446.662462;
1.139109;463.785892;
1.082225;439.430404;
1.096875;448.549098;
1.089137;438.926157;
1.097290;440.785999;
1.126683;459.786943;
1.096079;447.684022;
1.094277;444.581761;
1.107962;450.500515;
1.090675;443.990096;
1.119246;453.477106;
1.124713;455.273330;
1.081599;438.958666;
1.098027;444.912890;
1.109614;449.055110;
1.129298;457.448755;
1.082059;439.596481;
1.090146;443.182374;
1.090864;443.247004;
1.107739;451.071860;
1.129670;459.079222;
1.101863;450.320588;
1.105192;450.447748;
1.109073;453.739746;
1.109619;450.144504;
1.091434;443.729876;
1.092678;445.573754;
1.088600;444.502542;
1.109018;451.151676;
1.110095;451.589219;
1.098468;446.924604;
1.103461;447.984353;
1.095538;444.929777;
1.105275;451.006798;
1.088145;443.849660;
1.075154;438.579707;
1.098153;446.861837;
1.083332;441.429766;
1.128249;461.671794;
1.095264;445.584532;
1.089969;444.081751;
1.097412;441.307775;
1.089623;440.572649;
1.125895;454.944640;
1.108612;448.194829;
1.101701;443.892605;
1.129336;458.460305;
1.083154;441.385687;
1.119263;456.213006;
1.078190;438.552099;
1.105703;451.373244;
1.113061;453.596072;
1.116809;453.341103;
1.081302;440.195873;
1.115464;452.777212;
1.095090;444.955333;
1.107030;450.710403;
1.095008;446.596967;
1.118390;456.305909;
1.125321;458.779736;
1.123968;459.147435;
1.098233;447.878776;
1.091852;444.882489;
1.089561;442.139896;
1.109024;449.929904;
1.102688;448.496129;
1.092071;444.336774;
1.083514;442.386211;
1.098506;446.045511;
1.073162;437.656786;
1.095373;447.951536;
1.115085;450.155199;
1.094101;447.426372;
1.084885;441.873217;
1.099530;447.792678;
1.118261;454.912638;
1.135197;461.276094;
1.095306;445.674190;
1.120832;450.959400;
1.131421;456.275045;
1.129196;452.856127;
1.096150;442.082385;
1.120015;456.971042;
1.106107;450.635322;
1.106710;452.077861;
1.108156;452.604060;
1.127345;460.410548;
1.110812;446.983483;
1.117824;453.441032;
1.110583;450.570336;
1.090796;445.104355;
1.131067;461.398763;
1.108792;451.676219;
1.099595;446.759256;
1.104339;450.044369;
1.098427;447.834230;
1.097857;447.878637;
1.110499;452.946571;
1.099214;447.378889;
1.098323;449.059025;
1.098490;441.440379;
1.098277;445.914712;
1.091623;444.859727;
1.117578;455.280198;
1.102210;447.686991;
1.104635;448.927505;
1.103272;449.602816;
1.098097;445.339356;
1.124152;457.143026;
1.107493;448.994736;
1.118086;455.392368;
1.096824;444.418990;
1.118570;454.648982;
1.105877;450.212455;
1.085455;443.079019;
1.100971;447.749585;
1.110226;452.663703;
1.124595;453.444196;
1.084600;442.193627;
1.094830;448.784761;
1.105906;452.607998;
1.088517;445.941856;
1.107311;452.004861;
1.078368;439.065915;
1.083476;443.368646;
1.104854;450.463069;
1.090091;446.618294;
1.095805;447.934754;
1.088960;443.676889;
1.133422;457.633492;
1.089551;444.628951;
1.102890;448.874252;
1.112604;454.034017;
1.105262;449.628018;
1.107810;451.480821;
1.081905;440.730966;
1.088623;444.052253;
1.099298;447.808856;
1.110807;452.119840;
1.115780;454.151444;
1.120115;454.344874;
1.098819;444.377265;
1.111805;452.900940;
1.097242;447.157842;
1.099952;446.171483;
1.111706;454.448275;
1.102378;449.560992;
1.096634;447.829304;
1.091314;446.271311;
1.105688;449.797921;
1.093644;445.889120;
1.104495;452.538696;
1.103280;447.989736;
1.104024;450.990379;
1.107647;451.535435;
1.090907;443.692036;
1.098941;445.238585;
1.098164;445.848496;
1.116112;453.323157;
1.122410;458.107267;
1.107928;450.221629;
1.139263;452.612691;
1.160212;458.452181;
1.096057;433.888473;
1.139364;448.331779;
1.113984;441.531284;
1.144808;455.850383;
1.101552;444.979549;
1.076366;435.637368;
1.095500;443.991261;
1.113413;449.441680;
1.095443;443.981445;
1.106848;446.853432;
1.107335;449.480002;
1.097521;447.614522;
1.125323;456.235329;
1.085396;439.576292;
1.118998;453.860765;
1.108439;450.719526;
1.091522;443.184603;
1.109145;452.144508;
1.110312;450.089845;
1.116958;456.273781;
1.106666;447.351089;
1.108965;448.542273;
1.100380;448.081602;
1.090251;443.559468;
1.103801;451.574281;
1.093182;445.794373;
1.104082;448.640666;
1.093338;442.962830;
1.110941;449.629877;
1.095490;444.802476;
1.109090;449.807265;
1.104723;446.808549;
1.093662;445.290486;
1.095049;445.718473;
1.091067;446.935337;
1.086479;444.044255;
1.087486;443.789233;
1.105460;447.593165;
1.133014;463.093421;
1.117732;455.197025;
1.115964;454.668178;
1.080754;438.374836;
1.124104;455.029405;
1.130805;460.710068;
1.082806;441.871705;
1.104882;449.587026;
1.110568;453.513400;
1.113549;451.808749;
1.058449;433.901168;
1.110846;455.033810;
1.114566;454.277486;
1.095511;445.506460;
1.095294;447.358185;
1.127716;457.074396;
1.086100;442.844581;
1.094178;445.609223;
1.076317;437.627749;
1.127752;459.830236;
1.080900;437.916103;
1.098555;448.094312;
1.104029;448.090153;
1.119220;457.535490;
1.097024;444.690072;
1.094471;443.931839;
1.122207;457.830556;
1.093357;444.057504;
1.121957;454.192282;
1.121632;456.448731;
1.115772;453.120897;
1.103744;448.762277;
1.105574;451.099904;
1.126435;459.707906;
1.117336;456.747483;
1.105212;450.585248;
1.095782;449.228120;
1.073527;438.647629;
1.134664;462.970828;
1.077764;439.164493;
1.105133;451.220967;
1.112313;454.097648;
1.117005;457.513003;
1.097615;444.499710;
1.113943;453.741185;
1.101244;447.812732;
1.101999;447.933887;
1.089359;443.720622;
1.122305;458.179068;
1.073778;436.892773;
1.115225;449.303704;
1.130681;456.861383;
1.084802;438.299459;
1.130991;456.857083;
1.100238;444.616106;
1.105650;446.081261;
1.098062;446.388025;
1.099531;450.663100;
1.120697;457.288169;
1.113853;454.104717;
1.104027;449.960705;
1.117450;456.228525;
1.104621;450.000268;
1.085466;443.918116;
1.117145;454.851516;
1.117317;454.671294;
1.095564;447.743864;
1.093228;444.994116;
1.084608;440.764721;
1.103896;448.841963;
1.094914;446.010305;
1.092865;442.928605;
1.105689;449.031630;
1.127601;460.680064;
1.083500;441.364761;
1.107373;451.032648;
1.107112;450.444572;
1.085572;440.832157;
1.098345;447.714988;
1.106163;450.274290;
1.111592;453.226862;
1.109330;451.225429;
1.076360;436.611682;
1.083294;441.132690;
1.102138;447.709687;
1.116641;454.787650;
1.104785;446.962157;
1.101082;447.108520;
1.097912;445.835675;
1.091899;442.237061;
1.133022;459.218382;
1.134487;460.467172;
1.097140;446.711411;
1.078690;439.497188;
1.110325;454.173365;
1.120466;454.064430;
1.085896;441.526797;
1.103704;448.386372;
1.077026;438.221604;
1.122570;457.897068;
1.085279;442.506489;
1.123515;458.580405;
1.095090;446.635635;
1.103448;449.107707;
1.102550;448.448977;
1.106774;450.986840;
1.090844;442.016627;
1.127968;452.313852;
1.133874;461.889339;
1.092267;444.634231;
1.102121;447.971283;
1.102941;448.414036;
1.125091;456.752477;
1.094756;444.708455;
1.107414;450.385906;
1.119582;453.527894;
1.090123;443.427026;
1.112061;454.059804;
1.081824;439.397170;
1.109640;451.078483;
1.109135;450.755553;
1.086386;442.113476;
1.098802;449.675145;
1.108948;453.106057;
1.124861;454.298189;
1.111695;455.275141;
1.070303;433.821322;
1.083646;444.376018;
1.090966;442.563603;
1.094170;446.087190;
1.083214;441.274737;
1.095754;445.577728;
1.110188;451.259788;
1.122091;457.325971;
M0:0.001415
W0;O:0.000069;R:94.068766
1.104384;450.303961;
1.138916;461.490418;
1.089474;441.006937;
1.091829;441.792004;
1.095831;444.439830;
1.132588;460.576270;
1.123003;453.929072;
1.107850;449.312640;
1.098838;444.931835;
1.129443;459.395358;
1.127693;457.543903;
1.126827;450.883399;
1.118040;454.638596;
1.107151;451.789753;
1.111363;454.651621;
1.113422;452.523049;
1.107289;453.238864;
1.094340;447.460598;
1.089997;446.295674;
1.115186;456.575170;
1.086177;442.847528;
1.109642;449.965879;
1.096933;447.077753;
1.101222;449.032075;
1.132557;461.869747;
1.084359;444.257632;
1.098880;446.290666;
1.079372;439.860176;
1.107045;452.002731;
1.083319;442.874336;
1.102672;447.376897;
1.076142;436.944440;
1.090848;443.573376;
1.091695;442.962466;
1.105230;450.585139;
1.108069;451.672991;
1.106531;452.252944;
1.083174;442.103988;
1.116747;455.506995;
1.096863;446.412838;
1.098473;446.019498;
1.106767;452.023395;
1.073703;437.813673;
1.079374;438.855650;
1.116094;454.474158;
1.078458;441.797674;
1.098138;446.357051;
1.078537;439.986481;
1.110963;451.305483;
1.114808;453.357225;
1.100238;448.227209;
1.109641;452.396451;
1.094414;445.975366;
1.107392;449.255099;
1.102857;448.139614;
1.093849;445.442270;
1.115522;452.349587;
1.111436;451.175147;
1.104121;448.456908;
1.112404;452.113657;
1.112092;451.037715;
1.111912;451.435163;
1.118069;451.660742;
1.099572;443.996590;
1.136356;459.465340;
1.102834;447.465368;
1.110602;454.025716;
1.116165;452.969514;
1.111075;451.599393;
1.101627;447.200527;
1.097204;446.294142;
1.111185;451.739867;
1.101866;448.004244;
1.111912;452.732790;
1.093898;443.060722;
1.105589;449.087761;
1.121075;450.659041;
1.112934;450.995828;
1.098530;448.069174;
1.102287;450.059705;
1.110251;454.341968;
1.087365;441.571167;
1.105157;449.662045;
1.110959;454.080637;
1.095550;446.006142;
1.111255;453.277826;
1.109178;452.896700;
1.108802;452.347551;
1.118494;453.612892;
1.110995;450.408569;
1.141598;463.457770;
1.116813;454.936919;
1.124281;458.387880;
1.109479;448.558546;
1.111468;449.417733;
1.123520;456.703409;
1.089681;443.529312;
1.112346;453.216703;
1.086535;442.399626;
1.124157;456.249188;
1.103990;448.859093;
1.108629;450.856362;
1.108264;451.560816;
1.096804;445.154410;
1.110245;452.337164;
1.133414;461.034573;
1.099530;448.324557;
1.112619;452.316695;
1.090708;443.584716;
1.111978;450.966368;
1.114063;454.454569;
1.090875;444.225747;
1.075968;438.228469;
1.107023;452.062199;
1.102503;443.804368;
1.100715;447.533540;
1.100403;448.417362;
1.115815;453.741191;
1.121761;454.826217;
1.113312;451.880727;
1.101217;447.416878;
1.103907;445.852486;
1.118187;454.611566;
1.103635;445.495539;
1.100405;447.112572;
1.133545;460.978046;
1.102645;447.798849;
1.107318;453.041844;
1.095919;447.141300;
1.114133;453.869918;
1.125681;458.830522;
1.124638;454.068658;
1.128909;459.439876;
1.111397;451.976374;
1.099093;445.019282;
1.131819;456.539236;
1.110432;451.145382;
1.147566;466.300243;
1.114143;453.650809;
1.118511;455.557371;
1.084405;441.985960;
1.105524;450.672301;
1.114995;453.792214;
1.130050;455.338771;
1.080939;440.823139;
1.128871;461.797684;
1.073933;438.038775;
1.088790;445.242920;
1.080653;439.112755;
1.077097;438.126342;
1.113729;451.760983;
1.105718;449.465652;
1.102143;447.615314;
1.100129;447.462939;
1.111804;452.892129;
1.106293;447.970407;
1.117867;453.770380;
1.094718;444.852015;
1.095589;444.171260;
1.107813;449.697736;
1.136736;461.230868;
1.089219;441.008380;
1.117343;448.574710;
1.095404;446.274056;
1.116610;454.292469;
1.103857;448.283030;
1.117336;455.673560;
1.103735;447.417397;
1.104772;448.341588;
1.106672;447.209218;
1.095338;441.546880;
1.125942;455.774714;
1.082695;438.026865;
1.085487;438.537309;
1.127478;459.201385;
1.110861;450.488053;
1.110735;450.730702;
1.102909;448.968505;
1.111329;450.198556;
1.126707;456.684023;
1.099767;443.702396;
1.099824;444.152338;
1.109632;449.813803;
1.091758;442.344711;
1.130739;458.740270;
1.113859;449.954567;
1.090536;442.917346;
1.104420;447.634615;
1.122969;458.521711;
1.093880;446.118766;
1.111012;454.022887;
1.086561;441.169715;
1.144252;462.882263;
1.097532;441.249674;
1.099789;445.260732;
1.085134;439.085518;
1.124763;454.604861;
1.106018;447.213803;
1.129588;460.633200;
1.093120;443.566890;
1.119135;455.943880;
1.100593;448.634713;
1.087787;443.085667;
1.088898;445.064425;
1.085152;436.717449;
1.108477;452.034995;
1.093196;443.648798;
1.109983;453.832920;
1.099328;446.971301;
1.095315;446.803274;
1.110537;452.404196;
1.112707;451.923409;
1.110392;452.979818;
1.109432;448.249175;
1.105934;451.847614;
1.106121;452.856638;
1.102684;450.791104;
1.095707;447.484725;
1.095302;443.977663;
1.102337;447.379975;
1.071547;434.478525;
1.116610;454.684295;
1.101071;451.363737;
1.124256;456.941688;
1.102734;448.337450;
1.094438;446.174557;
1.088223;444.283739;
1.116060;454.205691;
1.089949;442.501941;
1.119522;455.658254;
1.086687;440.999018;
1.076633;439.167804;
1.100055;447.286107;
1.112803;450.302943;
1.107785;451.924138;
1.096577;446.726174;
1.126452;459.545171;
1.077761;440.132339;
1.115538;454.135871;
1.112249;452.711764;
1.092055;442.849260;
1.117198;453.651942;
1.099661;446.601203;
1.120422;454.634844;
1.097849;444.482972;
1.114652;453.165824;
1.113469;454.724573;
1.098028;447.540114;
1.103340;449.247534;
1.103596;450.016659;
1.094701;445.996484;
1.105089;450.458288;
1.115659;453.572940;
1.106619;449.516092;
1.092455;447.798904;
1.091605;444.768206;
1.093650;446.124919;
1.119489;458.114632;
1.094789;446.694771;
1.119993;456.059146;
1.098515;446.363918;
1.131843;460.056378;
1.100834;446.745308;
1.118743;454.329870;
1.102973;448.515287;
1.119335;457.066237;
1.103944;449.091368;
1.140762;462.813086;
1.091699;443.224407;
1.096388;445.764239;
1.095843;444.324971;
1.090816;443.269550;
1.119452;455.093660;
1.087403;441.547296;
1.083729;441.099898;
1.096391;445.141913;
1.099437;447.432533;
1.131898;460.534387;
1.098561;446.357322;
1.083408;442.268102;
1.098366;447.115745;
1.091632;444.525079;
1.087826;440.423459;
1.093729;443.582650;
1.090623;441.379469;
1.103959;445.603320;
1.083570;440.348854;
1.121680;451.655333;
1.088806;442.632909;
1.095115;442.603291;
1.123414;455.786151;
1.126594;456.897931;
1.110800;452.637869;
1.135491;462.352747;
1.074914;435.808833;
1.098981;446.577544;
1.090523;445.665191;
1.085902;442.414811;
1.078879;440.211088;
1.123775;455.895273;
1.110259;450.606572;
1.107142;448.602206;
1.110038;451.200388;
1.112065;450.065352;
1.113755;447.537091;
1.092795;443.098358;
1.087356;441.394963;
1.107269;450.754905;
1.110025;453.550240;
1.113042;450.600885;
1.113792;453.276357;
1.092067;441.442957;
1.113812;453.574815;
1.112865;451.270214;
1.086507;442.164354;
1.090840;444.149970;
1.100126;446.892789;
1.099349;447.217735;
1.127168;460.864064;
1.099797;448.672346;
1.098407;447.374393;
1.088183;446.284098;
1.114339;455.446956;
1.092761;448.205727;
1.121687;458.668150;
1.135478;463.143257;
1.092712;443.963737;
1.082542;440.624049;
1.124835;456.774352;
1.108719;450.650937;
1.113514;453.469077;
1.125751;459.786678;
1.093350;444.175483;
1.085760;440.542404;
1.091984;443.109652;
1.110355;452.654311;
1.123301;452.876561;
1.100697;445.943808;
1.119074;454.647508;
1.107930;447.839965;
1.099569;445.207961;
1.111271;450.569198;
1.128531;457.284349;
1.104944;449.845500;
1.103219;448.484741;
1.100755;449.397718;
1.130899;459.616797;
1.133283;458.117603;
1.100115;448.322077;
1.123382;456.964895;
1.081257;441.785886;
1.109720;451.223623;
1.096456;448.593639;
1.096073;443.962510;
1.084337;442.437984;
1.085921;441.613110;
1.120711;452.593767;
1.100657;447.426678;
1.119129;456.591976;
1.109608;449.357068;
1.106475;450.737115;
1.078359;439.164027;
1.115665;454.546707;
1.104365;450.635311;
1.104454;449.780621;
1.109853;451.437874;
1.118696;455.584010;
1.087048;442.424700;
1.116717;455.595825;
1.119545;454.742669;
1.103201;447.341283;
1.107904;450.108145;
1.082332;442.754616;
1.102334;447.503256;
1.113943;452.278501;
1.086895;445.579862;
1.097242;447.042990;
1.073754;438.184270;
1.118069;454.225085;
1.108888;450.502766;
1.110024;453.199397;
1.103217;449.658477;
1.122324;455.956857;
1.114627;454.710817;
1.088112;442.183868;
1.094804;447.609232;
1.130699;461.841650;
1.082672;442.065649;
1.122369;457.874081;
1.109021;452.169201;
1.081818;441.444439;
1.105893;449.245612;
1.107140;448.182210;
1.107540;449.669231;
1.108576;451.260960;
1.093106;442.882873;
1.091486;443.545726;
1.098186;447.609955;
1.105400;451.194206;
1.098009;447.752649;
1.111592;453.964931;
1.131924;460.367433;
1.124514;458.441332;
1.087648;445.127995;
1.092164;445.629702;
1.098119;448.100917;
1.096086;447.062546;
1.098903;448.684132;
1.079532;440.460445;
1.110554;455.691055;
1.082345;443.228156;
1.114681;457.975145;
1.095854;447.761705;
1.102355;450.912742;
1.112409;450.518103;
1.081589;438.754698;
1.130393;460.748083;
1.116513;453.037480;
1.099640;446.942800;
1.101757;448.913841;
1.094408;444.853449;
1.101089;447.154652;
1.099388;446.596939;
1.101632;446.686071;
1.105007;449.126764;
1.147831;460.801173;
1.109430;452.912896;
1.092244;445.314543;
1.069796;435.666618;
1.074547;435.712240;
1.087865;442.693348;
1.108775;452.421429;
1.083235;441.114340;
1.097755;447.588917;
1.116553;455.251007;
1.103901;449.661898;
1.110877;450.946803;
1.117243;456.562760;
1.120611;454.834194;
1.089163;445.089031;
1.078944;439.288245;
1.097861;445.276515;
1.119445;457.093002;
1.110166;451.985782;
1.074803;437.835572;
1.141565;464.018679;
1.107015;449.090088;
1.081857;439.033537;
1.109042;450.920141;
1.112449;452.465872;
1.093212;444.091410;
1.081573;440.812749;
1.110669;450.180761;
1.119263;454.804756;
1.079901;436.682167;
1.114620;451.050046;
1.095430;445.476855;
1.116609;452.866430;
1.090835;438.598179;
1.128694;453.499386;
1.092930;444.211761;
1.105618;448.917910;
1.093558;444.719758;
1.087795;444.172696;
1.104780;449.707816;
1.121012;457.833733;
1.088893;443.012271;
1.089146;444.267770;
1.090287;443.232177;
1.094393;444.374266;
1.083093;440.362022;
1.093614;445.929342;
1.081856;438.488408;
1.085800;440.312238;
1.102987;451.293223;
1.100160;447.766051;
1.098432;446.863151;
1.105891;450.323489;
1.102943;450.762283;
1.108954;452.731105;
1.129639;456.973174;
1.125880;459.181860;
1.092907;446.916122;
1.100234;448.125336;
1.076714;438.785817;
W1;O:0.000213;R:183.355425
1.089493;442.629728;
1.078101;457.991535;
1.053492;451.154092;
W2;O:0.000154;R:183.617406
W3;O:0.000147;R:183.388764
1.029167;438.733895;
W4;O:0.000132;R:183.420067
1.059792;453.537374;
W5;O:0.000172;R:184.352685
