1.045690;438.892640;
1.063921;444.409304;
1.067234;451.493561;
1.068059;444.635329;
1.087943;454.348696;
1.101668;460.229923;
1.048248;428.344811;
1.106863;450.179587;
1.094791;443.595438;
1.103316;445.000440;
1.111761;452.941963;
1.107905;448.147081;
1.097816;447.199197;
1.068844;435.496704;
1.085292;442.781040;
1.120136;456.875651;
1.100101;450.130743;
1.069889;438.199062;
1.074681;440.450707;
1.104212;449.979301;
1.075771;441.204649;
1.117361;456.023965;
1.110209;454.395016;
1.133260;462.522980;
1.068912;438.999520;
1.099769;448.415989;
1.133765;461.511550;
1.143521;467.762485;
1.121352;456.716371;
1.126408;455.936575;
1.076391;438.517957;
1.057538;430.757318;
1.082852;440.717183;
1.062344;434.549650;
1.119944;454.262290;
1.120552;454.690445;
1.116044;458.065454;
1.092005;450.605020;
1.073999;439.571024;
1.132570;464.913207;
1.096791;445.143017;
1.116146;456.530481;
1.058227;431.437715;
1.100779;454.579126;
1.097756;443.140006;
1.072006;434.230808;
1.092676;446.902809;
1.119454;450.852149;
1.087785;440.381953;
1.144636;466.788805;
1.132199;464.735964;
1.099473;448.061637;
1.115093;454.931645;
1.110501;445.555731;
1.097342;448.342435;
1.080734;442.726784;
1.130146;460.426949;
1.098333;449.042711;
1.098836;443.414671;
1.139029;466.952907;
1.198251;490.979457;
1.074889;437.242829;
1.130041;458.856616;
1.077881;437.718233;
1.081977;432.200422;
1.086368;444.082520;
1.072593;438.983450;
1.081152;442.553496;
1.100624;447.840050;
1.096483;450.934995;
1.094547;446.020316;
1.085442;441.802960;
1.074722;441.058961;
1.050348;427.346677;
1.070971;433.889547;
1.132752;463.549041;
1.124728;460.466597;
1.118427;457.242192;
1.116853;461.422321;
1.096912;449.478674;
1.123793;460.881554;
1.132909;464.183222;
1.120729;457.686836;
1.150193;471.739585;
1.096027;448.972755;
1.089400;446.935894;
1.131021;462.958458;
1.119128;455.862186;
1.071964;441.594276;
1.102390;449.516205;
1.063417;433.611534;
1.095989;445.917881;
1.108093;453.155883;
1.097621;445.657252;
1.132219;460.511655;
1.129394;459.059457;
1.092667;445.758851;
1.093454;443.669361;
1.098415;451.583933;
1.070810;438.049619;
1.056902;435.274347;
1.121646;462.476645;
1.141086;467.283989;
1.099061;450.253968;
1.113691;458.362396;
1.099434;450.400149;
1.125525;460.967850;
1.090373;444.160661;
1.110484;452.632303;
1.099808;452.725805;
1.031421;419.822478;
1.092108;447.335609;
1.121566;454.189435;
1.088344;445.242067;
1.080499;442.832575;
1.149734;467.827563;
1.079754;444.212191;
1.104479;448.334234;
1.121038;457.192436;
1.131850;462.259513;
1.118032;454.792028;
1.094244;445.268470;
1.069262;437.870710;
1.127014;460.813695;
1.092603;445.828631;
1.093338;448.588090;
1.074491;438.536014;
1.101925;452.144155;
1.137873;465.039448;
1.116813;455.069998;
1.066428;438.779663;
1.108266;452.052082;
1.085435;446.001546;
1.093916;448.462716;
1.062403;436.718387;
1.080940;439.203258;
1.099700;445.876929;
1.099686;446.570961;
1.103706;447.665182;
1.131336;459.552916;
1.103850;451.613936;
1.118167;457.991094;
1.164685;475.346800;
1.083707;441.506904;
1.080132;439.748690;
1.075938;438.524195;
1.101016;445.959085;
1.125099;461.382736;
1.054857;432.674198;
1.082318;441.085776;
1.065546;439.315809;
1.130769;459.639913;
1.090271;443.463892;
1.093258;446.785262;
1.050523;426.542773;
1.156608;469.688732;
1.109889;449.608388;
1.063813;434.253955;
1.080751;437.472010;
1.070026;433.500058;
1.112698;452.306464;
1.102269;447.012977;
1.094956;449.499243;
1.128729;460.550442;
1.089552;446.172850;
1.122193;460.326564;
1.082850;444.356011;
1.131660;460.773849;
1.131456;461.168371;
1.076913;436.327144;
1.077176;432.857222;
1.167386;473.618768;
1.138812;460.413235;
1.109441;449.344440;
1.081927;439.918237;
1.121300;457.473559;
1.104802;446.250885;
1.108685;451.525189;
1.106381;447.364460;
1.123130;453.513087;
1.081060;442.574839;
1.103980;449.707014;
1.097722;446.218702;
1.097686;445.132110;
1.107664;456.475164;
1.129723;459.886844;
1.110649;450.846388;
1.064987;435.485102;
1.100155;446.355460;
1.097359;449.265944;
1.121539;458.270457;
1.107333;446.913039;
1.064410;434.171808;
1.132505;459.619234;
1.164418;473.945047;
1.072403;439.497819;
1.103732;450.597912;
1.099880;450.803342;
1.086040;441.711986;
1.106918;450.942338;
1.075104;437.457576;
1.080499;439.231135;
1.080524;440.700523;
1.137665;464.803285;
1.098418;446.786972;
1.072408;434.325244;
1.105150;451.983076;
1.129462;460.029531;
1.084311;439.999392;
1.055735;431.512377;
1.087597;447.564572;
1.084183;446.195528;
1.108247;446.756924;
1.085345;441.399023;
1.112914;451.988389;
1.106283;451.696156;
1.096138;447.442515;
1.137258;462.001347;
1.112395;453.048216;
1.089162;443.318097;
1.097086;447.641568;
1.088410;442.200637;
1.089742;444.605164;
1.109582;450.992635;
1.086643;440.339462;
1.118331;458.215572;
1.162678;470.267904;
1.121431;457.259168;
1.081190;438.050182;
1.077609;437.152743;
1.084847;442.314997;
1.104877;449.315155;
1.101409;441.762231;
1.114105;453.840235;
1.041016;424.618235;
1.085279;442.053701;
1.065095;437.600970;
1.100439;453.369567;
1.115145;454.961818;
1.112039;457.602964;
1.101343;447.437741;
1.090714;444.443304;
1.123464;452.822602;
1.103457;451.067720;
1.110153;448.692288;
1.106982;449.656646;
1.144308;463.531592;
1.059582;429.676143;
1.145048;465.918598;
1.062709;430.622284;
1.127317;455.520945;
1.098389;448.684014;
1.079854;438.332600;
1.093695;446.761849;
1.138267;462.797923;
1.077172;441.643419;
1.120946;458.836713;
1.129089;461.892520;
1.152072;474.032097;
1.119853;456.235125;
1.076886;441.193968;
1.148582;465.803255;
1.108221;451.258776;
1.108823;452.691993;
1.134556;463.291371;
1.057334;431.467374;
1.110425;452.645732;
1.127546;459.233154;
1.109264;453.405605;
1.111480;450.139240;
1.092748;441.152896;
1.101202;445.509202;
1.125475;455.827551;
1.133575;458.780339;
1.152184;466.293279;
1.098766;445.424062;
1.090045;446.422705;
1.091061;444.024498;
1.112314;453.610562;
1.088049;438.858172;
1.074179;437.763199;
1.103230;448.303560;
1.070988;439.952530;
1.111941;457.089754;
1.051577;429.890604;
1.051740;431.200544;
1.100094;453.269041;
1.116781;455.603911;
1.091176;442.777143;
1.120664;456.814339;
1.078634;441.543444;
1.092667;442.328020;
1.101562;446.870357;
1.075778;439.027323;
1.083192;441.196332;
1.121048;455.213274;
1.109078;452.024073;
1.083116;440.535280;
1.061478;433.236543;
1.059447;434.883400;
1.054050;430.690882;
1.095290;447.595677;
1.070994;438.391532;
1.133959;463.539906;
1.108519;453.420728;
1.149749;468.624549;
1.090344;445.424210;
1.096639;448.657202;
1.103728;452.954939;
1.107396;448.979543;
1.111022;448.009909;
1.111395;451.611275;
1.103669;449.063531;
1.092582;446.830840;
1.097133;447.966385;
1.144347;465.475608;
1.128949;460.075049;
1.076512;438.537528;
1.092162;444.692451;
1.102958;453.777648;
1.081765;433.008136;
1.079299;440.088912;
1.120203;459.750803;
1.090826;441.580914;
1.078754;442.165645;
1.142831;468.989273;
1.123944;461.059065;
1.108562;449.837701;
1.099916;446.657147;
1.100076;448.213583;
1.161746;472.976145;
1.096554;444.963962;
1.091542;446.585108;
1.112870;451.721193;
1.111270;447.428090;
1.149333;464.739290;
1.145714;463.113234;
1.096304;444.829841;
1.103160;446.791518;
1.110886;453.450808;
1.129115;452.769229;
1.108827;447.387960;
1.130866;458.910455;
1.140515;463.097637;
1.152238;467.974258;
1.125947;454.975116;
1.091920;447.613333;
1.063474;431.956805;
1.145907;469.784109;
1.083954;441.366053;
1.109334;454.794996;
1.099676;447.594327;
1.103525;444.533625;
1.067888;436.002252;
1.113401;454.063281;
1.074518;441.721641;
1.089782;444.399984;
1.102703;446.430852;
1.093864;446.471537;
1.110042;452.335481;
1.072807;435.009637;
1.045676;422.315069;
1.046833;425.856367;
1.056945;427.169873;
1.097685;442.912129;
1.118237;454.523845;
1.102905;447.385383;
1.120791;455.197092;
1.126762;457.241655;
1.146662;463.909625;
1.085573;440.807731;
1.146154;465.053013;
1.125588;456.862433;
1.182997;482.190114;
1.112302;450.296178;
1.088801;440.749976;
1.121925;457.166616;
1.080081;439.303957;
1.050719;430.466964;
1.126839;459.954757;
1.079782;440.953656;
1.127761;459.634299;
1.134896;464.151959;
1.139496;464.155223;
1.077033;435.663765;
1.067478;434.947326;
1.092507;445.768860;
1.083955;441.795668;
1.160666;466.360135;
1.099407;446.028438;
1.114548;451.787403;
1.076393;436.115275;
1.082288;442.294966;
1.079296;436.973846;
1.112814;452.810422;
1.079982;440.765583;
1.082887;442.125898;
1.055964;430.095000;
1.085354;440.860963;
1.103293;445.803845;
1.108667;449.383795;
1.084337;441.471378;
1.130695;462.201488;
1.052004;425.450628;
1.090208;446.015708;
1.093825;445.200970;
1.117963;455.011066;
1.080590;437.681148;
1.058252;431.406679;
1.121904;454.810674;
1.102866;448.469135;
1.094759;449.452519;
1.114294;455.406790;
1.134075;461.174679;
1.082283;439.133697;
1.098571;446.833818;
1.142641;462.775002;
1.103619;447.074887;
1.096181;445.404641;
1.078887;439.720657;
1.076692;440.234990;
1.109169;450.960761;
1.085402;438.605829;
1.086075;440.524658;
1.100659;448.594924;
1.084677;443.993507;
1.047015;429.441032;
1.080361;443.174215;
1.072125;435.660712;
1.063384;429.778654;
1.069313;433.819564;
1.108875;449.808748;
1.130347;460.458085;
1.099101;445.218416;
1.084383;441.363256;
1.084858;438.881920;
1.098148;445.710081;
1.111489;450.565940;
1.125001;459.168506;
1.106752;453.167413;
1.110236;450.504347;
1.079437;440.865110;
1.114266;452.337724;
1.088563;446.116321;
1.089739;445.975627;
1.137428;463.883318;
1.110216;457.052374;
1.090970;444.570360;
1.076634;440.326664;
1.105057;452.646277;
1.061445;434.542762;
1.146604;466.242976;
1.092483;445.108679;
1.150718;472.407882;
1.085914;446.019317;
1.088538;441.142246;
1.078412;440.432498;
1.051946;433.505700;
1.076408;443.747282;
1.087546;444.090297;
1.097031;445.426391;
1.139603;465.594484;
1.096563;443.302717;
1.129055;457.284271;
1.169588;474.919721;
1.101952;449.812258;
1.048972;429.043636;
1.149468;471.525168;
1.121538;457.230828;
1.145421;468.353088;
1.102224;449.649445;
1.111421;453.088382;
1.115822;460.427325;
1.076034;440.908235;
1.130069;457.922790;
1.070803;433.062582;
1.071555;435.966565;
1.081921;439.734414;
1.113432;457.301101;
1.091771;446.450717;
1.084241;441.536117;
1.068893;436.483361;
1.094773;442.735383;
1.064412;438.078428;
1.089933;444.837719;
1.034198;421.850265;
1.104271;450.148846;
1.112478;453.263616;
1.096528;447.472015;
1.102674;447.777761;
1.084307;441.627144;
1.107541;449.408292;
1.086936;441.101046;
1.077401;436.917638;
1.147857;465.161830;
1.112377;446.872225;
1.120076;454.754897;
1.081957;439.968084;
1.103911;452.380189;
1.058062;427.783764;
1.075265;441.065478;
1.067666;435.053455;
1.096613;446.502076;
1.135909;464.713585;
1.102355;447.827713;
1.120484;454.580856;
1.159530;472.668514;
1.140147;459.973734;
1.122563;455.641006;
1.112326;454.472620;
1.113794;449.051753;
1.107485;446.585333;
1.103496;446.864303;
1.090800;442.338858;
1.099758;446.180170;
1.085930;438.521792;
1.096694;445.563760;
1.114587;455.164021;
1.080994;437.672403;
1.089220;440.074384;
1.097341;448.896784;
1.073096;438.165886;
1.105660;451.166751;
1.116125;456.280512;
1.124532;459.897976;
1.127529;461.852662;
1.114229;452.863653;
1.124819;454.321740;
1.108213;449.508659;
1.074008;436.111308;
1.128528;455.024225;
1.096755;444.962738;
1.152911;468.498618;
1.125819;458.805827;
1.086758;445.240314;
1.106951;453.899807;
1.104910;451.346998;
1.092074;446.991188;
1.072891;438.195327;
1.166250;476.099487;
1.089205;445.518506;
1.136810;463.233816;
1.091590;444.124165;
1.124005;453.182172;
1.080628;440.613809;
1.103181;452.393890;
1.098626;448.050362;
1.092460;441.217487;
1.105097;451.174787;
1.096920;448.676334;
1.067924;435.823356;
1.077746;441.260931;
1.072897;437.378129;
1.093116;446.500695;
1.106366;455.759354;
1.089280;443.891928;
1.048821;426.730708;
1.139181;466.225811;
1.077499;438.349545;
1.159055;471.236378;
1.096052;450.096995;
1.126689;460.761970;
1.068297;436.669764;
1.064459;432.582408;
1.123599;456.107292;
1.098148;448.114812;
1.105589;450.895616;
1.059137;436.121667;
1.099351;448.450435;
1.120086;456.010455;
1.069081;436.717102;
1.060369;429.430914;
1.097020;442.606447;
1.147627;464.280625;
1.083908;443.148808;
1.112392;456.458761;
1.100048;447.920066;
1.079445;439.828461;
1.136491;461.837303;
1.063171;430.134436;
1.090068;445.975783;
1.112901;455.511834;
1.102903;453.020493;
1.089085;443.441725;
1.100954;447.811804;
1.172265;481.781387;
1.112984;451.502207;
1.103565;448.671850;
1.093533;443.691313;
1.093606;444.286072;
1.090948;443.670201;
1.104128;451.464057;
1.065093;437.766212;
1.016110;414.763417;
1.105016;448.726888;
1.083684;443.963859;
1.137489;463.380994;
1.117694;456.432643;
1.137919;467.335195;
1.136490;461.679675;
1.069636;436.779109;
1.077419;438.137338;
1.152871;469.069073;
1.130117;459.766645;
1.083623;441.251260;
1.112793;448.227287;
1.106709;453.303848;
1.099076;449.520598;
1.088733;447.572800;
1.066215;434.304085;
1.122951;459.417168;
1.116463;455.827431;
1.090373;443.238052;
1.092135;442.678009;
1.098973;451.299084;
1.095046;447.599272;
1.092054;444.930988;
1.128123;459.188060;
1.139535;464.908996;
1.137433;460.231545;
1.084439;440.699337;
1.047539;428.594563;
1.102575;446.978472;
1.046742;430.450601;
1.129273;459.772624;
1.055330;430.956996;
1.111453;452.168992;
1.075146;439.254838;
1.091481;445.445776;
1.099669;450.958223;
1.105300;448.771258;
1.082644;445.470453;
1.100995;449.910991;
1.097158;447.053025;
1.122218;455.595564;
1.073710;436.826587;
1.122621;460.677819;
1.108668;452.546977;
1.091948;447.002996;
1.107169;453.550676;
1.105713;452.980156;
1.093720;450.724077;
1.053081;430.717074;
1.088833;442.779619;
1.113801;455.476389;
1.101592;450.812613;
1.064318;434.950798;
1.122075;455.089043;
1.101108;448.090488;
1.096566;442.504693;
1.081390;440.200248;
1.086660;441.313743;
1.103918;448.501325;
1.069119;437.011541;
1.119043;458.953662;
1.072469;437.081861;
1.072187;440.202635;
1.096434;443.734860;
1.102554;452.958000;
1.094995;448.666421;
1.120681;462.071923;
1.169814;479.764128;
1.081759;443.032863;
1.108601;449.302586;
1.119922;455.645600;
1.101076;449.427313;
1.074898;436.479197;
1.137208;464.686499;
1.120703;454.050530;
1.103337;452.534000;
1.082978;440.647472;
1.159791;470.228105;
1.112214;452.599391;
1.062384;432.536863;
1.123541;458.821406;
1.128816;457.741193;
1.166377;470.439023;
1.119123;456.151900;
1.104709;447.222305;
1.075746;434.613339;
1.123080;459.097856;
1.103094;445.685065;
1.137903;460.220905;
1.065348;433.851039;
1.112674;451.004088;
1.142550;462.574551;
1.105896;450.347580;
1.059353;430.586143;
1.104977;446.991204;
1.154988;468.586515;
1.108545;448.739961;
1.118036;453.974005;
1.142314;463.283911;
1.116798;451.815723;
1.150349;469.403506;
1.070385;435.499716;
1.098811;445.128773;
1.148251;465.119779;
1.096847;444.967897;
1.098764;448.498072;
1.117094;455.085842;
1.125682;457.905927;
1.139683;465.542349;
1.133050;459.385483;
1.067200;432.905332;
1.111295;453.169496;
1.124260;458.250980;
1.097952;444.238202;
1.118530;459.414250;
1.080675;438.271894;
1.023293;416.930640;
1.096351;446.861420;
1.139883;464.216198;
1.100520;445.790126;
1.060561;430.433434;
1.090651;442.396271;
1.109361;448.624269;
1.091815;445.008836;
1.109161;452.042386;
1.092803;444.341975;
1.113738;455.428521;
1.082030;439.109390;
1.127536;460.214454;
1.093522;443.947730;
1.124443;458.100754;
1.152373;470.104540;
1.109518;452.839338;
1.089602;444.368597;
1.080886;440.372441;
1.091799;445.902510;
1.097227;448.320009;
1.079250;440.412935;
1.092678;445.887617;
1.082280;437.377028;
1.114668;455.196450;
1.124408;459.876520;
1.070656;435.242084;
1.108496;454.314430;
1.081113;439.545320;
1.166572;475.509736;
1.104164;449.562947;
1.104632;450.466679;
1.108656;454.052048;
1.095971;439.913880;
1.140007;464.677404;
1.108266;452.997568;
1.110647;452.074744;
1.073797;440.761437;
1.115913;457.669547;
1.125165;457.020165;
1.144413;463.861661;
1.111892;450.225217;
1.129133;460.953736;
1.102110;447.863075;
1.081939;442.241047;
1.104114;455.127634;
1.118289;457.895316;
1.066053;434.307589;
1.103042;448.355118;
1.129090;457.335891;
1.075319;439.803099;
1.071412;434.254735;
1.069660;434.001623;
1.113250;451.920112;
1.097800;446.088090;
1.099567;448.159685;
1.098831;448.564983;
1.084056;439.841416;
1.126352;457.532365;
1.068922;438.974012;
1.084992;441.989579;
1.130873;461.765860;
1.111731;452.270997;
1.094550;447.655557;
1.087400;443.045027;
1.107598;451.759780;
1.061113;430.195656;
1.089188;444.619372;
1.090565;447.217695;
1.096651;449.251873;
1.076763;441.181294;
1.082539;441.157202;
1.089933;443.660295;
1.141976;469.715952;
1.087952;445.687094;
1.111568;455.119059;
1.100561;443.867071;
1.087152;439.332331;
1.092695;443.353395;
1.066780;431.435659;
1.094917;444.879018;
1.114350;450.537826;
1.052672;423.662423;
1.102376;448.997635;
1.116508;454.590041;
1.086098;443.600847;
1.111616;450.927096;
1.153650;466.716673;
1.149705;467.057341;
1.096437;448.708626;
1.097349;446.197776;
1.102110;454.440025;
1.113258;454.552913;
1.100711;445.789907;
1.105298;450.877461;
1.074058;441.168128;
1.119178;457.665622;
1.080570;440.312174;
1.129248;459.749700;
1.117258;454.054777;
1.092365;446.285684;
1.022954;419.162987;
1.124718;461.811992;
1.105371;454.015484;
1.087080;442.612679;
1.126461;460.426583;
1.043791;424.814989;
1.111428;453.600648;
1.081399;442.703786;
1.172565;480.421549;
1.111460;452.508541;
1.077532;439.232716;
1.105762;451.287861;
1.090651;442.791626;
1.101664;449.457722;
1.118048;456.481022;
1.110410;451.681140;
1.135770;462.076943;
1.133184;462.553197;
1.089840;444.288624;
1.131810;458.625484;
1.111291;451.235169;
1.084344;445.472051;
1.116272;458.335938;
1.136115;458.852903;
1.076855;434.911801;
1.074471;439.107805;
1.143057;465.215843;
1.083529;440.316534;
1.144506;468.027731;
1.060522;426.906690;
1.119332;452.394901;
1.054238;422.726225;
1.112906;448.438320;
1.090189;441.261294;
1.088069;439.482575;
1.109082;447.397184;
1.138718;466.696716;
1.060264;429.507500;
1.139159;464.272703;
1.044769;424.773931;
1.124045;457.242474;
1.080070;443.061658;
1.098856;447.929554;
1.066615;435.384327;
1.083680;443.679233;
1.087421;444.220074;
1.107646;453.216304;
1.115080;455.056496;
1.072193;435.887848;
1.074927;436.157426;
1.145310;467.424961;
1.168378;472.628055;
1.118222;455.559710;
1.106359;449.770826;
1.085289;438.869745;
1.117515;454.236834;
1.107995;453.303658;
1.137087;462.809454;
1.095256;445.318870;
1.082075;443.674721;
1.087708;444.006470;
1.049408;432.406468;
1.077611;442.082139;
1.085125;447.338945;
1.071219;438.942195;
1.119214;456.211505;
1.076771;439.131164;
1.097846;444.823762;
1.095391;446.936441;
1.095155;447.526936;
1.070424;437.144963;
1.070516;437.401461;
1.092789;446.310557;
1.105751;453.063598;
1.117036;456.457065;
1.142346;469.162768;
1.106178;455.342465;
1.097648;446.807504;
1.126219;458.688060;
1.100645;452.714015;
1.080870;442.365440;
1.050358;427.346918;
1.059509;435.870833;
1.080175;439.945265;
1.042842;424.406306;
1.051363;427.381719;
1.063857;431.328777;
1.103527;446.135201;
1.101299;446.770005;
1.091172;444.971992;
1.127293;461.995970;
1.102819;449.001155;
1.113378;451.497377;
1.097628;450.167060;
1.147659;468.922098;
1.125212;465.690678;
1.100829;453.473316;
1.112308;451.590446;
1.082380;446.054131;
1.059919;433.506887;
1.095541;447.851783;
1.053771;426.456688;
1.109417;453.523427;
1.083909;447.802716;
1.096867;448.625900;
1.054326;430.899166;
1.086380;441.841401;
1.113733;452.638098;
1.080536;438.776233;
1.142892;466.795080;
1.136073;462.678853;
1.132097;463.861920;
1.134062;464.364199;
1.065143;433.671016;
1.130386;460.610320;
1.110635;454.945231;
1.077912;438.794872;
1.084862;444.143804;
1.130366;458.579040;
1.128585;457.123838;
1.081588;443.439314;
1.095747;444.450699;
1.071482;439.202796;
1.179489;481.837552;
1.130554;454.474581;
1.057363;431.678056;
1.085235;442.221927;
1.141789;462.936507;
1.129751;458.220021;
1.112610;454.745245;
1.110711;453.197100;
1.121769;458.771985;
1.136203;461.204271;
1.183504;481.387214;
1.085733;445.292450;
1.102061;450.269043;
1.088403;444.351642;
1.046035;426.837664;
1.104476;451.147212;
1.079542;437.657095;
1.126332;455.687037;
1.110710;451.771837;
1.119938;457.226949;
1.068337;437.318157;
1.057635;432.161063;
1.050765;426.894046;
1.105373;447.261343;
1.083131;447.763197;
1.121842;454.896681;
1.108456;452.865474;
1.093088;444.614025;
1.102830;445.172173;
1.112325;451.030270;
1.111843;452.202498;
1.103401;448.234990;
1.106301;451.039523;
1.086212;443.262731;
1.094307;446.066605;
1.145895;469.352514;
1.068332;439.133062;
1.062430;434.602643;
1.073788;438.603816;
1.085402;443.487136;
1.099749;446.766671;
1.083464;441.970261;
1.078718;440.388714;
1.090683;446.064520;
1.111652;454.722123;
1.088040;445.280148;
1.077206;440.175296;
1.077207;441.202039;
1.095047;446.988134;
1.099058;446.425389;
1.073557;441.897465;
1.051053;431.360777;
1.083800;446.291319;
1.048100;429.885599;
1.105123;453.423648;
1.110182;456.748732;
1.122273;459.340760;
1.106525;452.606860;
1.069818;436.323479;
1.101651;454.223151;
1.088561;444.577951;
1.103608;447.440576;
1.117779;456.545847;
1.067142;435.569854;
1.073581;436.690195;
1.106909;453.881621;
1.118120;459.121865;
1.085742;449.235865;
1.162448;475.181292;
1.104390;450.651198;
1.088161;447.139944;
1.107961;450.486366;
1.126307;459.392171;
1.108806;450.014513;
1.092541;444.170698;
1.091119;445.073661;
1.120242;458.910833;
1.069920;434.318620;
1.100306;450.360379;
1.093391;444.524281;
1.103610;445.481527;
1.124340;457.154790;
1.153401;466.629414;
1.097178;444.171861;
1.094507;446.155021;
1.104136;450.286117;
1.144741;465.606682;
1.070500;436.006748;
1.103676;449.200836;
1.100493;447.226557;
1.125386;457.938835;
1.093289;444.978237;
1.071691;435.437015;
1.151293;466.702519;
1.147124;466.245708;
1.118752;445.347491;
1.160377;459.981100;
1.101476;432.207655;
1.118944;441.114403;
1.131468;446.343585;
1.155250;459.090523;
1.110359;445.116188;
1.111770;453.363114;
1.097520;444.081867;
1.142925;469.210977;
1.113408;451.033367;
1.136277;457.338195;
1.107359;451.153508;
1.108755;450.845241;
1.081684;435.523762;
1.121872;454.507309;
1.098819;445.371527;
1.121325;452.594392;
1.098660;440.449997;
1.087276;441.884664;
1.116114;451.980319;
1.125056;455.668319;
1.151824;467.770944;
1.134342;460.349291;
1.098202;446.100480;
1.135049;460.357613;
1.100019;440.592169;
1.072828;430.958718;
1.144160;466.453438;
1.094732;443.452763;
1.106766;455.106004;
1.103988;447.952548;
1.105962;452.196631;
1.090778;443.545237;
1.127214;457.717652;
1.107313;449.366872;
1.114343;448.605394;
1.053253;430.994754;
1.118295;453.537562;
1.102351;453.761625;
1.026212;418.823932;
1.118764;459.174255;
1.086946;447.658695;
1.082958;441.089117;
1.111789;453.835336;
1.099489;447.861095;
1.095639;444.919164;
1.086093;437.944552;
1.122691;456.421867;
1.110384;452.580752;
1.100674;449.080442;
1.078148;439.444955;
1.088993;445.988232;
1.065937;436.647255;
1.075827;440.180814;
1.108789;453.938108;
1.065281;436.551473;
1.045977;426.353563;
1.104951;449.636503;
1.096788;447.757691;
1.105626;448.938764;
1.090340;445.336358;
1.069771;430.405798;
1.075440;433.398747;
1.086192;440.922412;
1.137528;464.805608;
1.108807;452.820122;
1.080273;441.986686;
1.090652;448.427400;
1.097125;448.201246;
1.148545;465.347836;
1.076267;438.129269;
1.090390;448.885827;
1.079557;438.743864;
1.074172;434.879196;
1.129277;459.452837;
1.115768;454.390297;
1.113765;455.967039;
1.120852;454.527796;
1.143331;465.649248;
1.089175;445.414489;
1.153138;468.924776;
1.118483;459.944609;
1.138071;464.329124;
1.118644;459.563229;
1.084353;443.013376;
1.120808;455.213076;
1.150583;465.673556;
1.126153;456.806695;
1.109795;453.417017;
1.118455;454.145320;
1.122991;458.673392;
1.131159;459.797748;
1.101049;448.803179;
1.076663;434.660604;
1.102163;447.529819;
1.151837;470.034253;
1.094646;447.956426;
1.115916;457.863517;
1.090130;445.058730;
1.096863;448.591267;
1.116745;455.145533;
1.070755;435.612381;
1.065208;434.075965;
1.096725;443.018184;
1.084570;440.878089;
1.083036;441.247142;
1.108169;451.796329;
1.114657;454.044011;
1.076137;435.637005;
1.081006;438.080367;
1.142934;464.690163;
1.101180;449.179707;
1.082424;441.284605;
1.109651;451.495669;
1.095792;450.322206;
1.091555;446.030761;
1.077418;440.934100;
1.138711;467.703745;
1.073252;436.996853;
1.087753;443.442774;
1.074351;437.548651;
1.102655;449.689294;
1.155851;469.092900;
1.078410;441.478317;
1.122870;455.363131;
1.098355;449.497840;
1.101640;450.561929;
1.078447;440.592169;
1.109663;450.788599;
1.091011;445.861043;
1.106401;455.836895;
1.089555;443.071706;
1.099283;448.985598;
1.157873;471.808149;
1.087057;443.953802;
1.111484;448.149899;
1.084312;442.847630;
1.078277;440.493038;
1.100433;448.099803;
1.133620;463.845856;
1.081344;444.540808;
1.081147;445.233055;
1.127009;458.062738;
1.110510;456.373084;
1.118577;453.876307;
1.122205;461.257194;
1.100690;448.640801;
1.085254;436.940072;
1.111991;450.622934;
1.079194;433.763931;
1.098652;444.483118;
1.086918;443.418060;
1.123215;460.376931;
1.062572;433.667697;
1.120112;457.890053;
1.084391;442.417808;
1.114628;456.249809;
1.093557;444.494276;
1.094979;447.848809;
1.098475;446.279020;
1.093510;447.076154;
1.074180;433.678783;
1.109080;453.836981;
1.115113;452.881615;
1.126307;455.715804;
1.136501;458.450572;
1.125044;454.739483;
1.057945;427.427696;
1.103888;447.267668;
1.077645;439.588144;
1.068413;435.116250;
1.110993;449.286635;
1.117889;456.753291;
1.099136;449.293156;
1.134688;465.373024;
1.117304;457.517438;
1.096526;447.617723;
1.104690;452.988509;
1.132839;461.617882;
1.126187;460.363594;
1.100603;446.881184;
1.063266;430.831176;
1.068510;432.726634;
1.103041;450.087049;
1.098496;449.783060;
1.109485;452.023168;
1.089999;445.034859;
1.078863;443.660199;
1.106904;451.803475;
1.075756;437.544234;
1.116661;456.138613;
1.117365;457.888866;
1.144035;465.280782;
1.117373;455.885334;
1.103921;451.021208;
1.087150;445.339284;
1.112739;455.325239;
1.098030;444.739059;
1.116803;457.084710;
1.144294;468.398918;
1.077870;442.149430;
1.085767;446.416873;
1.092305;449.678617;
1.139746;467.036302;
1.100961;455.302764;
1.095301;449.558279;
1.081363;444.094497;
1.085066;443.687565;
1.111416;454.902799;
1.164201;472.711104;
1.106473;453.559938;
1.109562;451.585554;
1.070298;435.322167;
1.090934;447.606456;
1.116232;456.866332;
1.111820;457.275947;
1.080576;442.194475;
1.123033;459.432498;
1.011530;414.299101;
1.092859;449.833649;
1.082771;440.358889;
1.091128;447.913163;
1.091477;444.700700;
1.126731;456.178181;
1.063927;435.858882;
1.152311;473.792885;
1.094201;447.300984;
1.136111;463.786328;
1.079486;436.482311;
1.066154;435.046686;
1.108593;453.193085;
1.104221;452.420360;
1.129531;463.017232;
1.165074;476.327479;
1.117390;451.928302;
1.131988;463.334520;
1.117513;457.427383;
1.118900;459.241624;
1.136182;465.176558;
1.076292;443.134480;
1.108647;452.381282;
1.105949;452.887941;
1.143539;468.658123;
1.103546;449.143656;
1.108115;452.426946;
1.056520;431.252684;
1.093654;444.687164;
1.084815;441.414528;
1.057469;433.764579;
1.058220;434.014011;
1.087263;447.023029;
1.076206;437.234520;
1.122979;460.523190;
1.096289;447.521035;
1.152859;468.575810;
1.100804;450.608459;
1.134120;467.120113;
1.081692;442.787531;
1.092788;441.205211;
1.140720;462.448056;
1.099060;447.714540;
1.088191;441.933456;
1.118823;456.191451;
1.148687;461.600823;
1.112271;457.023139;
1.122590;458.083623;
1.122492;456.019246;
1.086979;443.656362;
1.135059;465.295313;
1.091846;443.537375;
1.118859;460.332367;
1.047797;427.183738;
1.076585;439.982313;
1.121045;455.278801;
1.075824;436.819261;
1.100733;452.345076;
1.091218;443.069400;
1.090517;444.776537;
1.115285;459.663898;
1.087200;443.486000;
1.094004;446.155427;
1.100230;448.944246;
1.098640;447.250097;
1.070242;438.608740;
1.143220;465.824219;
1.050208;430.738135;
1.116380;455.283588;
1.126154;455.670157;
1.084630;446.722638;
1.127919;458.508912;
1.100371;446.152993;
1.110576;457.511386;
1.121793;457.630868;
1.108717;451.360618;
1.072567;438.490631;
1.122417;460.727114;
1.117260;458.382581;
1.095487;447.291824;
1.120396;458.941726;
1.080997;444.962961;
1.081432;437.087054;
1.050411;427.911486;
1.025226;416.910114;
1.106167;449.937304;
1.062013;431.545483;
1.129696;458.544775;
1.110696;452.049143;
1.120802;458.658696;
1.090523;444.640095;
1.123722;459.628560;
1.060373;433.181911;
1.119318;460.300724;
1.123386;456.614734;
1.080177;443.862651;
1.100989;448.892772;
1.119883;457.330342;
1.106552;450.480991;
1.113738;454.691677;
1.044159;424.126075;
1.144951;467.478177;
1.100746;445.006235;
1.116172;457.550076;
1.073165;437.642708;
1.163672;469.981344;
1.096424;446.057191;
1.085775;440.873603;
1.100201;445.871781;
1.135363;458.086241;
1.080751;440.885843;
1.117652;453.764945;
1.128786;459.658708;
1.100820;449.515687;
1.130628;463.853859;
1.091500;446.685975;
1.136504;465.977267;
1.125893;457.419255;
1.068456;433.547123;
1.128228;460.661395;
1.137827;461.594389;
1.103766;449.482698;
1.101800;450.143885;
1.126216;461.489883;
1.141427;464.816522;
1.073831;438.208326;
1.118400;455.036703;
1.089943;438.565368;
1.133144;459.199081;
1.110744;453.971211;
1.159099;472.088976;
1.110490;452.992654;
1.097608;452.233974;
1.075714;438.288584;
1.087406;442.785335;
1.123815;460.617526;
1.117784;455.808518;
1.137182;463.524508;
1.082488;442.830203;
1.106596;449.934762;
1.069588;434.974582;
1.106264;450.033166;
1.086452;438.570443;
1.092699;444.839219;
1.162130;477.841459;
1.067871;441.955980;
1.115940;454.855825;
1.077625;437.383453;
1.108671;453.255245;
1.104270;452.691859;
1.098255;447.739128;
1.124992;458.457558;
1.098344;447.425626;
1.077511;437.323839;
1.055705;427.268199;
1.104625;451.160964;
1.123193;448.311742;
1.043744;421.959371;
1.093271;442.215429;
1.096880;447.540099;
1.081125;441.594007;
1.137443;464.786860;
1.125377;456.338182;
1.100044;448.992840;
1.149565;465.946973;
1.108847;451.636823;
1.106336;445.491353;
1.097785;449.899829;
1.082173;437.377948;
1.101851;450.247406;
1.112926;453.114537;
1.045280;427.147224;
1.108549;452.305187;
1.119234;458.924182;
1.079441;440.051387;
1.054669;434.055655;
1.123370;457.058980;
1.164295;474.373161;
1.116306;458.547632;
1.056185;432.365482;
1.120597;455.274030;
1.104549;451.571421;
1.110047;453.192366;
1.094122;449.752144;
1.126912;456.949814;
1.050468;428.730286;
1.104100;455.496783;
1.096815;448.071008;
1.113897;454.185991;
1.094447;441.964530;
1.127523;459.318350;
1.127331;455.705427;
1.061716;431.906809;
1.100841;443.425798;
1.096258;443.765546;
1.062197;433.834413;
1.084255;442.551181;
1.081354;439.516215;
1.097643;449.157375;
1.150122;469.314536;
1.160124;471.159272;
1.132062;459.020092;
1.107135;452.620588;
1.096744;453.568420;
1.081162;442.669276;
1.111575;456.231112;
1.104127;448.140357;
1.133002;460.250965;
1.057619;431.902212;
1.091776;445.662971;
1.100645;449.815102;
1.117935;454.400672;
1.114628;452.671677;
1.073642;439.981226;
1.102002;450.070300;
1.123020;459.051976;
1.135829;462.300179;
1.125388;455.459035;
1.073707;437.307268;
1.103280;452.018256;
1.104641;451.828572;
1.100810;449.738593;
1.096286;447.702861;
1.104377;449.616480;
1.118963;452.745029;
1.097709;447.692653;
1.120907;454.161950;
1.068687;440.253154;
1.089571;448.619408;
1.115996;456.444736;
1.150740;468.547251;
1.055030;428.087717;
1.117290;456.245219;
1.127708;459.213671;
1.110047;455.932395;
1.153127;472.190027;
1.100026;445.144561;
1.091310;441.632827;
1.119784;455.363346;
1.083299;443.879692;
1.039899;423.984343;
1.084270;442.274638;
1.093650;445.016324;
1.056713;430.334024;
1.149419;467.027545;
1.140900;464.494295;
1.103293;449.517272;
1.125202;464.854149;
1.121411;457.121082;
1.093971;446.880218;
1.178230;479.307895;
1.131362;450.951828;
1.123773;458.396561;
1.115987;451.264792;
1.147117;468.523218;
1.042291;425.155064;
1.090869;444.438615;
1.154482;472.910607;
1.089512;444.322100;
1.105994;453.773159;
1.121639;460.610898;
1.129872;459.815831;
1.110767;453.436730;
1.143036;466.091726;
1.132857;462.474171;
1.120921;459.247624;
1.096895;446.102151;
1.096100;445.876864;
1.140876;464.566649;
1.117895;455.214825;
1.075622;437.184853;
1.101192;447.293480;
1.098589;448.987048;
1.093101;445.541676;
1.100606;446.310296;
1.082513;442.693424;
1.118675;457.223362;
1.120464;457.470251;
1.092070;445.116139;
1.065779;432.067891;
1.114939;454.356709;
1.115973;451.503509;
1.109361;451.482606;
1.139636;460.573868;
1.061665;427.458657;
1.094564;442.322381;
1.109913;450.360730;
1.085067;441.257652;
1.091705;445.515116;
1.146935;468.347994;
1.080903;439.553472;
1.104292;452.445487;
1.149230;471.649400;
1.096193;446.068420;
1.074381;439.027281;
1.132223;465.433515;
1.144754;467.969784;
1.097277;446.251369;
1.093560;448.976202;
1.135033;463.023507;
1.071555;436.307904;
1.092578;447.982408;
1.146403;465.258759;
1.083309;440.789206;
1.095741;450.092281;
1.135300;458.120096;
1.153098;468.610152;
1.111115;452.766697;
1.116034;449.577230;
1.100686;450.914563;
1.133070;461.663794;
1.055448;433.473340;
1.065661;436.051269;
1.064300;435.466691;
1.075652;435.959260;
1.107852;451.621692;
1.106932;452.231457;
1.095263;445.975182;
1.101533;452.820620;
1.087080;448.271377;
1.156956;468.138229;
1.121869;459.303696;
1.048258;424.960379;
1.077164;439.359696;
1.082692;438.579810;
1.121538;454.328906;
1.113690;455.019522;
1.117253;457.696996;
1.072016;437.616730;
1.138299;461.741476;
1.106322;452.672851;
1.131879;462.102265;
1.107973;452.472529;
1.107042;447.202733;
1.074434;441.473667;
1.094885;443.419663;
1.096230;448.161456;
1.095514;447.354685;
1.091313;443.551565;
1.092230;446.422609;
1.148242;467.637036;
1.141489;465.787094;
1.093442;443.547931;
1.121160;455.957420;
1.073572;439.081327;
1.147171;463.050876;
1.064945;429.661238;
1.095853;445.221878;
1.127727;457.919356;
1.077313;439.951546;
1.100123;446.726254;
1.124094;457.143620;
1.106416;449.690323;
1.067066;436.260822;
1.108041;450.762063;
1.105183;449.349137;
1.126644;458.708317;
1.126342;458.941347;
1.109081;449.918382;
1.112937;451.670281;
1.142144;466.938080;
1.096356;449.839793;
1.107775;450.954181;
1.116129;455.764924;
1.119374;458.613607;
1.047395;423.390127;
1.084572;443.287897;
1.117388;455.814375;
1.104559;449.842784;
1.119687;454.912000;
1.123336;455.459490;
1.109653;452.052096;
1.077241;439.156276;
1.142249;463.303458;
1.105150;452.325541;
1.050908;433.038088;
1.125690;461.860977;
1.101406;447.829159;
1.109977;452.868092;
1.087398;443.066024;
1.097238;446.781712;
1.098205;449.779968;
1.090807;446.229296;
1.116811;456.196897;
1.128977;456.421587;
1.078373;439.416912;
1.083908;444.803320;
1.064563;433.898881;
1.089933;445.863165;
1.095249;447.784200;
1.044925;427.538678;
1.113315;456.616041;
1.045532;430.055585;
1.033144;418.330389;
1.107639;450.161207;
1.144779;470.270806;
1.117333;455.990403;
1.134497;464.188235;
1.137942;467.448659;
1.089093;443.767381;
1.054472;429.903016;
1.128306;459.725651;
1.118596;454.854616;
1.069517;434.148933;
1.079380;438.883121;
1.095722;443.981757;
1.095430;447.077273;
1.091491;442.667508;
1.106089;448.746495;
1.108165;452.248360;
1.103911;450.824045;
1.075700;440.760262;
1.120979;459.151592;
1.083456;446.815546;
1.087758;443.148806;
1.083617;444.223144;
1.108925;451.871401;
1.104237;450.363380;
1.100251;448.567856;
1.110382;455.739904;
1.078159;439.703466;
1.102886;449.608787;
1.051086;430.955599;
1.112811;451.359906;
1.131433;460.892007;
1.081471;442.421228;
1.126471;457.736268;
1.090634;445.203178;
1.127967;462.018871;
1.128835;460.081863;
1.099084;448.699844;
1.137377;462.524496;
1.118812;454.000319;
1.115108;453.788111;
1.070641;429.842249;
1.096356;443.237675;
1.052826;422.548020;
1.106355;448.945910;
1.155686;469.541221;
1.111994;451.628014;
1.106947;448.212773;
1.104016;446.796864;
1.107137;451.083290;
1.105962;450.757897;
1.073355;435.719336;
1.121652;457.318863;
1.163151;475.318799;
1.074146;437.261181;
1.113719;454.960535;
1.100592;451.303884;
1.084534;443.849544;
1.077137;441.986467;
1.103712;446.570785;
1.113941;452.699324;
1.100651;448.449100;
1.094242;445.737163;
1.084579;436.642964;
1.097603;445.767152;
1.078822;438.978948;
1.106737;451.499834;
1.085711;439.317693;
1.104168;448.618391;
1.082675;439.766264;
1.061161;430.902760;
1.131867;464.582321;
1.097263;447.760747;
1.125423;460.124381;
1.102880;450.479169;
1.129981;461.183778;
1.114444;453.207476;
1.128837;459.772659;
1.115577;458.755829;
1.121692;457.403870;
1.056331;430.086187;
1.104273;448.565253;
1.110510;452.397059;
1.133208;458.558529;
1.101340;448.909568;
1.131515;459.039115;
1.120826;458.833628;
1.107005;451.512369;
1.115592;457.786484;
1.092853;449.825803;
1.129503;462.843509;
1.091435;448.439590;
1.091143;444.203705;
1.099484;449.156499;
1.132877;462.943156;
1.123418;454.466292;
1.082953;441.827595;
1.132013;462.173670;
1.070356;439.470478;
1.140324;463.341553;
1.122043;452.996785;
1.127428;463.837796;
1.107066;449.878940;
1.062057;435.345635;
1.070401;440.209125;
1.090988;442.091272;
1.107429;455.700242;
1.085956;444.052105;
1.091687;441.597200;
1.162179;473.235065;
1.115258;458.350990;
1.104135;450.380587;
1.082493;439.310935;
1.102374;451.750527;
1.085358;441.784521;
1.096555;449.330978;
1.103065;448.577571;
1.117345;446.533137;
1.094546;448.297475;
1.105378;450.936199;
1.087173;443.322631;
1.139970;469.274591;
1.117518;455.099734;
1.132983;463.304062;
1.068690;435.710538;
1.107997;451.115849;
1.125508;461.649580;
1.095728;446.204321;
1.067305;432.759050;
1.111782;445.404894;
1.080221;439.014613;
1.109090;454.040445;
1.128134;458.423505;
1.068432;435.261123;
1.135699;460.040303;
1.067451;431.404836;
1.082205;441.177654;
1.095485;447.258660;
1.098462;450.912121;
1.142624;465.632961;
1.079534;438.106062;
1.097324;444.357800;
1.099862;448.033643;
1.112089;451.402433;
1.092682;445.381023;
1.081223;443.395158;
1.091565;443.182575;
1.058044;429.650305;
1.117460;458.465369;
1.075807;437.767818;
1.115878;455.685040;
1.109760;454.139179;
1.113801;453.099735;
1.091988;443.588100;
1.111804;452.651064;
1.092551;441.511124;
1.106533;451.078365;
1.079302;442.117287;
1.083810;440.157122;
1.108032;454.176326;
1.073363;434.048403;
1.077595;439.884362;
1.085765;439.740873;
1.071767;433.976285;
1.086773;446.037873;
1.116489;455.088090;
1.107570;450.253183;
1.108220;451.175876;
1.116055;455.560255;
1.148975;470.849864;
1.120200;459.596814;
1.105867;453.352752;
1.141998;467.125766;
1.118313;458.168247;
1.059758;435.081603;
1.129253;461.777062;
1.093811;444.573215;
1.068549;434.591141;
1.089347;439.073436;
1.076241;436.602439;
1.083798;443.156250;
1.070311;436.117796;
1.068684;435.738707;
1.151675;469.229262;
1.080600;437.112193;
1.100713;446.944535;
1.106810;450.499543;
1.143708;463.837185;
1.094297;445.351273;
1.094432;447.588617;
1.110170;452.968858;
1.089371;445.903498;
1.152338;466.686846;
1.131249;458.545041;
1.121047;457.318985;
1.165121;475.317415;
1.102568;449.679122;
1.096871;449.129426;
1.112793;451.433007;
1.128657;456.216856;
1.103136;450.808482;
1.077947;437.265512;
1.093352;444.368108;
1.168844;474.034359;
1.115141;455.829295;
1.099830;449.603042;
1.104146;444.870083;
1.099109;444.668987;
1.074720;440.415020;
1.103188;447.663253;
1.130363;460.907159;
1.110941;449.858297;
1.082288;442.196973;
1.093309;446.501488;
1.079015;439.513419;
1.100115;448.593237;
1.086902;443.820206;
1.075165;433.334433;
1.124999;456.715981;
1.090838;445.331958;
1.073826;438.095036;
1.094810;448.071426;
1.153636;471.904598;
1.110423;448.607069;
1.118963;456.944267;
1.096214;444.727932;
1.086239;440.989432;
1.070011;435.674070;
1.062479;428.781923;
1.058900;428.821527;
1.092699;442.058087;
1.084947;436.829377;
1.095075;440.539006;
1.124972;457.499779;
1.037902;423.453894;
1.099352;446.334374;
1.067120;434.323776;
1.121963;457.367333;
1.089987;445.618787;
1.103269;450.990461;
1.099594;445.047308;
1.097940;446.686085;
1.102459;449.206578;
1.116530;456.511835;
1.066542;436.086462;
1.081170;442.774065;
1.091293;449.988456;
1.087427;443.916046;
1.051729;427.854334;
1.078069;437.407654;
1.109252;456.438693;
1.104564;451.427504;
1.092969;446.966395;
1.077659;439.768671;
1.096262;446.201273;
1.129388;457.567972;
1.065640;433.243977;
1.125719;460.933464;
1.069084;436.174395;
1.128757;458.661755;
1.113630;451.182248;
1.088221;444.541326;
1.093861;443.251946;
1.083952;439.443175;
1.127134;451.649450;
1.091138;440.802453;
1.108361;451.576251;
1.066407;434.110300;
1.125824;461.162906;
1.093489;448.871758;
1.084552;442.624501;
1.096236;447.729231;
1.116649;455.123133;
1.112001;453.238997;
1.123934;458.996398;
1.061664;433.940122;
1.105963;451.479972;
1.100444;449.817527;
1.101598;449.393938;
1.127274;458.565572;
1.100854;444.328323;
1.123383;462.969303;
1.125698;458.770599;
1.091146;444.365422;
1.100074;448.253538;
1.056736;431.305450;
1.085601;443.972720;
1.123353;457.774417;
1.132171;465.143555;
1.094649;445.579017;
1.109849;452.447563;
1.074100;436.489432;
1.124325;458.703851;
1.047052;427.181480;
1.106309;448.627305;
1.152441;467.527947;
1.083093;441.528949;
1.106851;451.441804;
1.120557;454.903225;
1.068417;434.336860;
1.116776;456.769664;
1.136069;461.174385;
1.118461;453.239039;
1.136019;465.147689;
1.130591;464.225220;
1.103118;450.502650;
1.128809;457.865472;
1.079185;438.107680;
1.102781;450.538406;
1.098712;445.618527;
1.126591;454.484520;
1.103018;447.780226;
1.155836;470.026909;
1.107748;450.761215;
1.093737;447.640470;
1.116289;456.071591;
1.099359;449.033955;
1.121053;461.278620;
1.102510;448.118309;
1.119740;456.404528;
1.102705;449.722227;
1.116380;452.821409;
1.129123;457.423026;
1.098107;444.895443;
1.096100;443.891052;
1.092061;447.402616;
1.090086;441.805856;
1.098837;446.423357;
1.128835;458.235509;
1.056387;428.410369;
1.124872;456.693858;
1.119647;454.158297;
1.106960;449.745680;
1.103897;447.554002;
1.081352;441.669302;
1.070152;435.699042;
1.088363;443.112831;
1.069367;439.985894;
1.153193;472.422298;
1.082675;441.532151;
1.137475;466.917592;
1.105842;451.450366;
1.096939;441.522667;
1.090846;439.781971;
1.101379;447.396407;
1.071586;438.878773;
1.116215;452.160289;
1.080534;441.512860;
1.093214;445.242155;
1.102580;449.239114;
1.105664;448.040758;
1.106252;450.292706;
1.119025;456.501174;
1.109207;447.556265;
1.067816;433.987581;
1.073970;441.319284;
1.140019;464.926051;
1.101886;447.937925;
1.069129;432.975376;
1.098416;447.905332;
1.132466;462.938457;
1.089527;449.177496;
1.104844;450.213551;
1.110476;456.680691;
1.105846;448.613316;
1.143786;467.315357;
1.126276;459.268607;
1.123440;454.102196;
1.067477;436.877336;
1.085028;446.100831;
1.122311;457.817694;
1.098083;443.788148;
1.071180;435.216616;
1.086089;443.424521;
1.134175;463.125107;
1.093352;446.310256;
1.073918;438.187607;
1.103061;451.154818;
1.079797;443.844538;
1.084503;441.970617;
1.073496;436.953365;
1.100640;447.263491;
1.072229;443.130157;
1.134650;465.554647;
1.059515;432.237840;
1.106675;450.997198;
1.165925;467.700988;
1.122978;454.906132;
1.108509;455.197191;
1.115254;455.540122;
1.092434;444.078525;
1.124777;457.492002;
1.115568;451.747428;
1.099400;444.908465;
1.087940;445.342677;
1.084481;441.634368;
1.117187;453.863391;
1.100289;441.314795;
1.148862;465.618462;
1.115944;450.868306;
1.075325;437.985544;
1.081430;437.022482;
1.091133;440.876883;
1.116700;457.496339;
1.111314;453.248529;
1.112786;452.076948;
1.098430;448.333273;
1.067572;436.319880;
1.074263;442.372208;
1.093831;445.906289;
1.096038;447.769204;
1.112448;453.198736;
1.086949;445.049358;
1.132956;465.454569;
1.118794;454.813147;
1.068326;437.376076;
1.089991;443.237521;
1.142851;465.596564;
1.110490;450.902962;
1.089829;445.758138;
1.093668;443.935563;
1.061736;429.879097;
1.139262;463.763630;
1.126522;453.142794;
1.102419;446.192818;
1.078081;438.172144;
1.151431;463.002378;
1.141827;467.251658;
1.133553;460.922099;
1.122099;457.292530;
1.100909;449.333116;
1.105028;452.337716;
1.074885;439.382172;
1.097939;443.117973;
1.104682;452.235343;
1.087690;444.965456;
1.062015;434.319107;
1.119714;456.145716;
1.109869;454.831975;
1.140707;465.304169;
1.100665;447.420715;
1.072931;436.341794;
1.130811;453.223328;
1.094849;445.885067;
1.098099;446.505340;
1.100507;448.940128;
1.086733;442.724338;
1.111652;452.592672;
1.098579;448.908425;
1.119814;454.131222;
1.090520;445.002071;
1.110009;448.892683;
1.078573;438.180718;
1.085625;440.376526;
1.105028;452.672709;
1.111529;448.726924;
1.089908;440.872168;
1.068811;436.951992;
1.116582;452.903242;
1.049186;424.400904;
M0:0.005360
W0;O:0.000373;R:385.635833
1.121911;451.091971;
1.090271;444.050546;
1.062974;428.101432;
1.077217;440.079407;
1.097571;448.075485;
1.136388;462.709377;
1.099533;449.979045;
1.140396;465.637504;
1.076817;436.715777;
1.082756;438.687857;
1.108388;453.740002;
1.108863;449.691703;
1.089428;444.448429;
1.082189;437.980282;
1.088428;444.465870;
1.128832;461.069487;
1.063113;430.779055;
1.135961;462.694739;
1.120459;456.258840;
1.090351;446.979240;
1.091719;447.576340;
1.123980;456.467803;
1.153375;469.986253;
1.104820;448.837772;
1.077558;436.351002;
1.122764;454.768616;
1.128936;458.695327;
1.102539;449.069966;
1.134102;466.582610;
1.125839;461.149145;
1.078172;444.197768;
1.079456;438.318929;
1.171911;475.651682;
1.085423;444.363375;
1.060778;435.266063;
1.075976;439.276898;
1.068469;436.877302;
1.101400;451.249435;
1.092815;445.593420;
1.135643;463.078154;
1.094380;445.717273;
1.064932;435.481321;
1.086613;442.987220;
1.062945;434.587200;
1.092886;442.514174;
1.129897;463.178362;
1.126792;459.180826;
1.091107;445.714074;
1.135722;464.813627;
1.098034;445.383989;
1.085289;447.206254;
1.126691;456.471883;
1.121064;458.821319;
1.103544;450.888254;
1.175440;479.520798;
1.082263;439.323074;
1.108771;450.425439;
1.091886;437.412231;
1.086910;433.577019;
1.112471;445.844640;
1.119099;447.863726;
1.132941;453.834941;
1.097219;442.438677;
1.098326;447.791654;
1.108171;449.867513;
1.143726;464.735089;
1.110523;453.114018;
1.111503;453.326590;
1.110802;450.928276;
1.089011;446.560351;
1.061013;432.266995;
1.121264;455.583270;
1.102120;448.841970;
1.046619;426.480924;
1.027297;421.276055;
1.121640;452.532723;
1.126997;458.670568;
1.064850;434.881811;
1.123781;457.935365;
1.119038;455.228699;
1.084300;441.333882;
1.092414;446.233216;
1.081525;445.863167;
1.093344;443.218718;
1.127807;467.658351;
1.109064;452.668261;
1.109190;450.142332;
1.145520;465.205621;
1.102116;447.134936;
1.070172;438.123972;
1.095424;443.833946;
1.079659;436.443390;
1.112387;456.845924;
1.067859;436.651696;
1.094166;450.209659;
1.082649;441.206503;
1.079981;440.553749;
1.085602;441.038837;
1.120792;456.917359;
1.063404;433.001813;
1.135792;461.368502;
1.177710;478.682115;
1.105158;451.887359;
1.130565;455.732854;
1.107098;446.916794;
1.092421;445.312859;
1.136489;458.441847;
1.151016;464.205575;
1.107105;450.191798;
1.069571;433.841748;
1.157220;469.298087;
1.112010;448.232243;
1.141739;464.728010;
1.113709;456.752762;
1.092175;442.042608;
1.116075;452.177209;
1.124774;459.706364;
1.107245;448.969787;
1.083863;439.639920;
1.089214;440.249865;
1.110976;453.938141;
1.095249;444.666635;
1.095468;444.219035;
1.083570;442.012812;
1.077684;440.575748;
1.092203;444.569397;
1.120216;457.678189;
1.076309;436.487393;
1.111776;449.815685;
1.109942;451.484487;
1.110122;451.215026;
1.105757;449.804865;
1.115715;457.625588;
1.124950;460.790608;
1.096672;448.341397;
1.075914;439.450470;
1.071953;436.574062;
1.086028;443.668600;
1.160907;476.314087;
1.122750;456.721188;
1.096158;448.676410;
1.117257;452.880860;
1.128163;457.481470;
1.063192;429.772557;
1.102767;448.543378;
1.099592;448.416282;
1.094750;446.012139;
1.110531;451.092501;
1.124329;459.164542;
1.102203;449.097258;
1.061973;433.787428;
1.083521;441.268131;
1.127329;461.555395;
1.100927;452.188130;
1.098540;449.874239;
1.110987;452.925964;
1.057687;432.937819;
1.138182;467.868599;
1.105745;453.859782;
1.113990;457.221861;
1.093054;447.054479;
1.072022;437.435421;
1.119389;459.675189;
1.121648;458.908572;
1.078849;443.927273;
1.097229;452.024659;
1.115290;454.817734;
1.082936;442.040287;
1.113676;451.776518;
1.075410;437.719995;
1.156720;469.503754;
1.094275;444.945718;
1.120399;458.643632;
1.063179;432.525849;
1.116159;457.171642;
1.070400;437.895005;
1.106313;454.195069;
1.068260;432.742712;
1.131982;462.134985;
1.115535;450.513313;
1.124550;456.746490;
1.047259;427.436211;
1.109065;451.131225;
1.145777;467.908501;
1.083219;442.153115;
1.129021;459.702164;
1.104152;450.825801;
1.122973;459.608285;
1.125549;459.676798;
1.102369;450.011049;
1.098379;446.000493;
1.079527;436.660716;
1.125484;456.592149;
1.088164;443.234799;
1.066757;431.304859;
1.078748;439.106841;
1.078590;439.344440;
1.119617;455.172587;
1.078134;436.844567;
1.097018;447.320568;
1.136703;465.323569;
1.112014;449.887334;
1.101394;450.950936;
1.092920;444.224193;
1.110624;452.611195;
1.119957;454.594574;
1.100483;439.968475;
1.120273;453.744657;
1.095328;449.815757;
1.071155;435.772810;
1.096550;449.276616;
1.108741;455.074052;
1.114608;457.924746;
1.078593;439.523850;
1.069539;436.626482;
1.116788;457.600277;
1.090945;448.952773;
1.140836;464.513163;
1.098887;447.064740;
1.099235;451.524735;
1.055176;434.105730;
1.125991;459.166434;
1.111424;455.614042;
1.083831;444.251025;
1.098028;453.218330;
1.101921;451.113257;
1.105791;449.358179;
1.061935;433.874226;
1.122666;456.952805;
1.101509;449.024394;
1.154087;467.380512;
1.089903;441.510801;
1.151568;465.010491;
1.127864;464.035711;
1.132504;460.462364;
1.081392;443.361302;
1.074139;435.102092;
1.091730;442.141012;
1.110459;451.316087;
1.127904;455.226384;
1.135236;462.469001;
1.138201;463.999268;
1.078728;440.620889;
1.117601;452.786131;
1.090990;447.017094;
1.107715;448.577878;
1.125657;462.407509;
1.132119;463.212212;
1.118472;454.327214;
1.082783;440.389313;
1.120556;457.400332;
1.114398;454.729754;
1.150956;475.026982;
1.108123;450.191520;
1.133326;463.168751;
1.121258;458.674675;
1.102628;453.095209;
1.126863;459.614009;
1.099575;450.229019;
1.120811;455.199347;
1.107089;444.423235;
1.065072;431.210680;
1.120828;458.935766;
1.081711;440.499919;
1.092134;447.441922;
1.052281;428.435510;
1.110661;453.322211;
1.139148;463.714531;
1.067113;434.312987;
1.097434;448.026513;
1.084826;442.993781;
1.070852;436.833952;
1.124454;459.623923;
1.138172;460.512220;
1.050574;429.701872;
1.112355;449.789534;
1.134003;459.521374;
1.117783;457.142806;
1.121179;457.013983;
1.085880;440.069799;
1.103714;449.901985;
1.072545;438.780842;
1.097388;442.381089;
1.111138;452.667296;
1.117031;453.544044;
1.115865;455.251902;
1.109712;452.482610;
1.123659;454.200474;
1.099668;441.872930;
1.125371;455.968567;
1.111152;448.585982;
1.094668;446.238439;
1.094658;449.399621;
1.117044;455.355592;
1.075995;442.073879;
1.079458;440.356395;
1.074072;441.078420;
1.102210;448.841110;
1.096641;449.186255;
1.081067;442.021017;
1.077819;434.909366;
1.080807;439.971812;
1.122429;458.791471;
1.141961;461.115239;
1.135953;459.773841;
1.027405;416.364672;
1.098443;446.624341;
1.096032;445.815129;
1.089785;445.322833;
1.069417;433.412483;
1.060363;435.568168;
1.098151;450.612046;
1.112453;456.383637;
1.040577;425.775867;
1.109612;453.739598;
1.096525;449.711089;
1.089573;445.843408;
1.132692;466.891655;
1.081766;444.597498;
1.103162;450.366983;
1.085912;438.069594;
1.073091;436.964756;
1.096906;443.432310;
1.161884;472.979123;
1.124359;457.019298;
1.103779;449.815079;
1.093985;446.741589;
1.074636;441.155503;
1.078968;442.161919;
1.156113;464.936995;
1.132794;462.795092;
1.093857;447.114946;
1.102896;449.810805;
1.134456;462.129311;
1.088382;440.905092;
1.090675;446.810047;
1.071856;436.788134;
1.117117;458.649802;
1.099394;449.608748;
1.076198;441.554551;
1.076131;437.828784;
1.120801;459.685382;
1.085169;443.123127;
1.118361;457.843467;
1.126220;461.685673;
1.081684;439.880442;
1.096755;446.228952;
1.082184;443.105287;
1.088061;446.367980;
1.101975;448.724319;
1.081290;440.799156;
1.117298;457.025934;
1.093245;444.269477;
1.086375;439.854299;
1.126446;459.263107;
1.120413;457.219642;
1.146652;463.510975;
1.096026;449.029778;
1.143667;470.319087;
1.100107;449.118668;
1.125400;460.946120;
1.119490;459.362822;
1.112362;447.609469;
1.100335;448.999029;
1.107385;453.785590;
1.084969;446.670778;
1.118276;456.862430;
1.074511;440.839577;
1.092467;446.138592;
1.090260;445.641766;
1.057217;431.053932;
1.106495;453.426076;
1.081055;442.545677;
1.101443;449.142837;
1.095912;445.270267;
1.086522;442.654807;
1.135906;462.516552;
1.105860;447.268898;
1.086386;440.948743;
1.100043;445.304147;
1.164250;473.760363;
1.107875;449.914215;
1.093072;445.309016;
1.129408;452.185699;
1.101245;446.261016;
1.127484;456.989061;
1.076564;439.486039;
1.073850;440.578531;
1.114198;451.991114;
1.145591;470.802658;
1.099974;450.024792;
1.121284;457.195109;
1.112972;452.645496;
1.094006;443.473169;
1.103646;449.563544;
1.063210;437.393321;
1.078660;436.063118;
1.112985;453.107883;
1.095390;446.877422;
1.099105;446.735607;
1.135890;464.868720;
1.144743;463.649799;
1.107195;453.208423;
1.118675;459.020128;
1.103441;452.423652;
1.090061;447.044727;
1.098610;452.866859;
1.097534;450.741681;
1.096774;447.684642;
1.086138;445.807413;
1.134407;461.327747;
1.081220;445.824956;
1.092644;444.898895;
1.072849;436.129172;
1.070983;439.698200;
1.094345;446.058022;
1.127313;462.095981;
1.087683;446.075726;
1.128259;457.987156;
1.069489;437.555580;
1.139638;463.040484;
1.051033;427.507409;
1.066054;434.209201;
1.099196;447.536931;
1.081241;439.575240;
1.089052;448.424768;
1.066533;434.352522;
1.053084;429.552624;
1.110322;456.301727;
1.047783;427.475413;
1.087206;444.255966;
1.057845;433.346262;
1.062221;431.646798;
1.134668;462.142870;
1.077068;440.201119;
1.114597;452.047685;
1.095793;443.971316;
1.114603;452.073236;
1.090530;443.841409;
1.099287;451.263924;
1.122411;455.784407;
1.071706;441.586612;
1.138620;464.889730;
1.097883;448.692521;
1.038836;425.859364;
1.129024;457.549420;
1.098576;445.241840;
1.129535;461.444455;
1.102134;451.418591;
1.135814;463.006985;
1.086450;444.041353;
1.133910;463.967800;
1.112726;446.954406;
1.126070;452.802835;
1.084866;438.200880;
1.092778;439.614550;
1.078893;435.029142;
1.088535;442.583700;
1.071126;434.541408;
1.127018;462.373264;
1.050523;429.308378;
1.178690;482.627467;
1.115196;455.305381;
1.156829;471.522542;
1.082204;437.767327;
1.124695;451.108419;
1.156833;468.952559;
1.120804;457.562399;
1.081722;441.805038;
1.124158;463.226906;
1.063627;433.477190;
1.104419;451.656864;
1.083472;442.498180;
1.072452;440.599562;
1.099877;451.463741;
1.111570;452.390376;
1.095517;447.979185;
1.096294;444.638017;
1.106761;450.293672;
1.104784;452.944520;
1.116813;457.104088;
1.063515;434.576782;
1.086639;445.060792;
1.080585;443.905683;
1.117330;458.427455;
1.070420;439.094164;
1.152531;468.645148;
1.113276;458.912846;
1.122740;460.381025;
1.065973;434.943814;
1.079699;437.809771;
1.131376;456.746766;
1.097245;447.997016;
1.097935;449.598066;
1.159622;473.741106;
1.065813;434.576323;
1.097262;443.747550;
1.081753;442.460607;
1.077954;438.935252;
1.101361;451.340668;
1.103053;448.043254;
1.110527;451.406505;
1.097452;446.025520;
1.129569;459.900376;
1.081911;439.988056;
1.102095;449.170306;
1.135560;468.392030;
1.119523;461.418169;
1.125269;456.251924;
1.111333;454.735004;
1.112087;454.761994;
1.107077;451.890500;
1.180516;484.020470;
1.104836;450.873636;
1.133981;464.038606;
1.114152;457.592267;
1.111598;452.273447;
1.075499;439.122747;
1.095608;450.178172;
1.097355;448.602184;
1.078867;438.548474;
1.073812;436.909446;
1.167956;475.400582;
1.094599;447.738483;
1.103805;449.861502;
1.067405;437.378684;
1.067465;434.915642;
1.113014;454.862109;
1.126158;460.825544;
1.097922;448.513067;
1.078737;441.593494;
1.053226;432.257705;
1.133800;461.487887;
1.089890;449.110460;
1.072385;435.991498;
1.157258;470.833272;
1.090281;441.743525;
1.102564;452.621481;
1.070799;436.937734;
1.078826;439.971592;
1.130674;460.260456;
1.119503;457.799649;
1.072383;436.178047;
1.071745;438.159623;
1.117692;458.986825;
1.088818;442.287296;
1.144205;464.872658;
1.139516;462.793803;
1.094914;443.268727;
1.071539;435.402632;
1.155608;470.719851;
1.120676;459.450129;
1.089060;444.689086;
1.105034;452.053900;
1.064295;436.060742;
1.143317;469.124624;
1.070885;438.919825;
1.069789;433.692679;
1.064376;434.531743;
1.119962;457.414591;
1.113062;454.458640;
1.127942;457.502380;
1.107530;452.200092;
1.089037;439.812636;
1.110861;445.887212;
1.090931;441.606314;
1.070875;433.417308;
1.116421;451.779382;
1.126517;452.535698;
1.105222;449.054783;
1.119867;453.165299;
1.088434;442.168146;
1.073461;437.677586;
1.123283;456.888741;
1.099307;444.013689;
1.102416;449.268405;
1.114163;449.087335;
1.118589;454.457136;
1.079109;441.135374;
1.134488;459.678734;
1.134229;464.210274;
1.152359;468.448135;
1.103917;449.167362;
1.147166;463.173841;
1.104748;451.140037;
1.084517;445.889167;
1.106590;457.539545;
1.131989;461.966647;
1.119896;457.715536;
1.084670;441.093073;
1.115162;453.149147;
1.065136;433.985000;
1.118258;460.436622;
1.129036;462.859846;
1.139965;465.068701;
1.087498;445.005277;
1.081956;440.821608;
1.098990;446.107678;
1.136265;465.667572;
1.092921;444.617046;
1.094655;448.167088;
1.126231;454.014806;
1.109189;452.570155;
1.082690;439.733628;
1.069997;437.259124;
1.068352;435.969909;
1.095738;444.842528;
1.077992;437.431288;
1.133275;462.927907;
1.092829;443.080286;
1.099646;447.981099;
1.151570;460.070867;
1.099204;447.614987;
1.127956;457.865767;
1.118144;456.820891;
1.130027;457.439486;
1.097956;445.270016;
1.114294;455.042391;
1.097905;448.606582;
1.125926;457.730329;
1.110020;456.112330;
1.090534;448.381840;
1.091863;443.140293;
1.106513;456.284199;
1.110428;453.629348;
1.119467;456.323935;
1.153144;471.166400;
1.072634;438.001474;
1.086216;440.986937;
1.091581;445.481905;
1.111256;451.926396;
1.108891;453.726144;
1.127095;462.862247;
1.130242;463.864589;
1.102387;448.561387;
1.069267;433.847922;
1.101485;448.162390;
1.125813;459.442910;
1.125508;462.448981;
1.131186;457.976602;
1.121600;454.041625;
1.091906;446.034779;
1.131921;463.050161;
1.089542;442.840674;
1.088992;442.375871;
1.166709;475.921688;
1.116971;454.034514;
1.078086;437.355723;
1.099429;445.720139;
1.112439;455.160166;
1.072603;437.983850;
1.067812;432.729032;
1.097607;446.668067;
1.069494;437.313890;
1.096998;449.332096;
1.096559;444.125770;
1.123699;458.914861;
1.095745;446.185278;
1.070919;436.247640;
1.066565;434.952517;
1.099964;448.275839;
1.133389;460.808913;
1.111974;455.490426;
1.081949;443.199663;
1.129933;458.974750;
1.102511;447.076955;
1.110108;452.592607;
1.111650;451.694945;
1.137532;463.820383;
1.056399;432.603490;
1.130118;460.697544;
1.087993;440.498502;
1.084252;443.864471;
1.092372;446.793078;
1.074570;436.046449;
1.099337;447.284395;
1.126811;457.978547;
1.081404;438.621092;
1.087795;441.112496;
1.094999;445.088879;
1.048334;426.786613;
1.095624;445.181831;
1.106803;450.081182;
1.095942;446.210105;
1.078136;442.224005;
1.109226;452.884482;
1.102704;448.069785;
1.104207;449.970243;
1.129017;461.332195;
1.108617;452.215217;
1.099590;449.256116;
1.123543;458.626683;
1.099982;453.268589;
1.094631;445.858512;
1.117517;454.891759;
1.090761;444.291478;
1.118123;459.137381;
1.116173;456.263484;
1.094158;444.150546;
1.110910;448.678570;
1.135437;460.489458;
1.123913;455.210288;
1.099471;445.403745;
1.111245;449.167835;
1.081926;435.074403;
1.095604;446.126344;
1.141230;463.722967;
1.137889;461.013263;
1.113691;454.590540;
1.098896;450.063377;
1.106241;449.892996;
1.109569;454.416183;
1.090499;444.817617;
1.075599;439.261264;
1.093232;447.581031;
1.108851;449.551965;
1.109617;453.245941;
1.100436;446.372908;
1.103590;449.779022;
1.095628;443.540977;
1.114490;454.549241;
1.120092;457.360164;
1.096949;448.079536;
1.118735;455.956169;
1.103222;444.796838;
1.100001;448.735443;
1.108140;451.367557;
1.126960;460.259924;
1.092580;442.434796;
1.147996;472.598759;
1.111808;457.123544;
1.100757;449.063888;
1.086999;441.946414;
1.140693;464.499616;
1.087672;446.626621;
1.150961;461.173277;
1.091948;441.676734;
1.101195;449.605328;
1.064296;433.759177;
1.100603;448.592542;
1.129156;462.247251;
1.078626;443.689912;
1.115878;456.978753;
1.065106;433.970281;
1.132728;461.556463;
1.143762;465.670626;
1.121184;457.655521;
1.095900;450.645705;
1.142946;463.887500;
1.123926;456.751760;
1.086829;442.819420;
1.096272;449.850329;
1.085226;444.433670;
1.043001;426.820567;
1.109810;453.163943;
1.113955;458.191572;
1.093250;445.322129;
1.073534;441.439414;
1.040129;422.211525;
1.106660;453.862955;
1.099713;450.975472;
1.105069;456.172939;
1.060682;432.306925;
1.160338;476.582413;
1.094815;446.165547;
1.129301;454.732218;
1.097119;443.953093;
1.057713;429.657542;
1.139865;464.630366;
1.082947;442.560476;
1.162856;474.236217;
1.112721;455.634885;
1.108476;454.711448;
1.093301;444.805918;
1.069186;438.713844;
1.076477;442.998465;
1.140754;465.382599;
1.168119;476.857825;
1.157256;473.294741;
1.121126;456.350611;
1.085285;439.052310;
1.106690;447.231123;
1.151039;466.611750;
1.102564;448.172485;
1.098947;446.201227;
1.110378;445.639654;
1.098665;445.885395;
1.096860;442.416537;
1.084637;436.668124;
1.079888;438.719762;
1.123349;455.641667;
1.083247;439.408559;
1.110111;448.579246;
1.095335;444.400773;
1.076880;439.795701;
1.100936;447.801348;
1.098996;446.553485;
1.129006;459.891943;
1.095342;446.381176;
1.076230;437.053847;
1.095008;447.744487;
1.088924;441.486269;
1.098143;450.645937;
1.096556;445.708692;
1.062884;433.524736;
1.126306;459.464089;
1.108402;452.716110;
1.081893;442.788910;
1.086828;445.048699;
1.123912;461.987211;
1.080623;441.075134;
1.078149;440.770905;
1.112774;452.312950;
1.140891;466.463595;
1.108583;456.059049;
1.094083;447.735893;
1.124542;459.570785;
1.077915;438.241408;
1.081859;441.359117;
1.131998;462.920601;
1.085665;445.498507;
1.054881;429.494991;
1.091051;446.419358;
1.106113;448.147481;
1.093409;447.349826;
1.117289;458.474672;
1.102415;452.131077;
1.078871;437.046268;
1.076507;443.819236;
1.096671;448.389878;
1.092745;449.666651;
1.066177;432.421075;
1.111043;451.818804;
1.150825;467.835808;
1.108782;449.627472;
1.114348;450.285146;
1.085116;443.324492;
1.120272;453.812655;
1.084302;441.174897;
1.076908;437.470647;
1.155641;471.544852;
1.074726;439.658094;
1.120589;458.942577;
1.079309;438.218162;
1.115004;454.065372;
1.090774;446.838017;
1.132410;462.863104;
1.117070;457.355385;
1.141748;465.652778;
1.059280;433.904716;
1.145110;464.880592;
1.085328;443.848898;
1.116488;459.140995;
1.102841;453.753051;
1.105781;455.381921;
1.114643;457.398703;
1.084641;446.352993;
1.080093;440.361383;
1.110768;454.917208;
1.081056;439.874581;
1.162683;474.594637;
1.100566;447.900915;
1.068086;436.896061;
1.079477;441.875206;
1.125965;456.925629;
1.094033;440.730405;
1.123831;457.463707;
1.077998;442.497002;
1.117936;455.791419;
1.139662;468.192981;
1.120253;457.664998;
1.090347;448.863317;
1.137555;464.088220;
1.119762;460.140350;
1.077716;440.426975;
1.096373;449.723171;
1.080213;438.757542;
1.148817;468.711407;
1.138619;465.298030;
1.104763;450.400999;
1.108498;447.400890;
1.063405;434.244870;
1.096827;447.906363;
1.046241;427.340972;
1.091308;446.954918;
1.113103;456.327027;
1.114131;450.233056;
1.166837;473.507915;
1.081525;436.184269;
1.107643;447.274228;
1.128996;459.293367;
1.135051;461.649503;
1.114602;455.190137;
1.072190;438.716609;
1.120851;454.856047;
1.124734;469.937901;
1.006962;427.484564;
1.024941;437.929785;
1.111161;479.775949;
W1;O:0.000622;R:551.425437
W2;O:0.000578;R:550.590376
W3;O:0.000569;R:551.149822
W4;O:0.000631;R:550.704479
W5;O:0.000607;R:551.475631
