0.997382;426.101248;
1.014658;435.209851;
1.033507;446.728007;
1.051905;444.592437;
1.071630;451.142541;
1.094896;466.000322;
1.090037;441.646076;
1.071876;440.072109;
1.061089;425.264690;
1.110904;455.531941;
1.154677;469.316734;
1.160772;470.422082;
1.077208;441.279234;
1.058463;438.113243;
1.169963;465.905090;
1.189581;483.208750;
1.119490;459.285213;
1.084129;439.678419;
1.072307;434.383073;
1.105171;453.666524;
1.037145;419.451231;
1.147463;475.336189;
1.199280;485.124540;
1.148689;475.673589;
1.148788;463.501694;
1.053950;423.806395;
1.039148;421.602289;
1.102984;451.016088;
1.053163;428.640739;
1.103445;449.221755;
1.072978;440.825657;
1.128587;457.494741;
1.135921;466.347376;
1.151192;471.121154;
1.122764;454.847295;
1.176648;476.772361;
1.112677;455.179529;
1.129504;457.924772;
1.073219;438.090041;
1.112763;458.556090;
1.106733;446.132749;
1.103777;451.694016;
1.072037;441.440831;
1.025511;418.481434;
1.161365;472.429700;
1.093037;441.288521;
1.171672;476.438890;
1.125836;457.118001;
1.049048;430.429630;
1.093976;442.134240;
1.138277;463.628415;
1.112910;458.833452;
1.138537;461.968874;
1.127548;456.097824;
1.059822;431.413901;
1.131240;456.988341;
1.071071;434.995695;
1.091147;441.482417;
1.145833;473.023299;
1.104353;456.007109;
1.112257;446.536008;
1.145476;472.475383;
1.076759;438.654111;
1.145475;469.559646;
1.062778;437.430676;
1.115671;457.928788;
1.070544;433.047293;
1.137706;466.145752;
1.049920;429.341149;
1.120903;455.544680;
1.072854;436.323729;
1.157984;465.097563;
1.093856;445.003538;
1.082745;437.153399;
1.128802;462.548373;
1.123895;450.968900;
1.108801;453.826892;
1.128193;456.450046;
1.043912;425.818421;
1.084691;443.081801;
1.129201;460.098242;
1.150038;471.377672;
1.110579;453.218758;
1.126656;457.438566;
1.039789;423.496619;
1.017934;417.448652;
1.133789;467.697409;
1.142517;467.950397;
1.053022;429.157268;
1.103988;452.345682;
1.130750;470.815546;
1.135530;465.694635;
1.129924;463.509120;
1.160062;475.707050;
1.141664;465.504583;
1.117048;452.684072;
1.146385;468.195211;
1.112606;453.145804;
0.999086;406.919569;
1.098891;443.899950;
1.174980;480.395028;
1.140662;467.337413;
1.026078;417.890289;
1.140316;464.405232;
1.101249;450.658998;
1.082917;442.915643;
1.031876;419.764918;
1.152088;472.006165;
1.087598;447.947338;
1.115193;453.544456;
1.093101;442.860148;
1.088888;440.972390;
1.167198;477.475212;
1.164459;472.433409;
1.033576;422.011486;
1.105818;446.734306;
1.152626;470.642197;
1.210541;500.014959;
1.190102;486.301240;
1.033728;421.950090;
1.104462;447.219527;
1.056942;431.741661;
1.128918;461.640923;
1.052918;427.906295;
1.079903;436.192160;
1.102265;449.253148;
1.072588;437.662196;
1.060243;433.706275;
1.103755;446.588991;
1.122468;456.985929;
1.103519;447.352006;
1.095861;449.300754;
1.121382;458.105279;
1.117530;448.345656;
1.061831;437.463997;
1.136842;470.641988;
1.183503;483.897269;
1.150004;468.412433;
1.031561;421.292397;
1.066841;427.387922;
1.093813;445.069048;
1.126353;458.115849;
1.051778;425.174599;
1.081589;437.385666;
1.172142;477.147840;
1.095810;447.583546;
1.029476;418.369019;
1.164679;471.663241;
1.057312;431.498942;
1.070619;432.464168;
1.029047;420.429335;
1.078530;439.046087;
1.093074;450.188204;
1.122499;459.662413;
1.014201;415.493591;
1.122457;454.756819;
1.090366;445.996396;
1.038001;426.171143;
1.067030;438.116130;
1.099157;456.080224;
1.089499;443.691571;
1.176500;484.805257;
1.147963;469.257805;
1.088267;439.649077;
1.161716;472.128926;
1.146858;473.076004;
1.023405;425.200900;
1.052987;435.018695;
1.125724;459.721856;
1.086890;441.698533;
1.130951;457.808928;
1.173964;475.881309;
1.066736;433.558695;
1.074837;440.328503;
1.100460;449.367657;
1.098168;442.318817;
1.112276;456.008703;
1.091509;446.324298;
1.098680;446.499575;
1.126364;456.109821;
1.068597;436.163806;
1.138110;465.526754;
1.065949;432.011682;
1.120960;453.604203;
1.128712;456.200406;
1.056688;431.010097;
1.190299;488.471634;
1.113825;448.903609;
1.146007;471.073215;
1.061863;434.844929;
1.206725;498.947996;
1.146423;470.943118;
1.039488;426.086928;
1.073103;438.756532;
1.158716;473.357883;
1.011775;408.969409;
1.092937;447.642519;
1.102291;458.351422;
1.145563;474.159025;
1.072795;438.047396;
1.055625;437.054586;
1.087766;440.982721;
1.054154;425.342545;
1.066516;435.328985;
1.109558;447.676423;
1.107230;449.850888;
1.151294;467.374224;
1.081755;434.281958;
1.086588;445.912468;
1.134480;461.660075;
1.083487;434.584264;
1.175309;474.710951;
1.006659;410.938950;
1.077503;432.487601;
1.179287;476.388190;
1.127278;459.102964;
1.119430;459.663480;
1.165496;471.844559;
1.128669;461.302436;
1.060747;427.099370;
1.100078;448.946445;
1.140211;462.082715;
1.162886;475.187791;
1.064225;428.647421;
1.020781;413.173569;
1.172526;472.110637;
1.186608;478.858573;
1.153549;460.131073;
1.115733;457.770918;
1.069802;435.550282;
1.087824;446.161400;
1.144937;465.831194;
1.091117;444.822171;
1.071290;445.059597;
1.059921;433.061352;
1.147873;460.630422;
1.120931;454.386721;
1.103972;443.988946;
1.097891;437.255077;
1.064566;435.308530;
1.077776;442.386224;
1.092915;447.787966;
1.085788;448.084458;
1.085644;442.162492;
1.061083;431.498667;
1.200604;485.670232;
1.109295;452.633174;
1.060205;428.270933;
1.177717;479.570111;
1.041744;426.892955;
1.082076;441.723347;
1.083233;446.070746;
1.071266;437.480285;
1.134978;469.703686;
1.080349;435.556154;
1.220269;498.769318;
1.087256;444.242076;
1.189295;484.732511;
1.150726;463.139706;
1.056985;433.729395;
1.109873;451.544537;
1.096164;447.605454;
1.169121;481.116487;
1.074310;435.037137;
1.083294;439.197498;
1.063503;435.623209;
1.044272;424.761671;
1.102367;448.753906;
1.133928;460.094078;
1.149438;468.196457;
1.114943;455.351641;
1.040215;421.433048;
1.022632;414.854931;
1.127123;462.956652;
1.126899;455.449751;
1.125692;457.763054;
1.054028;429.893692;
1.145690;463.463060;
1.137816;466.646613;
1.135276;462.503277;
1.080256;443.307982;
1.059577;425.990864;
1.096828;439.232688;
1.033555;425.061332;
1.163741;469.314280;
1.151574;465.321161;
1.124651;460.909259;
1.152265;468.218453;
1.210239;496.463059;
1.066405;434.698105;
1.055154;425.299544;
1.159956;475.225866;
1.131900;463.162794;
1.153385;468.025686;
1.057119;430.917851;
1.097589;445.438290;
1.169801;474.874845;
1.125813;465.522498;
1.106815;451.280186;
1.057415;429.681363;
1.100203;452.436713;
1.043147;427.830194;
1.158178;466.611450;
1.061017;432.468182;
1.171774;478.970613;
1.110932;453.366067;
1.133370;463.754207;
1.184697;479.519580;
1.096297;444.101532;
1.147715;463.174648;
1.103726;447.038569;
1.167911;475.762389;
1.022520;417.752622;
1.045928;426.580896;
1.159995;470.022925;
1.102609;449.738932;
1.117215;448.842004;
1.063239;434.983393;
1.129354;461.550504;
1.157251;468.482083;
1.095745;440.600250;
1.146272;467.566384;
1.062955;432.659543;
1.066989;435.402978;
1.107914;448.881549;
1.059011;436.386694;
1.088603;444.827400;
1.122333;461.796435;
1.193125;487.636730;
1.111269;449.090507;
1.043977;425.717183;
1.170197;474.736783;
1.112385;456.890244;
1.144565;465.586029;
1.063576;433.398553;
1.178241;479.823285;
1.103810;450.977773;
1.014667;417.003789;
1.146153;466.130505;
1.082490;449.056591;
1.085855;445.637728;
1.124710;460.336569;
1.149127;460.095512;
1.112090;453.513828;
1.128747;459.752991;
1.159430;466.108641;
1.040168;417.624455;
1.134571;458.038016;
1.103449;446.322761;
1.092428;441.276162;
1.050093;425.111379;
1.150089;473.010786;
1.137247;465.018259;
1.161254;475.429099;
1.141204;465.120336;
1.089000;448.148905;
1.051050;429.809595;
1.168159;477.969293;
1.160743;477.236458;
1.073360;441.049362;
1.113090;455.947749;
1.128464;463.090827;
1.070772;438.188166;
1.063875;435.262864;
1.077769;443.841417;
1.076383;432.192719;
1.192049;493.013376;
1.157320;472.615562;
1.206515;497.824426;
1.090424;444.350605;
1.094443;445.583886;
1.146687;462.675820;
1.083148;438.948896;
1.113229;451.638323;
1.097992;448.222132;
1.028556;415.134162;
1.145838;475.760836;
1.073614;441.490266;
1.088331;443.666013;
1.146537;461.646820;
1.103885;443.847379;
1.084685;438.185834;
1.114178;444.476595;
1.101944;441.935572;
1.038571;424.160892;
1.048796;430.161974;
1.117840;456.083031;
1.187327;487.094776;
1.161890;474.359433;
1.073161;440.208117;
1.088599;445.221446;
1.127772;467.527028;
1.113091;454.181238;
1.062474;437.675093;
1.121413;460.707830;
1.115872;455.632230;
1.015698;412.874656;
1.107775;449.867857;
1.088364;438.245816;
1.148473;460.228976;
1.059512;430.264120;
1.105902;448.595851;
1.114533;454.274662;
1.029965;415.903368;
1.141020;456.299075;
1.142107;469.072304;
1.086796;441.976524;
1.142679;470.699123;
1.094308;450.871557;
1.101845;453.273933;
1.108208;449.398183;
1.120849;453.037006;
1.108327;451.349949;
1.090601;441.352557;
1.103977;451.351655;
1.083674;442.569616;
1.118754;459.580704;
1.069061;434.844194;
1.074937;433.202450;
1.019317;418.162353;
1.030043;423.211473;
1.094124;446.041666;
1.053177;426.779018;
1.152000;471.200352;
1.145751;463.882749;
1.113038;452.796913;
1.054534;432.957014;
1.160851;474.118636;
1.112264;444.908849;
1.116697;450.957172;
1.074672;440.154873;
1.038873;429.743189;
1.013932;415.675593;
1.054223;431.748298;
1.092267;446.699600;
1.115824;453.388936;
1.123406;453.644505;
1.154101;473.909431;
1.114915;452.657373;
1.128477;458.780333;
1.097708;451.327153;
1.100942;455.982779;
1.087471;446.312475;
1.090062;440.767293;
1.045439;425.436083;
1.064580;434.679516;
1.061228;438.967428;
1.158114;469.055442;
1.085511;435.991620;
1.064932;436.494570;
1.093602;444.756599;
1.052688;425.791104;
1.149739;470.185932;
1.019964;414.804597;
1.121574;449.171324;
1.157734;467.463781;
1.096728;445.812425;
1.017812;411.814891;
1.108734;454.107481;
1.119104;456.560390;
1.113538;451.688485;
1.160936;472.386246;
1.121999;462.995630;
1.173955;474.627243;
1.155293;460.941212;
1.102415;448.374593;
1.135395;454.586315;
1.104001;447.338152;
1.129416;458.930126;
1.089980;441.047989;
1.039883;418.956424;
1.095320;449.698810;
1.052642;425.275035;
1.093113;445.767506;
1.118896;457.632371;
1.041494;425.239731;
1.117169;453.342361;
1.084120;435.589387;
1.099250;449.348222;
1.066172;434.762321;
1.150640;470.103100;
1.084870;439.353783;
1.054866;427.398669;
1.097914;449.789177;
1.159002;464.450399;
1.076184;434.343604;
1.113209;448.619743;
1.166345;473.643491;
1.084107;436.577872;
1.095864;448.716663;
1.131102;463.517246;
1.086784;447.300134;
1.095560;445.034151;
1.098736;448.918292;
1.075173;435.215206;
1.036377;425.027714;
1.149536;467.807991;
1.107209;453.279958;
1.114870;442.467568;
1.162472;465.038868;
1.089232;447.509157;
1.055091;432.534255;
1.111557;450.241254;
1.102165;453.983422;
1.156038;471.383175;
1.121745;455.494270;
1.054541;427.817841;
1.096776;450.808462;
1.123628;463.021210;
1.169027;473.181441;
1.080099;445.220234;
1.107632;455.008613;
1.163307;475.830254;
1.115432;457.889241;
1.102271;449.625844;
1.113484;453.821968;
1.055530;432.142115;
1.145962;468.683900;
1.090667;444.665385;
1.102619;453.922602;
1.110688;454.014623;
1.042433;423.031570;
1.089068;448.270767;
1.130627;468.842708;
1.020452;419.899556;
1.069076;438.712565;
1.160799;470.569500;
1.054746;429.710175;
1.020175;414.405887;
1.112119;451.465878;
1.139232;463.471320;
1.079576;438.541381;
1.048684;422.784086;
1.056741;430.119285;
1.128681;463.538458;
1.117536;451.191346;
1.038373;423.745276;
1.005860;407.393870;
1.109056;453.739029;
1.082626;435.914210;
1.086767;444.450170;
1.168092;480.292830;
1.088843;440.877779;
1.106435;441.303062;
1.023397;419.659215;
1.099144;444.516302;
1.209128;493.429487;
1.049204;428.450836;
1.252726;510.424825;
1.115633;452.964386;
1.140797;462.584813;
1.068851;434.063377;
1.120908;457.980609;
1.074071;441.400217;
1.153004;462.016160;
1.095979;447.008221;
1.119908;454.263465;
1.102616;450.004516;
1.107783;455.193383;
1.113996;458.044346;
1.057489;430.363588;
1.114809;448.678948;
1.155495;459.972638;
1.108215;446.812308;
1.136428;451.454203;
1.135539;453.681255;
1.140994;460.994020;
1.127459;455.090584;
1.050961;430.638878;
1.177012;481.002011;
1.091565;448.165583;
1.108165;449.346838;
1.107416;450.303822;
1.106288;447.470951;
1.139626;465.453378;
1.173941;485.258385;
1.131030;461.892560;
1.168599;476.989119;
1.088583;445.135871;
1.049189;427.574844;
1.075740;433.378514;
1.019596;417.251013;
1.185491;481.957476;
1.125652;459.615868;
1.097409;449.483576;
1.137444;466.189249;
1.144126;462.821541;
1.113749;457.684172;
1.147140;464.146276;
1.077336;438.900976;
1.088923;449.884779;
1.147809;465.632145;
1.162192;474.820808;
1.129342;464.340001;
1.119165;455.881202;
1.128268;462.615971;
1.118017;461.850389;
1.148606;464.022485;
1.104155;446.580240;
1.172197;472.973909;
1.090579;445.096936;
1.140102;463.940792;
1.053949;425.403841;
1.175423;485.775395;
1.159348;473.594212;
1.031638;419.760536;
1.202479;490.009382;
1.070094;438.314873;
1.127706;456.794578;
1.074396;434.117876;
1.127497;459.030511;
1.010104;411.480888;
1.065611;431.826330;
1.180530;478.895493;
1.023358;416.923123;
1.064700;432.355130;
1.099144;445.209012;
1.218634;491.548468;
1.099437;445.361535;
1.113386;452.319298;
1.061761;433.019479;
1.088844;442.854025;
1.010812;412.695625;
1.124852;458.776936;
1.163347;468.635172;
1.132054;458.379002;
1.183225;481.765894;
1.033967;423.735746;
1.079387;440.629647;
1.130077;457.566612;
1.122653;463.183720;
1.123423;460.901439;
1.140693;461.038802;
1.102295;448.380528;
1.118540;452.680723;
1.171694;474.733251;
1.165237;470.714263;
1.071634;434.145559;
1.110458;442.784167;
1.120678;456.868244;
1.076597;434.061333;
1.118162;459.618796;
1.045409;428.658946;
1.042453;422.012646;
1.064652;428.532571;
1.020596;409.071869;
1.115592;454.157534;
1.163293;465.310737;
1.113516;451.417536;
1.065543;437.611114;
1.125803;458.885996;
1.032017;423.135842;
1.070308;438.042105;
1.110672;452.589281;
1.121759;459.965083;
1.038971;427.828627;
1.135040;461.224500;
1.133246;465.803146;
1.070403;438.449839;
1.089602;447.104848;
1.091998;441.698037;
1.176735;481.016188;
1.149981;463.558516;
1.136656;463.353135;
1.060600;424.982955;
1.091166;445.872498;
1.146338;455.935403;
1.140861;464.523845;
1.090068;439.004475;
1.095911;443.584698;
1.143794;459.079793;
1.085722;443.833193;
1.020179;414.212205;
1.050815;428.801024;
1.097728;439.948735;
1.164349;471.542017;
1.174485;477.646744;
1.074906;434.907871;
1.069140;436.222573;
1.090183;438.599753;
1.128173;457.378563;
1.190382;475.662695;
1.099826;442.376075;
1.103766;449.116495;
1.120210;454.113998;
1.090249;442.062700;
1.152167;477.811987;
1.109716;447.125884;
1.060796;433.189977;
1.022278;415.354144;
1.172436;481.646053;
1.085202;448.079864;
1.099888;442.541158;
1.094044;448.440014;
1.119504;454.797487;
1.132415;458.764850;
1.089379;442.514685;
1.085697;443.383534;
1.090569;446.467131;
1.101630;449.074059;
1.040221;415.700573;
1.060385;431.200890;
1.067534;438.553695;
1.089510;448.775366;
1.099691;452.583412;
1.032598;426.226307;
1.050289;434.432459;
1.078728;439.839206;
1.085887;440.264702;
1.195370;488.754849;
1.090426;446.330474;
1.101500;450.813382;
1.118462;453.290126;
1.118596;453.321665;
1.078836;432.463486;
1.127246;457.171704;
1.022915;416.580315;
1.059443;439.404201;
1.141786;466.623073;
1.072736;438.688747;
1.134001;464.089598;
1.064424;437.010574;
1.172726;479.310316;
1.072864;433.687931;
1.101698;449.719131;
1.113525;451.972789;
1.079943;432.317970;
1.061567;431.713404;
1.085410;447.874639;
1.054949;430.786097;
1.093720;446.422747;
1.124696;453.530449;
1.151629;465.556644;
1.080845;442.068740;
1.051614;432.100131;
1.022919;422.994268;
1.134916;463.456077;
1.121713;454.837458;
1.180244;480.828233;
1.110318;459.241569;
1.110647;458.381892;
1.069497;435.788798;
1.047587;427.396701;
1.161481;475.552114;
1.062087;433.467492;
1.004619;410.972410;
1.074481;439.691585;
1.112125;455.321812;
1.076432;438.657803;
1.106942;453.501268;
1.017863;412.235137;
1.163700;480.516960;
1.147430;470.875816;
1.147805;466.118857;
1.075383;443.158810;
1.145423;469.928577;
1.098106;446.792159;
1.089594;442.364903;
1.156225;470.331336;
1.165380;476.482826;
1.081126;441.804931;
1.079295;436.853403;
1.052814;428.990572;
1.161050;470.667782;
1.186636;474.032469;
1.114825;455.488734;
1.048290;433.776685;
1.126796;461.400594;
1.050985;426.889916;
1.174508;481.662542;
1.125966;453.346975;
1.092075;444.389446;
1.114575;453.188435;
1.050452;431.809387;
1.139796;467.189753;
1.103778;455.128464;
1.081880;440.354761;
1.059578;433.226249;
1.142045;466.122967;
1.111211;453.839939;
1.046671;423.278444;
1.102168;448.728375;
1.126160;459.993103;
1.127073;460.699147;
1.101479;445.819823;
1.104753;444.863053;
1.132778;452.286608;
1.181234;472.581300;
1.176947;475.510569;
1.053197;418.370968;
1.150000;463.565073;
1.103909;443.005076;
1.103816;445.827892;
1.103017;443.466783;
1.104936;449.675821;
1.117501;454.875194;
1.156397;471.733900;
1.019501;412.003236;
1.120408;455.184802;
1.027006;415.310728;
1.080025;442.303392;
1.084375;443.196378;
1.106326;446.866271;
1.139866;461.027665;
1.133225;459.362573;
1.172070;479.311399;
1.001465;408.948294;
1.157793;469.715499;
1.114075;453.680698;
1.050383;429.337438;
1.043075;425.181718;
1.083558;442.190374;
1.185789;483.098928;
1.139193;465.750253;
1.073303;439.548432;
1.074420;437.990025;
1.156801;473.239061;
1.166665;468.903197;
1.091585;447.341820;
1.109626;447.378553;
1.069246;437.522867;
1.150410;469.414024;
1.125273;455.065204;
1.102275;447.490650;
1.072343;434.098189;
1.104057;448.770265;
1.061157;435.501547;
1.035779;419.746726;
1.135975;465.241601;
1.077122;436.907929;
1.068742;436.347226;
1.110366;457.550342;
1.117383;452.978067;
1.137427;470.511338;
1.117351;452.731324;
1.108411;449.452997;
1.154463;465.274177;
1.056750;428.735476;
1.182922;480.450221;
0.980432;395.531658;
1.028311;418.076021;
1.094855;444.551329;
1.122839;458.339026;
1.050965;433.070690;
1.111916;446.814505;
1.090642;442.025439;
1.083779;445.720077;
1.091825;448.029443;
1.116535;451.977380;
1.086789;443.032544;
1.045516;422.925828;
1.045056;425.689222;
1.113689;453.300196;
1.100175;443.187613;
1.083670;443.976295;
1.040057;424.071807;
1.108413;452.432678;
1.132955;462.664066;
1.175998;477.730228;
1.170707;478.177142;
1.144284;464.512298;
1.166142;477.073789;
1.079645;434.410790;
1.105300;454.578354;
1.014552;411.912077;
1.036173;419.634956;
1.039191;419.769871;
1.059259;426.406845;
1.013696;412.331323;
1.189257;482.915158;
1.055877;424.408921;
1.131175;460.726200;
1.072718;434.032762;
1.024625;417.263016;
1.103616;449.905703;
1.156336;466.972201;
1.104986;444.460972;
1.096080;449.403730;
1.128010;458.953303;
1.054418;435.419106;
1.137736;464.222082;
1.087520;442.374977;
1.070244;433.894851;
1.128851;457.893126;
1.147220;470.697691;
1.160365;471.496705;
1.072851;435.595239;
1.049665;433.328624;
1.110811;449.671902;
1.118485;454.699033;
1.102070;445.841009;
1.043652;426.304113;
1.144204;468.573330;
1.141077;467.385565;
1.134878;462.233715;
1.130395;463.465219;
1.052838;424.910820;
1.122548;455.467209;
1.121899;457.223163;
1.112741;451.620727;
1.062660;429.557370;
1.111702;451.988463;
1.091454;445.095852;
1.155077;465.765135;
1.092090;449.307921;
1.141690;471.058832;
1.124909;462.471837;
1.119856;458.527735;
1.107301;454.468361;
1.082606;432.721094;
1.049386;426.302659;
1.136051;461.688640;
1.076244;438.732868;
1.161514;476.065487;
1.074984;438.428175;
1.136139;461.983379;
1.098494;451.791589;
1.086482;444.172745;
1.103981;451.478348;
1.041563;427.993695;
1.118564;450.208966;
1.117058;459.862258;
1.051103;424.957074;
1.212132;497.140234;
1.089562;443.092218;
1.035859;420.260311;
0.985240;401.368154;
1.081945;435.774805;
1.079556;439.526149;
1.123898;453.193709;
1.067594;435.117099;
1.102276;437.968776;
1.078324;437.919062;
1.089652;441.161154;
1.072117;436.594166;
1.086758;450.150865;
1.175607;477.664976;
1.057279;429.597271;
1.094008;442.678640;
1.128185;453.073121;
1.136318;461.275270;
1.102221;442.479490;
1.127188;460.803766;
1.109127;452.220831;
1.179192;476.931947;
1.067560;432.517302;
1.088247;448.096686;
1.076706;438.949277;
1.052150;430.754457;
1.143146;464.865697;
1.096492;444.126172;
1.125637;465.322825;
1.081743;441.066570;
1.010146;414.333395;
1.102660;447.989371;
1.136485;467.828785;
1.156282;471.166301;
1.133701;456.451111;
1.054325;424.892967;
1.088532;440.308490;
1.078924;437.285487;
1.087615;442.455871;
1.125928;460.871784;
1.053513;435.398838;
1.098203;446.786099;
1.094882;445.272802;
1.045504;423.520488;
1.110666;454.853946;
1.042346;424.951366;
1.064019;431.163146;
1.178868;488.412184;
1.142527;463.469398;
1.096490;442.189055;
1.108286;449.949970;
1.133068;464.707708;
1.080105;441.467574;
1.129468;463.717062;
1.168728;476.167516;
1.104179;446.175111;
1.025194;422.056341;
1.090302;442.669434;
1.070398;436.591168;
1.113017;451.410406;
1.181919;483.788274;
1.119103;453.870615;
1.041980;417.054758;
1.074052;436.001806;
1.199934;491.235659;
1.125140;458.881413;
1.094228;444.951175;
1.041178;429.000403;
1.030432;418.146832;
1.103501;449.638705;
1.128160;456.118387;
1.128800;459.306332;
1.022602;416.686078;
1.086214;440.478894;
1.060812;434.128341;
1.066438;429.628906;
1.059508;427.609806;
1.150825;468.666961;
1.107551;451.449364;
1.069764;432.666588;
1.139171;459.319319;
1.088373;446.137935;
1.079656;436.298809;
1.123758;456.030159;
1.090918;439.718316;
1.036347;422.147066;
1.137856;462.160016;
1.146071;468.761409;
1.055435;429.978945;
1.099363;447.065416;
1.081439;446.093739;
1.082755;446.699964;
1.095573;440.475397;
1.124849;460.687324;
1.180130;481.443167;
1.154790;467.455000;
1.167381;460.651759;
1.065498;434.600331;
1.167068;472.567248;
1.050684;425.815938;
1.055477;420.684097;
1.156409;469.187007;
1.144325;458.290930;
1.083815;433.496872;
1.137953;468.083885;
1.164764;469.062000;
1.185770;482.736395;
1.157487;478.565976;
1.117395;458.097121;
1.076520;443.831816;
1.139948;462.998372;
1.134795;464.155660;
1.136584;461.251653;
1.093241;450.723749;
1.112466;452.979800;
1.090302;449.860152;
1.028499;413.173507;
1.088725;440.597873;
1.013788;412.718409;
1.042536;426.576376;
1.120156;457.661756;
1.037766;427.502959;
1.102245;455.916345;
1.164378;478.317461;
1.096238;446.424373;
1.052346;426.446710;
1.085126;437.466259;
1.101704;445.362905;
1.038010;419.538420;
1.166969;468.238842;
1.102819;448.112943;
1.109146;446.343670;
1.035080;422.707589;
1.116415;453.634825;
1.017780;416.442927;
1.067608;435.190259;
1.023237;418.201512;
1.072960;435.199508;
1.214277;495.620961;
1.102102;445.383502;
1.034946;427.040352;
1.179139;481.336111;
1.122573;456.942954;
1.169355;480.878703;
1.102190;443.116112;
1.144905;464.659675;
1.192014;485.825041;
1.068704;440.739491;
1.174267;480.338673;
1.151758;465.167851;
1.054382;431.348555;
1.086406;444.778362;
1.094499;446.657208;
1.115071;456.368184;
1.125247;465.973048;
1.200089;489.872697;
1.131372;458.968323;
1.101143;451.065061;
1.200454;492.094101;
1.124250;458.369894;
1.098150;449.977843;
1.084047;432.628990;
1.164303;475.260164;
1.057345;431.025771;
1.088715;446.788336;
1.097278;437.865420;
1.126268;456.911798;
1.146543;465.907110;
1.038720;423.412432;
1.055521;430.629156;
1.089365;452.277849;
1.090369;447.907174;
1.031912;419.754892;
1.097039;450.552608;
1.123001;458.409851;
1.047566;427.391484;
1.096368;444.564701;
1.113774;460.134689;
1.137197;470.498231;
1.062478;431.879557;
1.083597;442.623299;
1.096339;442.060543;
1.024648;414.801313;
1.101500;445.680796;
1.074550;432.150091;
1.172620;477.878889;
1.091765;446.269722;
1.014645;413.707430;
1.059103;426.204501;
1.097879;442.254552;
1.089283;443.116399;
1.065072;434.600882;
1.146602;463.400831;
1.071971;437.100695;
1.171960;477.648554;
0.999401;404.173291;
1.111000;453.043273;
1.158571;469.602873;
1.131093;454.763720;
1.103760;445.245915;
1.100091;443.016181;
1.102321;446.548227;
1.079732;432.858616;
1.134176;456.772348;
1.069988;432.979990;
1.075910;440.765764;
1.064286;433.995102;
1.148546;464.928044;
1.111769;453.523815;
1.022654;421.756176;
1.112288;448.922788;
1.181960;479.724160;
1.132863;456.751674;
1.144477;468.902082;
1.111244;452.849971;
1.048311;426.309808;
1.236330;507.729168;
1.066973;434.572165;
1.058340;431.942442;
1.157666;469.018372;
1.169751;478.886161;
1.070082;434.104834;
1.102620;449.340283;
1.149268;472.638201;
1.088733;442.067816;
1.143401;467.220326;
1.053665;434.495449;
1.193673;490.568835;
1.121464;462.246112;
1.142417;464.061403;
1.124917;460.144526;
1.151374;472.672010;
1.111822;459.335402;
1.103916;451.041042;
1.112662;458.266950;
1.139682;462.234929;
1.116728;456.014072;
1.068285;435.702584;
1.123479;458.314670;
1.121182;451.362392;
1.109180;451.724330;
1.145562;462.652877;
1.083938;448.358903;
1.062911;432.091698;
1.143387;460.640552;
1.153812;478.030078;
1.132120;469.159108;
1.179876;479.731003;
1.125624;456.912244;
1.100881;448.549895;
1.093298;449.479435;
1.052468;433.859456;
1.139597;468.681792;
1.139099;467.664920;
1.115357;455.339107;
1.135960;465.962149;
1.121792;460.465510;
1.063721;430.212193;
1.100652;446.897413;
1.192979;486.801716;
1.130225;462.285814;
1.061699;429.195403;
1.144866;466.583520;
1.013499;411.893814;
1.160695;467.019819;
1.140531;455.766697;
1.105320;448.613264;
1.094198;449.941733;
1.081123;432.627058;
1.101721;445.250904;
1.025686;409.164079;
1.079077;437.769904;
1.130376;457.484475;
1.149210;465.063530;
1.124440;458.567849;
1.149437;466.742782;
1.150269;459.199215;
1.118271;460.913008;
1.103376;451.190385;
1.169124;473.643713;
1.121487;458.598650;
1.102968;454.487368;
1.133963;463.151439;
1.098579;446.947786;
1.051678;433.426781;
1.108200;444.638572;
1.087532;445.366978;
1.238328;506.504012;
1.116345;447.766477;
1.102583;450.063830;
1.111549;455.323888;
1.034009;421.257864;
1.117223;451.124807;
0.960614;397.549602;
1.019488;411.750161;
1.072395;430.561069;
1.109367;452.419410;
1.117592;460.609510;
1.015389;409.660128;
1.042335;426.836661;
1.112349;451.312367;
1.083041;441.247533;
1.098108;443.669261;
1.070047;435.095677;
1.115081;451.121520;
1.147220;462.767599;
1.145341;460.913159;
1.092758;442.269782;
1.073696;435.550669;
1.156809;470.965264;
1.150527;469.924120;
1.079886;437.117991;
1.134953;463.529501;
1.164210;473.267236;
1.048465;425.672450;
1.102923;447.886229;
1.113061;453.680000;
1.081284;445.807813;
1.076774;439.477043;
1.059981;436.894383;
1.069580;440.573309;
1.076822;436.383328;
1.118544;453.457729;
1.020668;415.551811;
1.008532;410.543439;
1.090617;448.250496;
1.085677;442.412372;
1.121066;452.480679;
1.143211;469.744127;
1.146109;466.964912;
1.101951;452.171431;
1.176005;477.218286;
1.044192;430.059595;
1.199257;481.436882;
1.136199;461.067501;
1.132162;460.147090;
1.108858;450.157320;
1.070627;432.902898;
1.171976;479.931576;
1.112683;454.686080;
1.125612;458.448753;
1.122461;460.434716;
1.144984;459.044226;
1.115465;454.588491;
1.097077;444.751495;
1.069551;432.470208;
1.071214;434.321701;
1.074505;441.518022;
1.118270;451.560824;
1.065704;440.360328;
1.101957;447.103135;
1.197317;491.460178;
1.128187;453.074293;
1.112620;452.256917;
1.060046;436.999062;
1.015943;419.119764;
1.017769;419.056272;
1.128844;463.406046;
1.093279;452.474658;
1.046753;431.625873;
1.057082;435.606074;
1.129853;469.004434;
1.114360;448.404947;
1.090201;441.919770;
1.072038;442.358153;
1.089298;447.268635;
1.153787;464.421032;
1.088544;443.213615;
1.080920;439.189399;
1.117568;452.804375;
1.082020;439.113155;
1.030493;419.083369;
1.094176;448.067968;
1.090039;447.554058;
1.141830;472.742594;
1.130731;463.455228;
1.052306;436.786123;
1.093215;450.426881;
1.123213;458.740328;
1.077573;439.973132;
1.042740;429.776108;
1.143893;469.197808;
1.114926;453.999194;
1.127630;458.280296;
1.113798;459.259700;
1.109482;450.019036;
1.030582;418.044023;
1.081449;437.926391;
1.082366;441.835101;
1.083380;441.634513;
1.097512;448.052484;
1.062119;431.059434;
1.062100;427.633720;
1.049019;432.476525;
1.102961;449.945272;
1.208499;491.576071;
1.035691;425.075295;
1.116048;454.144347;
1.135659;462.071186;
1.154954;471.358011;
1.075641;440.314940;
1.050085;429.927335;
1.138628;466.187412;
1.103512;451.384021;
1.091838;442.832595;
1.095362;449.049584;
1.007540;418.112669;
1.125484;459.424392;
1.151171;473.449864;
1.103076;455.878872;
1.153994;474.935465;
1.105822;457.828106;
1.077807;438.015166;
1.055813;431.582835;
1.100104;446.780664;
1.119175;461.234390;
1.035393;424.529880;
1.077989;446.522786;
1.123492;461.256007;
1.145938;470.710168;
1.073609;441.027817;
1.072978;438.132845;
1.115963;449.823108;
1.126118;459.635948;
1.129986;467.643089;
1.065892;427.294941;
1.015435;407.459884;
1.056892;426.256539;
1.073936;435.941907;
1.025304;417.063687;
1.033869;417.483038;
1.077126;437.182962;
1.173093;484.418846;
1.102869;445.237911;
1.083800;439.616129;
1.064821;438.246749;
1.103461;443.752886;
1.150480;471.100624;
0.999123;411.869155;
1.088500;446.479636;
1.201152;495.655938;
1.103130;451.241967;
1.107624;443.790752;
1.081198;438.302364;
1.103543;452.118022;
1.108744;449.135262;
1.109963;451.661736;
1.100372;446.096740;
1.090115;446.586398;
1.129295;464.579362;
1.070235;440.745642;
1.063967;433.175656;
1.151602;468.330034;
1.151847;472.914250;
1.129074;462.344173;
1.160254;466.883819;
1.074634;441.373989;
1.136899;467.753659;
1.129167;455.921359;
1.098484;447.829113;
1.066091;432.185502;
1.169667;476.530019;
1.059743;433.811454;
1.129522;457.927455;
1.077800;440.198236;
1.065951;435.428264;
1.067190;430.440068;
1.103058;444.853028;
1.012962;411.187210;
1.100504;446.404476;
1.044233;420.659458;
1.058962;430.463336;
1.071485;429.410818;
1.150458;469.384142;
1.064053;433.883390;
1.060489;437.639054;
1.082898;444.246331;
1.175514;475.704687;
1.113333;451.783203;
1.143224;468.054679;
1.193898;490.025709;
1.037634;424.938023;
1.124768;462.887879;
1.105703;454.758191;
1.069232;437.937218;
1.147353;465.546521;
1.028949;422.090949;
1.127148;454.453630;
1.142623;460.858571;
1.082924;443.822292;
1.062775;439.802188;
1.130099;461.050410;
1.093645;450.138130;
1.131742;459.314219;
1.152721;467.553057;
1.044343;429.519254;
1.111640;451.337641;
1.124591;450.892734;
1.131021;452.915377;
1.164108;477.304887;
1.068073;436.903332;
1.173104;479.318971;
1.113176;455.974725;
1.090501;441.599268;
1.199661;489.514353;
1.136270;458.448224;
1.052655;426.749016;
1.098757;453.932479;
1.098395;446.041087;
1.148347;463.449006;
1.068550;433.953840;
1.080612;439.011719;
1.043107;425.777324;
1.108868;443.810013;
1.066813;433.202358;
1.107500;454.492810;
1.105132;445.728179;
1.084812;442.425124;
1.198395;482.288536;
1.065481;436.690902;
1.107724;457.673308;
1.124256;461.228619;
1.109157;446.896857;
1.099117;443.272155;
1.056501;429.562422;
1.043966;426.530972;
1.049151;429.786883;
1.078499;438.434837;
1.119416;455.641810;
1.095854;448.964032;
1.005945;413.654429;
1.111205;455.282699;
1.111389;457.496670;
1.108525;456.023402;
1.132325;460.458029;
1.092220;445.515424;
1.077686;435.721950;
1.127306;459.156783;
1.129014;457.313014;
1.188135;490.361019;
1.130039;459.034095;
1.127447;464.718320;
1.089292;447.302894;
1.087690;447.339586;
1.103495;452.254007;
1.038221;423.091212;
0.994064;409.896120;
1.043195;425.753809;
1.137325;461.985214;
1.112611;453.124381;
1.173370;474.813257;
1.057122;442.577086;
1.099292;449.452998;
1.163760;471.971053;
1.130713;461.533929;
1.047534;429.739342;
1.114962;453.165400;
1.107209;449.808652;
1.107562;442.485809;
1.129978;463.023286;
1.000192;400.778940;
1.144019;467.875268;
1.192760;488.694685;
1.099372;451.254078;
1.120738;457.002981;
1.055977;429.712914;
1.136357;464.688962;
1.048361;424.634514;
1.074706;442.158683;
1.078547;443.638471;
1.015790;415.486632;
1.063700;436.131897;
1.097036;442.259628;
1.069202;441.854513;
1.058372;432.158140;
1.123708;453.148633;
1.070885;436.498424;
1.153196;476.345989;
1.050151;432.435637;
1.159999;470.959301;
1.147686;475.366427;
1.139244;461.917428;
1.107077;444.179450;
1.089883;440.936718;
1.153895;457.033078;
1.096578;442.802010;
1.136276;464.077385;
1.150984;464.992610;
1.115529;450.717283;
1.127361;460.513934;
1.096716;445.451632;
1.101395;452.363634;
1.095624;445.223576;
1.039193;423.551885;
1.070048;434.701541;
1.000271;407.547785;
1.124969;461.290916;
1.167527;470.629379;
1.113648;452.827699;
1.093060;449.887775;
1.152176;467.499034;
1.090619;441.331050;
1.072461;441.288348;
1.177360;480.825946;
1.012912;408.061566;
1.135243;453.860760;
1.111330;444.354231;
1.139950;460.040988;
1.159021;472.362622;
1.138284;465.576761;
1.115930;452.770094;
1.166421;476.706782;
1.139297;462.963215;
1.077125;437.116290;
1.040874;424.799362;
1.140097;458.861549;
1.119991;459.469221;
1.144953;464.977878;
1.095473;447.676770;
1.080391;439.001218;
1.084255;440.593514;
1.067927;431.117608;
1.081152;439.614970;
1.071751;437.459425;
1.085381;448.664164;
1.103963;457.248371;
1.134160;460.362597;
1.047867;430.511437;
1.109616;452.694326;
1.135885;469.846060;
1.120482;458.875407;
1.115405;457.157408;
1.122349;455.611344;
1.114874;460.823069;
1.159522;476.945338;
1.078299;439.283115;
1.043462;427.907314;
1.123973;458.434106;
1.105300;442.724324;
1.151794;469.997492;
1.089612;443.778646;
1.052192;428.380921;
1.116033;457.959987;
1.093974;441.150545;
1.170180;483.913948;
1.104328;448.142148;
1.104658;447.884585;
1.103673;455.623679;
1.083379;442.499408;
1.175395;480.054213;
1.092947;439.365670;
1.053841;430.515430;
1.097317;440.930934;
1.176558;477.304918;
1.089029;450.696269;
1.120042;451.202054;
1.078766;436.178431;
1.101372;449.307638;
1.042809;420.489213;
1.136613;461.553892;
1.111098;452.130551;
1.114815;450.942638;
1.218474;495.756623;
1.144997;468.476351;
1.110503;456.794713;
1.159838;471.762906;
1.139740;460.246826;
1.139572;460.915116;
1.099934;444.460170;
1.127462;455.060316;
1.133785;461.442038;
1.125441;454.479638;
1.135147;457.728742;
1.142661;466.640115;
1.003630;406.273555;
1.097542;448.397991;
1.095501;448.639658;
1.062888;439.268265;
1.060797;428.512266;
1.101600;449.833418;
1.090834;448.056415;
1.071576;431.174403;
1.116594;454.805756;
1.075953;438.353681;
1.077950;444.161433;
1.090690;454.050312;
1.167284;471.237431;
1.056812;425.182133;
1.038783;425.931151;
1.069111;436.190048;
1.139987;469.515676;
1.070592;437.049463;
1.146669;466.015925;
1.115842;447.600360;
1.130296;459.754640;
1.133862;457.154695;
1.121632;461.160007;
1.121415;455.158516;
1.089375;445.441206;
1.068834;426.734174;
1.126068;459.495783;
1.166607;477.548768;
1.096527;445.262552;
1.124045;459.098583;
1.111675;450.612178;
1.088893;452.644380;
1.115269;446.489368;
1.103140;445.954335;
1.157365;470.426533;
1.068294;432.655948;
1.237426;499.612182;
1.200480;482.849237;
1.038659;427.001893;
1.115322;452.148050;
1.022667;417.103290;
1.130413;456.412805;
1.093287;444.442623;
1.040717;421.008381;
1.063366;436.858314;
1.110224;451.168081;
1.076254;442.616118;
1.086657;441.616419;
1.112714;459.669936;
1.088482;438.069053;
1.094847;447.364236;
1.110891;454.872973;
1.089090;451.851968;
1.186261;481.378003;
1.091105;447.121033;
1.107904;455.705801;
1.165299;469.761042;
1.155930;465.268301;
1.000637;412.113680;
1.071011;434.616838;
1.024068;412.422034;
1.072155;434.550207;
1.133723;459.499519;
1.148451;471.548528;
1.079331;435.513075;
1.133251;466.123385;
1.076904;441.743353;
1.053483;426.098289;
1.046674;426.497530;
1.114862;443.007946;
1.114608;458.198270;
1.093517;449.562670;
1.070659;436.280950;
1.089617;439.063927;
1.105436;455.004555;
1.124792;458.586977;
1.184288;487.836057;
1.157747;473.136987;
1.063337;432.291289;
1.156435;469.289200;
1.121071;465.678094;
1.149074;469.526432;
1.128141;465.203415;
1.087854;443.229285;
1.064397;437.655579;
1.066706;434.733071;
1.076010;438.328762;
1.092154;443.241765;
1.102141;449.346186;
1.111580;452.828828;
1.095921;448.074122;
1.108101;456.085392;
1.042091;424.087160;
1.060379;432.773430;
1.088976;447.153740;
1.030948;423.284005;
1.096963;445.435344;
1.072647;433.252633;
1.145963;468.143307;
1.116929;451.466343;
1.247682;507.083601;
1.094777;443.256370;
1.137801;461.448577;
1.126752;457.700115;
1.057998;429.282136;
1.059233;426.971954;
1.129286;456.598972;
1.123225;460.185344;
1.145822;465.043709;
1.066884;431.414650;
1.090527;444.655313;
1.207839;490.358490;
1.187974;485.334392;
1.101025;447.090368;
1.080162;439.227308;
1.147934;465.217816;
1.078108;440.375727;
1.122010;455.722397;
1.164925;476.244955;
1.133235;465.824221;
1.085680;441.966686;
1.047587;423.194122;
1.113198;457.120549;
1.092165;439.634057;
1.135684;464.725465;
1.145692;466.346463;
1.120802;457.514692;
1.074550;435.664390;
1.002083;404.012670;
1.136047;466.112456;
1.109160;450.590381;
1.063725;434.323381;
1.151893;468.591026;
1.133550;470.555052;
1.074432;439.739386;
1.104852;455.703254;
1.110929;451.400762;
1.134750;467.370150;
1.073749;439.748790;
1.092235;452.298185;
1.119697;459.647084;
1.116088;460.673734;
1.101286;453.758449;
1.086318;440.964177;
1.065589;434.750803;
1.082174;440.395451;
1.017905;413.527219;
1.194624;489.767389;
1.018328;410.855599;
1.055055;431.027694;
1.089158;445.001320;
1.073169;436.487080;
1.134093;460.811375;
1.084819;440.524964;
1.041813;422.902072;
1.140370;463.002840;
1.024213;423.711730;
1.135689;462.722058;
1.127688;453.863039;
1.120685;453.740896;
1.037745;425.777658;
1.120353;451.513130;
1.055578;429.235743;
1.083024;439.088139;
1.123589;451.735646;
1.093863;444.063192;
1.094628;442.405863;
0.979696;402.875569;
1.096620;446.447986;
1.068460;436.037517;
1.076434;438.972450;
1.063081;434.340689;
1.150319;474.098858;
1.108898;450.403881;
1.074427;433.475116;
1.097520;448.823045;
1.067296;437.587109;
1.140066;460.236419;
1.046532;426.255421;
1.133502;461.323063;
1.116941;454.162175;
1.102279;439.275805;
1.131832;457.850792;
1.049877;430.208201;
1.079670;440.505798;
1.084696;446.287710;
1.175282;483.414823;
1.100586;452.053583;
1.100619;453.230116;
1.100428;447.555647;
1.130657;461.278204;
1.134573;462.611778;
1.150146;464.951136;
1.096409;444.905350;
1.135781;465.275855;
1.068718;431.060396;
1.149534;470.585682;
0.973478;391.410747;
1.107393;447.080271;
1.039285;422.694767;
1.132437;457.422647;
1.061399;437.787549;
1.093168;446.482082;
1.146131;465.029679;
1.114098;449.514601;
1.118330;454.230975;
1.185651;483.473527;
1.138677;470.812415;
1.051453;429.928436;
1.104809;451.265848;
1.064708;433.614411;
1.061118;433.953321;
1.096392;449.727642;
1.061543;428.855968;
1.127578;461.946471;
1.139726;474.736584;
1.065006;430.084493;
1.131229;455.286089;
1.089870;446.708820;
1.044770;430.939764;
1.082623;445.444035;
1.148703;464.580726;
1.138756;468.646286;
1.053894;427.965581;
1.046476;421.639951;
1.131727;461.311303;
1.085733;439.412090;
1.101509;445.500927;
1.140223;460.561765;
1.059275;432.864764;
1.122602;462.139267;
1.120877;460.119960;
1.046467;422.997151;
1.130179;464.589188;
1.141368;461.049774;
1.068550;438.276704;
1.088261;437.474566;
1.098949;455.170036;
1.068132;436.148526;
1.101013;450.295572;
1.058474;429.036477;
1.144674;472.310109;
1.155099;472.543570;
1.134696;463.469176;
1.096739;443.111163;
1.075186;432.624722;
1.057206;427.504250;
1.103995;451.113762;
1.110366;453.219862;
1.139019;464.654750;
1.135647;466.624489;
1.073251;440.982521;
1.121897;456.230508;
1.146818;463.282207;
1.088159;442.242483;
1.134025;460.775207;
1.123731;462.356407;
1.112979;456.531287;
1.122852;459.766467;
1.045773;429.239972;
1.148436;453.229830;
1.107903;453.162408;
1.089131;441.554269;
1.126603;450.940660;
1.184595;480.568182;
1.137675;461.716820;
1.033915;412.532261;
1.189030;476.999800;
1.070904;429.588848;
1.117789;456.524133;
1.106470;438.733441;
1.147953;464.267379;
1.076787;439.905335;
1.063071;436.445489;
1.047052;425.205458;
1.140912;458.555589;
1.112059;449.933062;
1.105984;445.989940;
1.114932;452.895119;
1.053919;428.558162;
1.146959;464.651330;
1.085190;438.457905;
1.069660;429.420979;
1.114454;458.414176;
1.053141;430.868257;
1.094865;443.742754;
1.173852;478.424095;
1.109488;453.054352;
1.141028;468.479568;
0.979977;400.154108;
1.092491;443.074195;
1.158141;475.675473;
1.159756;478.147464;
1.044923;418.381668;
1.085173;441.446568;
1.088959;447.546605;
1.110745;453.723704;
1.125607;462.541735;
1.093302;446.435364;
1.148254;465.767242;
1.069489;432.166389;
1.145603;461.304027;
1.106420;450.793329;
1.022284;417.108254;
1.091435;449.726760;
1.142999;469.973884;
1.193334;477.184779;
1.160315;476.639885;
1.086839;441.012488;
1.192729;485.812982;
1.211634;494.463371;
1.108215;451.987409;
1.043617;424.979371;
1.151304;477.307933;
0.984999;404.890909;
1.095879;447.510055;
1.088688;442.568098;
1.100093;448.173788;
1.077441;444.768994;
1.104594;455.021969;
1.088726;442.383206;
1.068119;439.010245;
1.085172;446.596503;
1.076544;443.293519;
1.083645;439.451841;
1.167221;471.470088;
1.108721;451.754071;
1.114192;448.972345;
1.145562;461.129982;
1.031038;418.574495;
1.068321;433.176907;
1.098245;450.050700;
1.196552;485.853090;
1.089753;444.117984;
1.129999;471.111725;
1.031766;419.024309;
1.162343;473.593200;
1.092536;448.386428;
1.160552;468.706413;
1.076442;438.160696;
1.121041;453.949657;
1.147519;462.979850;
1.102708;457.040063;
1.068093;434.608346;
1.125804;458.656008;
1.172797;475.821462;
1.156156;470.879485;
1.046521;431.102000;
1.096129;445.912292;
1.137736;461.579809;
1.028687;425.369002;
1.123930;465.919680;
1.114748;450.057690;
1.154332;470.986698;
1.102755;447.056935;
1.047346;427.530069;
1.115516;453.757901;
1.176635;480.923764;
1.062984;437.409569;
1.100991;450.858305;
1.140854;470.870917;
1.121802;454.988365;
1.073797;432.823157;
1.071439;429.916770;
1.147433;462.929972;
1.203131;488.420365;
1.130973;455.128341;
1.076378;437.326686;
1.040973;424.306972;
1.105914;450.205760;
1.071502;435.639371;
1.061403;433.147397;
1.045284;423.877666;
1.043442;426.431761;
1.057630;432.054990;
1.104451;449.059920;
1.065355;442.316213;
1.040301;419.755387;
1.145417;465.181625;
1.067463;437.563745;
1.085257;440.522760;
1.172870;480.356516;
0.973755;391.505531;
1.119412;457.601098;
1.054475;425.823297;
1.081955;432.257099;
1.041741;425.479590;
1.056464;429.130595;
1.032447;426.190672;
0.986567;409.281162;
1.179421;486.287456;
1.099135;447.596265;
1.138302;463.620946;
1.078089;439.351919;
1.108131;445.335086;
1.183733;482.415304;
1.100419;448.757371;
1.059239;436.043721;
1.073327;431.372861;
1.077862;440.444017;
1.083336;434.370943;
1.099994;444.293967;
1.051658;425.525709;
1.122469;464.789111;
1.067023;435.964543;
1.072869;438.613029;
1.128921;457.197494;
1.132752;461.382596;
1.223089;499.452249;
1.091416;443.937365;
1.116656;453.266577;
1.224440;500.804250;
1.087894;441.885191;
1.137873;465.293747;
1.046704;431.711516;
1.100771;452.218111;
1.126659;457.243457;
0.987842;403.500305;
1.123016;456.536257;
1.104558;451.683112;
1.015096;421.742486;
1.064331;437.834944;
1.052061;429.136634;
1.054458;433.729251;
1.069192;435.656326;
1.135586;462.693722;
1.057489;428.716237;
1.074194;443.434944;
1.065109;440.823594;
1.150298;468.401776;
1.102445;442.779751;
1.083715;433.805111;
1.118890;449.203779;
1.113934;453.336455;
1.130330;452.354485;
1.046781;429.387590;
1.127033;455.644555;
1.086534;441.409083;
1.134597;460.890721;
1.107727;450.150221;
1.210798;477.320601;
1.290705;517.366207;
1.148112;468.358865;
1.071789;434.951845;
1.068026;429.330599;
1.123855;454.932434;
1.099646;450.189874;
1.131672;462.173736;
1.089843;447.119254;
1.140122;467.033264;
1.075821;436.385109;
1.101581;451.873133;
1.135208;462.617815;
1.077354;441.569225;
1.148279;466.482630;
1.107419;443.975344;
1.055580;435.725455;
1.101678;444.425263;
1.120587;459.984786;
1.114969;447.844539;
1.088836;442.201798;
1.089966;446.694921;
1.145945;467.074251;
1.040138;425.350045;
1.106099;452.356598;
1.076344;441.393563;
1.083308;444.007086;
1.152956;470.975742;
1.132600;460.592669;
1.090646;443.574416;
1.111597;454.588428;
1.096359;442.718830;
1.138503;456.676558;
1.115282;455.747284;
1.036115;425.093335;
1.120664;458.090864;
1.054644;426.065854;
1.132211;467.179094;
1.087964;445.876813;
1.144664;470.227834;
1.109973;453.881986;
1.153451;475.786611;
1.137739;465.605748;
1.081019;443.343107;
0.966342;401.350522;
1.154870;467.759580;
1.063385;435.196466;
1.090554;442.681582;
1.120095;454.072060;
1.133689;463.235107;
1.150352;466.509372;
1.050600;427.157661;
1.100435;450.335926;
1.057209;431.847210;
1.090101;439.336269;
1.118553;456.343339;
1.065333;430.500218;
1.082856;440.690672;
1.085727;438.136726;
1.101860;440.253093;
1.129031;458.509517;
1.052722;427.661861;
1.086650;439.288347;
1.090055;444.961091;
1.121544;455.895644;
1.061055;433.018944;
1.183479;478.083380;
1.079616;430.330816;
1.161603;476.675242;
1.092636;452.056884;
1.114942;450.850679;
1.151259;465.846575;
1.076142;439.756458;
1.092097;444.930759;
1.034433;422.670126;
1.008275;405.615476;
1.142966;468.624994;
1.153251;472.959637;
1.062946;433.167178;
1.051650;429.703947;
M0:0.005463
W0;O:0.000372;R:389.331851
1.046090;429.706555;
1.072952;441.264935;
1.175269;482.839056;
1.064629;437.380248;
1.145777;462.637819;
1.142055;469.506095;
1.008343;405.836896;
1.035213;426.747641;
1.133063;459.329617;
1.140213;470.237073;
1.122926;461.392343;
1.181659;486.298353;
1.084079;441.734378;
1.182151;488.898042;
1.159408;471.726094;
1.065961;430.687399;
1.060795;437.784720;
1.014018;410.964861;
1.032283;423.341037;
1.169485;483.462565;
1.070339;438.070256;
1.029095;417.652881;
1.149486;465.237045;
1.127199;463.957865;
1.085373;447.240521;
1.100955;450.452504;
1.154244;474.769648;
1.056243;431.355461;
1.149699;463.601806;
1.124534;464.582468;
1.102558;449.245605;
1.083316;439.839161;
1.155518;469.972565;
1.132681;465.012807;
1.053369;432.410436;
1.149949;470.181343;
1.177373;483.700907;
1.082382;446.636655;
1.132862;458.777453;
1.096379;446.774617;
1.146928;465.576987;
1.222372;494.949635;
1.106837;448.153654;
1.182681;485.225893;
1.223875;489.028210;
1.091688;446.238003;
1.144163;468.383221;
1.102015;446.233391;
1.068350;436.760171;
1.057714;433.976181;
1.092578;443.057324;
1.118644;460.480036;
1.135957;460.544640;
1.136126;464.649159;
1.089360;449.042631;
1.106050;452.954146;
1.068891;434.052872;
1.132088;463.897556;
1.126880;461.965699;
1.130680;459.091006;
1.089997;441.287638;
1.106435;450.713522;
1.133869;466.811983;
1.126628;460.568133;
1.096571;447.610944;
1.050541;431.998174;
1.102479;453.459735;
1.072197;426.054595;
1.111479;452.163236;
1.026497;415.606657;
1.040751;420.994341;
1.109267;455.667026;
1.054323;429.601855;
0.962318;391.344384;
1.064481;432.347496;
1.083242;442.367472;
1.075732;438.537851;
1.078076;444.582897;
1.152036;468.223874;
1.126744;455.845069;
1.093136;448.067105;
1.080778;446.404970;
1.121837;452.195900;
1.099883;446.671934;
1.171565;475.553827;
1.076123;432.943861;
1.110976;452.337858;
1.229783;505.112441;
1.121096;458.314664;
1.133073;460.925418;
1.155976;476.950348;
1.116796;448.987083;
1.095231;451.828136;
1.042085;428.021856;
1.084308;443.596068;
1.124140;462.410024;
1.090947;446.312574;
1.201437;487.215154;
1.063951;430.239619;
1.078478;435.715646;
1.115577;458.240834;
1.092156;444.060409;
1.015327;418.443684;
1.032491;428.175993;
1.158060;474.710262;
1.097842;448.296574;
1.143368;460.839198;
1.077190;438.850025;
1.062470;431.774579;
1.161210;469.360105;
1.089875;444.833015;
1.162203;470.699964;
1.028682;421.118235;
1.156791;476.692542;
1.093441;445.480396;
1.103635;452.554249;
1.156003;469.373081;
1.138087;466.234367;
1.086077;446.914250;
1.134802;459.163916;
1.177608;484.207545;
1.079753;436.636800;
1.108687;453.026402;
1.108767;450.833125;
1.110301;454.863675;
1.104046;448.407477;
1.084364;440.497283;
1.101210;451.506992;
1.187959;482.088686;
1.110146;454.140781;
1.062674;433.809133;
1.166156;466.343386;
1.083954;442.547034;
1.145422;476.420362;
1.050333;431.646456;
1.065518;441.917601;
1.157524;469.046318;
1.094474;451.316404;
1.064950;434.195339;
1.106828;454.188792;
1.117483;459.167413;
1.155100;472.199437;
1.115779;452.538337;
1.185517;485.036738;
1.089563;451.573635;
1.070792;429.210122;
1.116542;455.990830;
1.051875;426.520614;
1.091066;450.137354;
1.068724;439.697883;
1.091025;445.909475;
1.053648;432.706135;
1.119604;448.634000;
1.078649;440.379660;
1.177637;482.839139;
1.129933;463.426890;
1.074846;442.928444;
1.106031;451.082862;
1.076728;439.596527;
1.112380;455.586386;
1.076369;445.078386;
1.080959;434.870058;
1.112668;449.974901;
1.105865;454.113399;
1.071589;436.472767;
1.059238;433.161157;
1.088126;444.401948;
1.101306;447.507342;
1.088760;449.209363;
1.099417;444.593623;
1.112691;451.902054;
1.166438;481.527715;
1.077626;441.757660;
1.108313;451.919505;
1.028604;413.774703;
1.162525;475.468117;
1.084060;444.315333;
1.092978;449.152936;
1.114323;456.180310;
1.127416;466.233167;
1.111864;459.892432;
1.040269;419.533668;
1.165280;476.834395;
1.048203;429.227558;
1.101077;446.380762;
1.115153;456.638144;
1.200554;488.759402;
1.029494;415.584189;
1.084567;447.866248;
1.129504;464.086329;
1.082234;441.884072;
1.069691;439.722420;
1.093266;444.813131;
1.072591;439.906937;
1.117322;447.497694;
1.215592;498.006146;
1.140484;468.485042;
1.137148;458.589971;
1.096016;450.809436;
1.075521;442.167334;
1.174018;477.266600;
1.111632;449.164994;
1.088076;442.691224;
1.129823;463.161787;
1.088335;448.557625;
1.069192;436.743267;
1.142947;463.593347;
1.071448;436.878518;
1.039117;419.615798;
1.101447;446.719444;
1.078832;444.124024;
1.117256;458.665040;
1.113038;454.365138;
1.169588;471.867146;
1.150918;472.384684;
1.160066;475.158145;
1.049826;423.601245;
1.019767;414.210407;
1.091290;442.632033;
1.122720;458.224469;
1.049886;425.563226;
1.113561;458.475430;
1.140380;465.795047;
1.063537;428.466721;
1.071227;431.667263;
1.117614;455.656130;
1.143284;460.999017;
1.114194;453.101900;
1.140181;454.720719;
1.063202;431.079516;
1.080689;445.265912;
1.112833;455.784533;
1.091527;449.061739;
1.106238;447.829645;
1.067400;434.826743;
1.083071;435.817484;
1.104920;449.962133;
1.178455;476.601286;
1.122908;453.438459;
1.122390;449.192626;
1.095293;449.478178;
1.158600;469.790550;
1.178690;476.835500;
1.092122;439.363048;
1.098201;449.120950;
1.056878;424.950493;
1.110237;455.096665;
1.064180;434.358312;
1.070723;435.515594;
1.170972;485.822650;
1.125299;459.821114;
1.214258;488.526921;
1.231198;507.284159;
1.066584;438.149234;
1.092417;446.114169;
1.049861;426.213946;
1.088248;442.964379;
1.059613;424.117217;
1.183589;482.592943;
1.070250;425.175787;
1.133735;458.908436;
1.150772;459.784926;
1.121149;452.561160;
1.010766;409.549967;
1.088043;437.992275;
1.126733;454.153479;
1.030972;420.986611;
1.061037;432.277294;
1.061353;424.588708;
1.136216;461.310436;
1.069037;436.959327;
1.088367;444.072945;
1.058583;421.701959;
1.120641;456.227673;
1.082684;443.631107;
1.227330;487.291262;
1.104046;451.832173;
1.040176;429.302548;
1.124171;457.812161;
1.070043;434.853884;
1.061832;432.660025;
1.107113;452.110839;
1.094889;449.022132;
1.091695;443.868814;
1.065698;434.453823;
1.119617;459.999186;
1.058318;428.388587;
1.112217;452.617802;
1.138149;465.887635;
1.048594;426.099769;
1.084732;440.695414;
1.079767;440.230600;
1.081313;438.977805;
1.067127;437.787615;
1.106499;451.674634;
1.171725;478.176053;
1.161392;470.435074;
1.187758;478.517306;
1.184226;480.377156;
1.101020;448.236242;
1.121055;448.927645;
1.085806;441.015862;
1.135428;460.092524;
1.178801;477.574620;
1.113700;452.695112;
1.059453;437.485346;
1.147602;471.039524;
1.128682;459.614293;
1.040457;420.593762;
1.157628;472.756055;
1.186837;481.863558;
1.172027;474.691006;
1.112056;451.889946;
1.154648;464.428568;
1.163008;475.759804;
1.077174;443.397506;
1.105725;450.672294;
1.082429;446.140687;
1.028766;417.697354;
1.118163;454.432175;
1.047698;424.575603;
1.104559;443.351134;
1.124459;459.249846;
1.206598;495.854621;
1.067063;435.526108;
1.056987;434.744767;
1.045470;428.105703;
1.085698;432.978548;
1.123425;456.499687;
1.081523;436.214940;
1.144769;466.668426;
1.127728;461.988135;
1.026580;417.005518;
1.052076;427.057063;
1.044847;425.907258;
1.161441;479.497823;
1.092370;446.634804;
1.085316;444.390150;
1.083511;440.848301;
1.059466;432.576393;
1.118390;453.446316;
1.027699;418.122047;
1.116490;450.466423;
1.113277;449.548411;
1.123704;454.341672;
1.130784;459.106680;
1.068789;436.221310;
1.027646;421.398664;
1.044923;423.505103;
1.118650;454.009430;
1.118290;459.748910;
1.066636;435.226704;
1.080988;442.621515;
1.102149;446.864258;
1.091700;448.171607;
1.120692;457.551188;
1.098576;455.634260;
1.128648;459.318558;
1.068977;438.640718;
1.098152;446.547867;
1.093201;439.662673;
1.093669;448.866316;
1.059513;431.827532;
1.199926;485.729434;
1.109553;447.401043;
1.101384;442.467483;
1.146247;463.836221;
1.117195;455.871118;
1.077725;440.351342;
1.077772;439.314634;
1.160741;469.198963;
1.136463;463.143779;
1.118449;460.606501;
1.085074;439.783975;
1.078958;446.899778;
1.090655;447.172637;
1.098547;445.874955;
1.090082;444.215742;
1.123180;458.898608;
1.069727;435.282950;
1.083031;439.556302;
1.036456;423.613455;
1.066660;428.158469;
1.110095;457.162406;
1.086536;442.397906;
1.124394;456.719907;
1.149138;470.278053;
1.044608;425.878162;
1.107555;452.104702;
1.046444;430.796651;
1.061085;435.337296;
1.079239;431.172567;
1.096283;440.986597;
1.081474;444.457484;
1.054491;428.203461;
1.115838;452.827998;
1.135539;460.397657;
1.143876;466.612792;
1.155298;469.324930;
1.119080;455.947645;
1.101604;451.266361;
1.125641;461.024585;
1.136291;463.701809;
1.038626;422.052979;
1.068449;438.109048;
1.158888;478.456171;
1.105261;448.055257;
1.119134;453.703287;
1.072771;445.094589;
1.135833;460.328751;
1.062448;438.760305;
0.993558;406.445073;
1.133750;463.197926;
1.105250;456.960856;
1.121059;458.739620;
1.130443;456.814891;
1.113145;458.758977;
1.148122;472.854127;
1.171036;478.326011;
1.060034;439.392666;
1.124477;460.265395;
1.100990;456.244051;
1.118698;459.104557;
1.126772;457.760186;
1.127014;464.374817;
1.109378;452.289752;
1.089314;451.058498;
1.092919;442.419184;
1.109956;446.007849;
1.018011;411.132120;
1.171674;469.893751;
1.160747;467.019697;
1.097355;443.279352;
1.148566;470.065112;
1.030605;414.997930;
1.118135;462.422203;
1.047212;424.643869;
1.126950;461.333540;
1.127249;461.201123;
1.117061;452.253286;
1.113394;457.169359;
1.101606;445.548458;
1.119404;458.362739;
1.060310;435.029547;
1.125672;449.769334;
1.117867;452.022853;
1.087866;440.088257;
1.151396;472.192759;
1.122783;464.586243;
1.126816;461.060575;
1.062758;432.435645;
1.058905;432.000532;
1.177422;472.525240;
1.064797;434.312533;
1.120187;449.857572;
1.028637;419.913358;
1.084304;438.493467;
1.146868;471.529618;
1.104528;442.559765;
1.066375;435.696666;
1.084969;441.958629;
1.069497;437.068933;
1.038199;426.497216;
1.055415;429.650409;
1.049897;429.608034;
1.150794;463.864593;
1.045757;423.928963;
1.090715;443.727340;
1.172221;484.719953;
1.066391;436.261897;
1.110890;454.641978;
1.114135;451.248005;
1.069334;437.937822;
1.097545;440.561710;
1.185129;478.597602;
1.185451;480.024777;
1.057688;435.153194;
1.084132;438.187175;
1.154233;468.924514;
1.032248;411.585593;
1.144673;464.719087;
1.043252;423.575525;
1.133681;460.954624;
1.036423;427.911119;
1.100106;450.806423;
1.177786;485.924752;
1.108443;451.656407;
1.105568;454.744450;
1.072517;435.743601;
1.099583;447.827878;
1.088173;446.769247;
1.130534;460.329815;
1.110960;456.837171;
1.137130;463.641353;
1.152151;464.737212;
1.045743;426.417762;
1.086243;444.479868;
1.159631;469.133839;
1.145901;465.901135;
1.223310;498.813223;
1.155164;468.428044;
1.113144;453.949814;
1.136973;465.262290;
1.088984;444.888625;
1.105239;447.462498;
1.095105;445.864193;
1.129062;462.997067;
1.068385;434.344162;
1.095760;442.974876;
1.147619;467.181475;
1.028698;416.554862;
1.153123;475.780706;
1.091871;451.476824;
1.126975;462.416364;
1.087699;448.916007;
1.091469;446.602489;
1.095872;443.058565;
1.149757;461.418035;
1.055445;425.838605;
1.057510;431.662889;
1.050875;431.486931;
1.038444;420.382644;
1.103595;442.475582;
1.150888;472.626719;
1.145594;458.140032;
1.045322;426.856268;
1.072608;427.880454;
1.048049;422.523762;
1.068737;437.314411;
1.069305;441.630705;
1.075779;432.116953;
1.120028;459.644178;
1.103953;444.329459;
1.075394;439.775448;
1.115249;454.960431;
1.096873;443.193198;
1.134762;463.041520;
1.088525;438.499394;
1.129312;461.011566;
1.082250;444.612251;
1.113988;449.283596;
1.096433;441.499290;
1.094311;443.580339;
1.102653;450.819638;
1.067882;432.682403;
1.036043;422.006362;
1.063443;429.844706;
1.114650;454.810523;
1.162122;471.115149;
1.091755;439.484788;
1.061311;431.601510;
1.152417;466.197314;
1.184309;491.312414;
1.076429;435.729419;
1.177389;478.263384;
1.027676;420.479184;
1.123715;456.887196;
1.051129;426.424324;
1.115679;457.337263;
1.098303;448.528536;
1.110919;454.223258;
1.168207;479.793968;
1.118057;457.699787;
1.214879;498.089272;
1.088505;436.684708;
1.108779;453.805367;
1.179788;479.238105;
1.069299;437.257229;
1.097248;448.812422;
1.106172;451.874772;
1.035251;422.119884;
1.183718;477.587650;
1.048372;429.419695;
1.079016;438.946385;
1.171724;475.234681;
1.172123;482.171737;
1.111927;451.224312;
1.081811;442.148822;
1.059529;430.673964;
1.097991;447.769957;
1.124656;460.400132;
1.113464;462.112309;
1.199867;486.917758;
1.137954;461.140975;
1.114437;455.911995;
1.040493;418.500792;
1.115131;459.783148;
1.033761;425.002801;
1.062791;429.610545;
1.082443;446.052013;
1.116645;452.373175;
1.109362;444.564653;
1.058294;433.778456;
1.123563;461.119598;
1.041402;426.079537;
1.110515;455.608615;
1.135368;465.731526;
1.075371;439.877556;
1.080206;442.932006;
1.012223;411.524449;
1.142851;463.724062;
1.052366;430.411778;
1.108776;447.332955;
1.062188;430.753684;
1.134735;463.522065;
1.131047;461.169924;
1.134491;452.273071;
1.140159;465.540113;
1.142885;454.477996;
1.072710;436.696616;
1.024276;417.508919;
1.124962;457.622636;
1.107942;452.619774;
1.126929;459.834396;
1.103211;443.266942;
1.088761;444.799262;
1.095169;444.404604;
1.114911;454.593239;
1.162418;472.001597;
1.108644;457.311525;
1.147226;462.604452;
1.057212;427.955696;
1.054723;428.801177;
1.103572;444.458116;
1.133453;461.416875;
1.129174;458.369326;
1.087076;440.047610;
1.078126;434.487809;
1.178268;485.822547;
1.090398;447.252328;
1.103783;450.693497;
1.114048;453.682417;
1.041696;414.084489;
1.040353;419.261559;
1.136647;464.830557;
1.172908;470.686954;
1.164221;480.628899;
1.110146;445.041342;
1.001467;405.684643;
1.072350;434.766632;
1.113459;453.279426;
1.173878;481.154832;
1.161876;469.543674;
1.196904;490.697965;
1.102226;456.604845;
1.100184;453.874448;
1.056143;431.915210;
1.060407;433.296282;
1.065932;434.235826;
1.094863;441.331787;
1.121031;456.684348;
1.060730;432.671108;
1.132215;459.860806;
1.161609;476.350568;
1.095965;452.611840;
1.059356;430.708798;
1.024811;415.285636;
1.073253;440.606115;
1.149050;473.523457;
1.089958;444.754372;
1.103961;448.003548;
1.156383;470.630894;
1.096339;449.731097;
1.115765;452.659336;
1.115597;456.963287;
1.111840;451.769712;
1.120768;456.471964;
1.030935;418.960669;
0.995045;405.193015;
1.091128;448.084484;
1.076715;440.422060;
1.113248;457.338940;
1.101486;446.450474;
0.987631;401.173473;
1.098709;445.216556;
1.019233;422.441349;
1.066227;443.483966;
1.036375;426.778749;
1.080311;441.394765;
1.142259;462.541096;
1.020179;419.100960;
1.051913;431.210369;
1.098447;447.705306;
1.049667;427.017546;
1.058774;429.569904;
1.038195;428.743472;
1.183027;479.895480;
1.135779;464.645897;
1.059712;430.613219;
1.043451;426.304942;
1.123413;457.945896;
1.114534;454.397643;
1.041989;426.525019;
1.093779;450.766347;
1.091734;446.025125;
1.070885;435.392756;
1.045373;426.157975;
1.047082;429.979813;
1.088037;441.844827;
1.075558;438.269551;
1.104170;451.902772;
1.138153;468.026494;
1.081671;445.507517;
1.172062;479.139043;
1.203975;495.308362;
1.145062;463.910003;
1.106980;453.343088;
1.054598;435.724116;
1.036133;414.521555;
1.145206;462.827338;
1.068681;432.810008;
1.106627;448.865716;
1.116663;452.708319;
1.067487;435.881066;
1.055671;428.198827;
1.069523;435.938269;
1.127973;458.310289;
1.162117;470.788096;
1.092260;446.140785;
1.093386;447.708235;
1.045523;423.948993;
1.117502;457.343926;
1.104346;451.188314;
1.160198;470.761573;
1.118985;459.434956;
1.047168;427.006696;
1.127703;457.927313;
1.170216;479.596327;
1.128778;456.475920;
1.117234;454.210260;
1.051894;427.816275;
1.103698;450.478526;
1.075916;434.435944;
1.204823;495.347092;
1.164602;477.184747;
1.089661;447.721056;
1.114375;455.870435;
1.086433;444.807891;
1.090933;451.240660;
1.187936;480.999073;
1.113031;452.493412;
1.150570;471.371683;
1.200094;488.986413;
1.031860;422.025394;
1.103213;447.379257;
1.127189;456.584179;
1.111373;450.230237;
1.111330;450.797405;
1.115280;455.096091;
1.171932;482.364963;
1.101173;448.383816;
1.016865;413.614438;
1.120451;455.259435;
1.094908;448.454761;
1.148232;465.307351;
1.048377;425.263501;
1.019618;415.184884;
1.087634;443.902482;
1.112092;452.589982;
1.144250;469.585191;
1.085976;443.437885;
1.039233;425.297518;
1.141283;465.180801;
1.175532;479.546035;
1.080090;441.043783;
1.119134;454.582756;
1.105860;450.785344;
1.166353;472.045211;
1.069751;433.482750;
1.186514;487.587974;
1.177073;478.471982;
1.213382;491.328059;
1.068961;428.973537;
1.102590;446.530354;
1.135357;463.315853;
1.156041;474.110131;
1.067949;430.393643;
1.067193;438.937161;
1.103919;450.006180;
1.078877;433.511011;
1.064253;435.219119;
1.066674;436.363724;
1.120313;454.000809;
1.124146;460.043079;
1.114402;459.701461;
1.117664;455.257816;
1.135702;463.197382;
1.103668;452.647310;
1.086765;436.458622;
1.109488;452.793888;
1.139343;463.931233;
1.112099;453.897566;
1.062868;444.404621;
1.045998;431.168424;
1.127075;459.497596;
1.081369;441.870253;
1.151526;466.664646;
1.118998;457.541255;
1.103121;445.968667;
1.123976;450.853315;
1.117506;451.716954;
1.087150;449.068478;
1.153999;472.376523;
1.079662;442.608602;
1.155636;465.104126;
1.094578;452.512668;
1.120556;461.128260;
1.159919;477.578855;
1.103345;439.949125;
1.141249;461.492698;
1.051133;429.412523;
1.108409;453.340359;
1.082521;440.208206;
1.080763;439.620584;
1.099275;446.297795;
1.196918;490.422130;
1.084336;440.424128;
1.119177;455.773533;
1.099860;450.487589;
1.101213;446.099315;
1.061973;433.617767;
1.106779;450.917539;
1.081447;451.282161;
1.099906;455.359767;
1.111918;454.104891;
1.057767;433.859372;
1.101214;448.613979;
1.110244;445.540095;
1.084968;441.282462;
1.178686;481.940691;
1.090289;449.467588;
1.109805;450.143098;
1.099347;450.852405;
1.068627;438.421988;
0.981178;399.957229;
1.128932;463.442106;
1.106135;452.382231;
1.082212;442.331278;
1.203361;500.920749;
1.033559;426.067133;
0.961269;392.978859;
1.025049;421.395692;
1.130553;464.177724;
1.025730;423.769211;
1.084023;444.512024;
1.112322;452.755766;
1.099331;450.774214;
1.070858;436.845830;
1.127021;457.440021;
1.106599;452.522876;
1.114981;454.163440;
1.142883;471.544554;
1.163844;473.371688;
1.082798;441.916207;
1.132681;467.938856;
1.084335;443.922226;
1.042961;425.544823;
1.103446;442.522236;
1.078019;436.470749;
1.124412;456.729193;
1.140241;467.880669;
1.162862;478.666449;
1.085148;446.457481;
1.067891;439.820383;
1.135985;468.858038;
1.025679;419.060563;
1.163004;471.186616;
1.108219;448.984201;
1.032011;421.209460;
1.098614;450.534131;
1.132575;463.060785;
1.059280;428.590366;
1.099028;445.077427;
1.124311;461.420100;
1.086667;442.262018;
1.023505;409.611038;
1.106120;451.147456;
1.125638;464.500692;
W1;O:0.000587;R:550.459031
1.088224;443.034620;
1.090878;448.432550;
1.097294;454.144557;
1.107045;456.199620;
W2;O:0.000586;R:550.953826
1.071174;451.915998;
W3;O:0.000557;R:551.423603
W4;O:0.000602;R:551.337454
W5;O:0.000569;R:551.377254
