2.03864;609.28;
2.0998;656.11;
1.68563;440.683;
2.04307;648.505;
2.73803;710.661;
1.67274;440.682;
1.16329;290.462;
1.5571;454.092;
3.31208;851.029;
2.2161;567.533;
1.80892;490.634;
1.42389;347.095;
2.07037;550.742;
2.01915;589.749;
1.29324;323.022;
2.22205;568.655;
1.45499;441.66;
1.37748;328.502;
1.55822;482.154;
1.85231;485.29;
1.85609;454.487;
1.90311;495.065;
2.04665;598.231;
1.66538;501.047;
1.62513;467.152;
1.60392;393.952;
0.731193;239.491;
1.37513;366.46;
1.75419;469.488;
1.53435;529.516;
1.45795;414.846;
1.45784;460.992;
1.75145;488.968;
1.74994;476.562;
2.09015;601.767;
1.45399;478.707;
1.45119;408.099;
1.41103;485.216;
1.40606;398.43;
1.2919;357.137;
2.06456;571.208;
1.63698;537.703;
1.49934;432.567;
2.06693;604.001;
2.26016;664.117;
2.20405;577.864;
1.1392;360.186;
1.36392;380.055;
1.14175;359.095;
1.63098;444.307;
1.36685;391.566;
1.32455;364.062;
1.57031;518.756;
2.0697;548.714;
1.45943;463.977;
1.8443;494.593;
0.867894;253.456;
1.15316;349.907;
1.89065;488.376;
1.37091;448.149;
2.31223;587.731;
1.14563;320.361;
1.40958;398.045;
0.931427;320.429;
2.14715;572.841;
1.90256;488.126;
1.21656;412.294;
1.70318;479.605;
1.77458;479.882;
1.28722;373.986;
2.06503;658.887;
1.71485;475.424;
1.26362;424.144;
1.83879;518.069;
1.68117;537.065;
1.4918;416.173;
2.007;524.697;
2.28823;597.492;
1.54804;480.552;
1.51066;455.75;
1.11765;341.051;
1.4324;376.21;
1.22011;319.539;
1.01881;331.211;
2.04;538.625;
1.21273;330.581;
1.181;386.246;
1.74678;575.821;
1.91744;458.026;
2.21259;566.058;
1.33693;466.83;
1.19384;408.344;
1.77405;492.466;
1.90773;508.705;
2.11529;581.158;
1.18532;312.869;
2.04552;523.922;
1.63667;423.521;
1.8641;596;
1.0021;296.25;
1.81918;461.894;
2.04785;598.819;
1.40484;450.433;
1.7883;488.758;
1.89727;539.298;
2.08579;508.658;
2.1917;607.678;
1.46431;455.633;
1.63984;511.414;
1.24635;343.376;
0.924463;304.979;
2.44618;664.46;
2.3727;643.268;
1.47357;494.978;
2.08718;556.517;
1.015;328.285;
1.83984;576.525;
1.86606;477.463;
1.88742;492.355;
1.8808;477.057;
1.81081;501.003;
1.51781;471.276;
1.43168;381.471;
1.50235;403.107;
1.73999;578.542;
1.78492;449.274;
1.09979;319.713;
2.06519;601.108;
1.65225;460.753;
0.994077;309.049;
1.48138;472.979;
1.79531;469.584;
1.669;478.15;
1.18931;327.769;
1.55664;523.102;
1.25027;348.573;
1.97173;540.296;
1.9685;632.856;
1.87774;496.432;
1.55755;413.577;
1.25852;398.531;
1.13397;306.747;
1.41954;407.197;
1.19951;306.873;
1.32647;412.551;
1.16731;363.817;
1.80812;508.143;
1.97458;492.652;
1.87153;511.476;
1.95833;515.681;
2.07686;690.968;
1.52319;475.603;
1.66386;467.981;
1.31963;343.853;
1.45604;398.024;
1.06483;331.803;
1.45775;394.657;
1.48353;490.603;
1.45111;386.815;
1.05807;259.472;
1.10329;353.147;
1.24544;323.7;
1.24141;334.982;
1.05714;320.088;
1.00744;246.706;
1.37181;465.019;
1.69106;443.781;
2.03414;572.757;
1.53466;492.02;
1.83317;486.284;
1.20284;388.656;
2.39623;639.613;
1.41889;357.218;
1.292;276.989;
1.84729;465.392;
2.0149;522.281;
1.70338;423.261;
1.6711;428.789;
1.5439;375.069;
1.35231;339.306;
1.5368;446.161;
1.43043;361.274;
1.50224;456.969;
2.2834;524.061;
1.7295;428.896;
1.51772;453.68;
2.0859;515.004;
1.91004;560.795;
2.07762;499.03;
1.76047;405.447;
1.60544;403.69;
1.20281;367.817;
1.74541;521.153;
2.28953;586.185;
1.22597;305.54;
2.1996;553.302;
2.2564;589.51;
1.36873;418.79;
1.53627;485.015;
1.31883;350.195;
1.95692;489.684;
1.18007;309.689;
1.61325;416.563;
2.3399;597.398;
1.09142;279.595;
2.36349;742.875;
2.01931;521.799;
1.95208;524.799;
1.88364;537.828;
1.68835;413.796;
1.81615;468.102;
1.85633;488.31;
1.78971;480.384;
2.06397;563.172;
1.22256;368.222;
1.02751;308.706;
2.08936;550.922;
1.28302;389.333;
1.65839;422.762;
1.76524;464.043;
2.48385;657.426;
1.33304;430.903;
1.22433;369.844;
1.30185;327.187;
0.982281;261.738;
2.30786;602.112;
2.29698;593.151;
1.35763;362.03;
2.10105;596.848;
1.75605;465.437;
1.09971;303.305;
1.87002;529.615;
1.89279;584.498;
1.80479;441.926;
1.90687;517.262;
1.2826;337.151;
1.20012;349.7;
1.84826;466.186;
1.86283;583.389;
1.49291;396.298;
0.853712;269.832;
1.32229;346.06;
2.29259;607.968;
1.45796;355.092;
1.56502;478.053;
1.63767;420.562;
1.6974;443.804;
2.11292;547.169;
2.04062;510.096;
1.83548;575.917;
1.40032;363.955;
2.4765;616.012;
1.19401;316.176;
1.91595;549.32;
1.73965;482.078;
1.57356;412.62;
2.1617;537.343;
2.34954;560.836;
1.2153;377.011;
2.03742;506.233;
1.34846;376.129;
1.12624;355.081;
1.86069;483.455;
1.51603;375.847;
1.92084;500.224;
1.81002;557.178;
1.91849;436.003;
1.04435;242.978;
1.37933;393.497;
1.61581;426.725;
1.88411;494.417;
1.3572;318.031;
1.51958;474.547;
1.51652;364.928;
1.56337;477.024;
1.12384;297.816;
1.8556;456.098;
1.61625;430.861;
1.92542;576.682;
1.82371;471.636;
1.59955;391.994;
2.24951;731.448;
1.2749;322.25;
1.78711;469.391;
1.04793;271.895;
1.49523;459.238;
1.94106;547.808;
1.32852;421.952;
1.52342;385.125;
1.69346;399.275;
1.4749;470.944;
1.82877;457.647;
1.22387;384.74;
1.57947;423.234;
1.82066;452.14;
1.85854;466.928;
1.17448;325.266;
1.55233;409.715;
1.83461;522.952;
1.14948;362.237;
2.03229;538.556;
1.52027;373.802;
1.54015;402.059;
1.62963;498.074;
2.32591;610.994;
1.44033;420.801;
0.921384;229.799;
1.78659;477.78;
1.59088;434.284;
1.27647;403.54;
1.59161;414.433;
1.29031;398.769;
0.777131;239.658;
1.35347;356.636;
1.71914;465.509;
1.91105;482.527;
1.14467;352.492;
1.53183;481.997;
1.79803;425.654;
1.86392;493.476;
1.37157;421.668;
1.46027;399.069;
1.96692;494.644;
1.20108;369.733;
1.61098;398.126;
1.59305;400.847;
0.897138;286.848;
1.46461;381.503;
1.62273;480.681;
1.85867;493.473;
1.93543;524.184;
1.20218;379.455;
1.54572;395.117;
1.83901;461.898;
2.05191;484.423;
1.43731;372.475;
1.06989;320.313;
1.53554;401.446;
1.09927;263.75;
1.48055;464.073;
1.66718;403.686;
1.67561;425.884;
1.0931;327.661;
1.10979;300.761;
1.23746;370.012;
1.41502;380.146;
1.84316;486.479;
1.45522;366.304;
1.52153;471.976;
1.1843;304.868;
1.201;328.12;
1.08963;342.432;
1.49974;390.956;
1.83286;578.934;
1.55397;398.565;
1.05737;300.875;
1.53501;403.891;
1.94016;511.795;
1.43903;424.616;
1.51138;393.119;
2.01698;484.663;
1.376;402.134;
1.82278;469.049;
1.69628;386.721;
1.54664;415.777;
1.74027;473.257;
1.24446;403.13;
1.92528;594.608;
1.88921;489.53;
1.74983;454.821;
2.03993;517.333;
2.87873;788.455;
1.03418;324.502;
2.11876;612.089;
1.27727;314.395;
1.68707;431.706;
1.52368;445.082;
2.27806;673.417;
2.13656;561.64;
1.35813;369.894;
1.31837;316.757;
1.54145;490.753;
1.27048;358.843;
1.66279;449.571;
1.13081;304.518;
1.96867;545.011;
1.44709;396.399;
1.36301;364.748;
2.16333;677.308;
1.38294;413.31;
1.92892;659.97;
1.70792;464.016;
1.44483;363.343;
1.40998;483.868;
1.21549;323.21;
2.15052;603.302;
2.02019;563.38;
2.03792;638.065;
1.33176;411.963;
1.75956;464.456;
1.34196;440.21;
1.01288;299.164;
1.55011;433.677;
1.93542;521.386;
2.04624;545.981;
1.45245;382.84;
1.07559;361.429;
1.61956;456.737;
1.79371;457.321;
2.21325;709.871;
2.21373;555.44;
1.68552;453.522;
1.50159;489.903;
1.46905;405.951;
1.25812;377.649;
1.23576;343.094;
1.6699;433.654;
1.71766;496.4;
1.53829;440.299;
1.41123;403.681;
0.928754;307.136;
1.65887;464.33;
1.53585;426.851;
1.44482;368.88;
1.17017;318.411;
1.20475;355.815;
1.4273;461.767;
1.32149;439.086;
1.43995;389.372;
1.53907;415.924;
1.70498;445.882;
1.21812;365.997;
1.59887;524.75;
1.6138;429.416;
2.28532;638.038;
2.05613;485.909;
2.45159;661.148;
1.70502;461.351;
1.64773;530.463;
1.59294;401.405;
1.61756;402.098;
1.43729;411.85;
1.01128;316.79;
2.02636;475.072;
2.01559;535.766;
1.29772;377.038;
1.30557;356.408;
1.70714;431.815;
1.33527;309.684;
2.59492;617.573;
1.46074;378.487;
1.1553;358.014;
1.28861;385.264;
1.57622;391.193;
1.00553;237.89;
1.77391;456.496;
1.19453;361.022;
1.45955;428.009;
1.44253;373.229;
1.66019;428.574;
2.75493;602.758;
2.05617;534.548;
1.65182;410.731;
1.30994;405.384;
1.69634;409.406;
1.538;347.038;
1.82922;468.329;
1.41902;425.943;
1.7792;444.58;
1.85862;568.807;
0.976157;243.417;
1.31506;328.166;
1.41443;371.921;
1.18648;359.786;
1.73932;450.284;
2.6885;663.161;
1.97848;500.164;
1.35671;392.782;
1.66283;454.374;
1.49941;466.559;
1.5945;379.227;
1.88591;491.327;
1.96604;609.257;
3.23191;813.925;
1.80049;524.044;
2.17717;550.171;
1.91084;470.195;
1.64506;412.995;
1.254;331.467;
1.74247;537.661;
1.71141;410.079;
2.2565;696.897;
1.549;378.676;
1.70108;429.982;
2.03082;539.281;
W0;O:0.844765;R:135.431
1.38175;390.804;
W1;O:1.03081;R:135.348
2.11961;627.825;
W3;O:0.323487;R:136.101
1.98973;522.381;
W5;O:0.69867;R:135.737
1.82306;532.166;
W4;O:0.496582;R:136.456
2.09068;664.212;
W2;O:0.155421;R:137.69
