0.385540;171.364825;
0.860378;415.424073;
0.865131;387.198832;
0.921790;371.699900;
1.165420;549.751553;
1.314005;550.569400;
0.834110;304.378518;
0.902725;262.956308;
1.096340;501.843172;
1.594458;713.516689;
0.980567;426.447097;
0.630385;258.914290;
0.976563;428.673664;
1.285976;473.090128;
1.027359;437.753784;
1.579841;701.271246;
1.434798;615.026742;
2.423363;808.805128;
1.233673;502.619464;
0.737451;303.868299;
1.232613;510.840171;
0.926808;405.987019;
1.394683;594.850356;
1.521192;638.133438;
0.595204;251.425004;
1.281528;497.434211;
1.927747;769.531957;
0.679973;272.635222;
1.186696;542.553351;
1.106102;378.645278;
0.654633;236.449358;
1.437498;575.538091;
0.862022;372.575039;
1.211126;455.417835;
1.074784;394.035729;
1.335928;570.911932;
0.773494;316.579238;
1.513192;552.823835;
0.924423;387.589856;
2.096835;882.675145;
1.697851;710.341942;
0.592907;242.616382;
1.055319;454.728540;
1.201143;481.038461;
0.929426;376.462019;
1.142765;480.069596;
0.690905;285.431557;
0.705278;294.854334;
1.988647;807.729505;
0.800915;335.529366;
0.820912;357.613308;
0.971394;391.988367;
1.053675;401.571035;
1.626316;657.651398;
0.706788;270.719943;
1.621738;684.403495;
0.752973;323.340168;
1.948303;744.005261;
1.107467;474.644603;
0.629387;267.945233;
0.592396;225.336623;
1.147386;442.265930;
0.908175;357.338627;
1.358136;525.481445;
0.978329;432.964054;
0.982054;381.105368;
1.072357;452.429174;
1.087463;434.214938;
0.500676;229.088515;
2.023662;832.716846;
1.209704;539.322440;
1.160569;467.205345;
1.534549;553.651205;
0.470670;206.706989;
1.673858;609.973669;
0.879144;369.196257;
1.301905;481.449702;
0.552058;219.566987;
1.387725;586.002842;
0.633337;219.132104;
0.703382;310.143065;
1.153419;434.734536;
1.841847;797.762210;
0.571557;239.316465;
0.955928;407.213625;
0.586322;260.416580;
1.177567;522.310199;
0.883609;366.776401;
0.631582;152.444270;
0.980561;369.081332;
0.878678;373.614794;
1.538383;689.995625;
1.332425;501.358777;
1.034076;368.339312;
1.675468;625.564050;
1.454759;611.322708;
0.902577;393.849322;
1.705651;685.095819;
1.004550;375.774853;
1.087081;421.964647;
0.657878;275.344924;
2.292405;1047.358881;
0.756880;303.431643;
1.106543;396.711245;
0.523841;207.733820;
0.897356;393.140922;
1.414318;631.606251;
1.350466;522.966365;
1.211049;499.236179;
1.160908;441.134212;
2.038010;755.990402;
2.049378;899.675848;
1.004337;390.322210;
2.311265;886.428095;
0.745569;326.119428;
1.142209;392.773201;
0.999316;439.278197;
1.002816;397.646303;
0.799731;326.505165;
1.587613;683.037109;
0.583260;230.505046;
1.842648;802.757793;
1.091730;462.690852;
0.606436;207.943437;
1.520140;537.951708;
0.288122;124.459431;
0.509912;229.642855;
1.734966;692.963891;
2.642907;1054.463040;
1.032128;403.891169;
1.718093;682.911128;
2.693783;1010.264665;
1.038488;452.857357;
1.113594;449.141041;
1.199115;482.961415;
0.797810;313.863713;
0.559705;251.680936;
0.716711;283.235564;
0.831123;315.193397;
0.883492;352.513058;
1.932950;820.732499;
1.667152;682.052123;
1.238979;390.293759;
0.510740;183.937692;
1.021011;416.563877;
0.808262;311.747457;
0.441123;186.702416;
0.745488;282.554915;
0.907083;357.499114;
1.108693;442.519661;
1.626276;677.165487;
1.292679;522.215887;
1.230795;499.443742;
1.473124;601.428737;
1.044051;408.887356;
1.555065;607.589364;
2.071273;648.911674;
1.603629;733.475665;
1.036612;306.798679;
0.831149;320.359145;
1.127571;420.581066;
1.395168;516.007918;
0.876806;346.971635;
1.314472;506.212614;
0.599220;235.762869;
0.995262;372.172573;
1.208524;541.403235;
0.996786;352.665530;
0.922290;377.012441;
1.379779;451.856741;
0.762403;312.613771;
1.817024;717.844300;
0.686868;194.504667;
1.100492;452.634172;
1.207533;434.097333;
0.851998;342.000002;
0.552890;235.875019;
0.879139;374.017352;
1.391516;468.568567;
1.330050;591.520637;
0.870580;333.590023;
1.077941;433.908703;
1.236916;388.312927;
0.575169;233.873075;
0.547351;211.927409;
1.048040;412.076259;
1.100386;478.362474;
2.032171;842.258610;
1.042937;396.270770;
1.327486;503.880095;
0.598528;252.209051;
0.854163;367.624695;
1.250888;429.603227;
1.225641;501.773380;
0.631419;229.427359;
1.221850;492.872604;
0.462749;189.986321;
0.888218;343.458011;
0.838500;317.851211;
0.890816;296.852347;
1.139977;434.889296;
1.193821;478.155358;
1.314136;552.174075;
0.514857;179.451258;
0.658196;276.518143;
0.428193;162.531853;
1.273163;553.131057;
2.392794;1018.633528;
0.703124;244.185768;
1.488096;633.784238;
1.694485;742.832676;
1.054715;461.367704;
0.797271;217.595778;
1.143125;422.170073;
0.710643;295.146212;
1.104050;403.127729;
1.216703;476.622991;
0.948689;397.778671;
0.594994;263.906869;
0.587508;220.996514;
0.674251;258.576095;
1.424775;443.157539;
0.757787;319.979104;
0.591433;255.229498;
0.807284;298.390784;
0.731992;250.423170;
1.753667;638.964151;
0.391029;155.744987;
0.542754;195.113876;
1.066356;377.321739;
1.342211;573.780334;
1.341141;489.027821;
0.737566;278.225874;
1.084444;457.350595;
1.138013;453.779235;
1.207039;471.744181;
1.503430;642.119416;
0.947879;408.934611;
1.010699;421.027610;
1.234450;502.575450;
1.547044;657.332401;
0.771925;252.108628;
0.269053;119.050759;
1.200832;524.735772;
1.483985;628.256751;
1.903414;731.833705;
0.813760;316.036718;
1.016136;443.396793;
0.920422;387.527413;
0.413000;186.495260;
1.213078;511.010459;
0.887657;353.971449;
0.967180;407.932348;
1.855401;769.931237;
1.703469;629.625679;
0.760482;322.020923;
1.353598;560.626764;
0.968430;338.633249;
1.310091;509.871781;
0.632001;267.497589;
0.969795;427.291521;
0.557349;200.495313;
0.864084;282.102624;
2.390155;760.733658;
1.782606;736.159805;
0.627566;264.151011;
0.773622;285.635006;
0.863270;351.363473;
1.694053;641.472145;
0.985339;424.060240;
1.267059;500.302952;
1.015787;360.292127;
0.187076;77.577409;
0.845372;338.040585;
1.325049;545.521362;
1.260328;557.810835;
0.865993;382.137822;
1.087100;431.655834;
1.209404;523.183962;
1.225481;474.074479;
0.628014;260.830424;
0.719734;309.797274;
0.689929;274.801619;
0.549389;229.579586;
0.415785;170.696670;
1.286666;545.273692;
0.707574;245.872442;
0.635226;265.489527;
0.716076;214.808723;
1.964008;776.399825;
0.869440;353.107225;
1.084477;442.177739;
1.162304;534.087806;
1.563648;664.767483;
1.560991;638.051925;
0.986443;411.814124;
0.700966;285.163611;
1.401447;569.923311;
0.729926;308.048638;
0.930366;397.325076;
1.335053;565.526609;
1.658114;656.954500;
1.649162;657.062393;
1.294325;429.034913;
1.118521;447.661281;
1.309396;506.901747;
1.258750;530.191624;
0.422629;171.832176;
1.176195;498.816911;
0.420892;173.732613;
0.800638;351.656933;
0.966117;359.143160;
0.617925;215.347700;
1.104378;387.335630;
1.337317;592.236716;
0.334356;128.727455;
0.473702;189.366021;
0.966952;374.955602;
2.113005;769.916658;
1.178421;406.272697;
1.884881;720.823155;
1.017590;440.467174;
0.688137;276.582230;
0.736118;288.179050;
0.791928;299.109468;
0.953731;388.451513;
1.327916;482.109314;
1.160544;477.374807;
1.080303;373.399333;
1.109821;481.979471;
1.290750;503.818375;
1.639671;630.887376;
1.138426;307.173583;
1.415153;602.209459;
0.673945;262.984101;
1.065759;431.484533;
1.321382;584.754073;
0.921155;373.397557;
1.044629;395.468517;
0.990793;403.809429;
1.771610;767.245179;
0.737398;282.113335;
1.512587;613.236549;
0.657239;270.357068;
0.259968;101.928338;
0.952242;429.726994;
2.359429;933.323071;
0.930996;419.736208;
1.613568;537.766762;
0.958130;396.716096;
1.291844;513.362918;
1.302159;547.003315;
1.600544;601.604798;
2.255760;847.881061;
0.550030;236.233498;
1.611721;653.207182;
0.823179;335.707202;
1.144040;290.525729;
1.524312;596.962338;
1.178692;436.038858;
0.932984;415.849589;
1.026701;392.843324;
1.252142;488.528392;
0.805318;322.383976;
1.744793;726.464058;
1.244631;545.480739;
1.775199;728.984660;
2.278348;643.157852;
0.796785;306.486682;
1.175089;451.165192;
0.960814;414.368248;
1.400526;601.810869;
2.017881;880.351196;
0.971516;422.757506;
1.451913;616.205631;
1.157610;466.856438;
1.872295;801.591288;
1.127733;483.420547;
1.101318;428.108367;
0.720975;295.151799;
0.808548;341.077149;
0.688325;272.439134;
1.197858;501.753896;
1.044149;394.137781;
2.808998;1294.045321;
0.715337;269.784858;
1.055699;461.639528;
2.083290;825.854895;
0.989632;392.585283;
1.045118;429.517385;
1.403330;554.093989;
1.290383;503.731110;
0.358594;158.379725;
1.405072;600.711819;
1.598298;654.687398;
1.517866;631.753866;
1.706966;671.481587;
1.360913;472.219504;
0.912505;334.919032;
2.470210;865.654510;
1.280368;497.716967;
1.755912;757.613629;
0.808536;340.467619;
2.423823;897.896314;
1.037106;386.084589;
0.530850;172.269200;
0.344359;125.681248;
1.258651;518.729731;
0.383555;146.094995;
1.698470;519.238713;
1.159509;451.026526;
1.481446;626.360149;
0.510005;216.797899;
0.698023;296.466657;
1.653598;569.354429;
1.378667;484.790528;
0.611371;221.751252;
1.423042;562.838179;
1.100187;454.321960;
0.932368;355.191705;
1.834658;736.915972;
0.640457;274.124051;
1.357182;592.776320;
0.748226;310.275466;
1.133488;466.807422;
1.925434;836.518521;
0.759477;278.521546;
1.526173;655.075903;
0.891433;363.909752;
1.122320;434.174090;
0.673179;276.394332;
1.412917;578.523731;
0.965104;421.887632;
0.388134;163.378538;
1.639894;694.266834;
1.165013;491.468685;
0.430378;188.665447;
1.637081;640.462170;
1.122460;403.497080;
1.342862;517.495979;
1.288198;488.904307;
1.101416;450.110767;
0.646730;275.834146;
0.992083;417.596085;
1.059666;399.122188;
1.151760;472.342843;
1.648007;653.166814;
1.258335;398.425183;
0.666105;277.380991;
0.444373;204.063329;
1.001350;422.528073;
1.005226;420.493653;
1.124745;431.584216;
0.829486;307.342615;
0.868180;360.594746;
1.542969;680.694654;
1.037493;448.153292;
1.230532;479.994856;
0.957622;400.477978;
1.613562;679.105329;
0.918208;387.959301;
1.468280;647.989015;
1.091999;441.512787;
1.778226;800.668086;
0.969534;339.644864;
1.131002;427.619503;
0.589366;203.538609;
1.181971;424.720051;
0.371908;140.399844;
0.474909;175.219918;
1.065303;370.673745;
1.585725;691.188036;
1.597425;578.329982;
1.430294;610.309167;
0.758522;294.082692;
1.739645;572.114722;
1.219633;497.059433;
0.537175;199.004763;
0.767363;296.413600;
1.177820;492.741579;
1.219847;474.269966;
0.993228;349.861139;
1.110818;495.925021;
0.935594;353.306390;
0.620625;267.690087;
1.304665;504.658983;
0.717240;312.080333;
0.504557;201.920707;
0.739678;300.457130;
0.811118;322.315458;
1.135803;424.786119;
1.314102;504.281040;
0.735170;291.411676;
1.295117;541.415653;
0.661618;268.108508;
1.601816;710.439587;
1.553707;624.961043;
2.302204;969.772037;
1.869594;770.338141;
1.110068;464.907500;
0.750259;302.560317;
1.114841;420.390416;
M0:0.001407
W0;O:0.000092;R:94.094905
1.627496;612.679877;
0.380820;149.667076;
1.631881;531.197009;
1.475205;590.008683;
0.981422;396.052255;
1.268274;491.857489;
1.595086;615.854079;
1.160418;441.399466;
0.963771;355.633591;
1.157445;482.286238;
1.523553;560.188221;
1.523603;628.351802;
0.758567;304.469788;
0.780920;317.172813;
2.104217;892.303008;
1.361836;562.375061;
1.648363;617.763749;
0.442293;160.671132;
2.009673;778.144533;
0.846176;342.779316;
1.187894;482.246482;
0.828263;335.200640;
0.773651;334.708235;
0.909860;394.130293;
0.629862;286.792403;
0.893218;376.346253;
0.955361;382.032341;
0.947906;335.506910;
1.592735;687.420634;
1.608509;608.872520;
1.550435;628.675697;
0.959390;426.652792;
1.585260;681.877935;
1.365887;575.254717;
2.381368;862.829885;
1.069562;421.042755;
1.420795;564.114102;
0.866409;382.850106;
1.063706;407.930999;
1.124008;456.582772;
1.216124;484.019353;
1.350108;612.332084;
1.098974;432.663843;
1.158607;415.006137;
0.709226;301.190609;
1.121558;453.420903;
0.839691;331.226037;
0.892803;241.502297;
1.299295;482.982991;
1.538238;656.074137;
1.360198;557.243113;
1.269974;518.967427;
0.820488;296.145332;
1.040214;390.437731;
1.370825;540.618404;
0.970731;404.167193;
1.339647;538.464821;
0.839787;321.641902;
1.992546;836.344482;
1.497506;632.349864;
0.677984;304.693238;
0.354108;136.679835;
1.421942;528.924789;
0.946623;384.670438;
0.436401;192.381346;
0.802050;366.209110;
0.851212;373.584480;
0.624794;269.929024;
0.915329;370.402490;
1.314408;432.043507;
1.799873;729.736114;
1.623661;640.650675;
0.994073;446.511797;
1.356832;517.645288;
2.181415;897.151446;
0.505743;223.899056;
1.335462;543.037505;
1.529238;575.929312;
1.528765;656.097556;
1.465720;594.665776;
0.653953;255.415581;
1.588871;642.554736;
1.203701;536.323150;
0.373755;172.850040;
1.482978;587.473545;
1.270315;451.851200;
0.563967;229.565452;
0.578525;234.884417;
2.430360;1058.447784;
1.300821;554.176040;
0.739931;334.609205;
1.464416;582.992309;
1.440473;669.225253;
1.615929;704.114685;
0.946619;425.241811;
1.372018;547.597817;
1.594500;610.129790;
1.795966;729.875700;
0.906861;364.168178;
0.978175;426.349611;
0.408970;161.205807;
1.217002;503.417668;
1.033195;460.898349;
1.411927;545.413091;
1.160146;447.390074;
0.989363;362.964046;
0.851893;336.875059;
1.290814;525.170458;
1.348330;566.516959;
1.986179;782.459096;
0.959236;416.898701;
2.019055;875.064838;
0.616395;271.630724;
1.325866;401.311132;
0.955325;403.369570;
0.984902;389.930522;
1.345482;569.442435;
1.491133;495.361560;
1.276867;490.861607;
0.893661;368.179375;
0.919737;374.562778;
0.756176;311.243085;
0.643338;266.089474;
1.290295;533.284461;
0.915106;377.777956;
1.608549;663.750261;
1.204859;537.804913;
1.638406;716.524485;
1.315266;569.149709;
2.060099;932.428140;
0.762171;330.507758;
1.295721;487.911705;
0.595291;253.147277;
1.106428;426.667353;
1.691310;580.613903;
2.049573;770.540649;
0.691206;314.707287;
0.469223;185.168989;
1.930178;822.601947;
1.895741;766.471854;
1.052444;442.097162;
0.345079;138.022056;
0.715498;268.268781;
1.157207;486.969535;
1.111739;413.727139;
0.490904;205.898801;
1.211167;479.518035;
0.565438;239.482229;
2.886328;1042.390105;
0.362811;155.886833;
0.970830;404.231635;
0.670088;277.706611;
1.048536;436.869941;
1.305028;520.032181;
1.142811;409.591640;
0.639323;237.717978;
1.164293;464.365735;
1.380548;519.337421;
1.324422;536.337160;
0.761914;287.001946;
1.127180;453.772765;
0.766204;310.922611;
1.334121;525.304378;
1.613683;629.102432;
1.427065;573.950095;
1.041253;478.880853;
1.362200;398.468149;
1.100759;448.079546;
1.045943;408.814454;
0.575732;246.094479;
0.998195;449.398041;
0.685444;293.574690;
1.573765;609.796856;
1.123061;403.906094;
0.835126;328.620592;
1.025222;397.905406;
0.967554;374.194656;
0.950563;389.745532;
1.899732;763.855231;
1.589584;432.048681;
1.166904;528.435465;
0.968167;419.697417;
1.226798;525.879596;
0.613232;251.020729;
1.068024;435.579332;
0.994499;281.596567;
0.700885;294.548680;
1.040006;459.377466;
0.896562;369.921457;
0.952492;361.253358;
0.815778;332.842360;
0.377152;156.299424;
1.334704;516.223932;
0.731786;212.407473;
0.742781;284.298723;
1.396137;565.021721;
1.459994;620.510386;
0.923275;350.106906;
1.078209;442.889700;
0.795232;347.810110;
2.247113;920.568632;
0.715798;299.856240;
1.467829;571.784315;
1.984836;735.310254;
1.366643;590.627258;
1.008445;375.937727;
1.069758;458.706480;
1.959243;746.481759;
1.083293;439.980739;
1.160964;479.802402;
0.633786;257.268750;
1.379105;553.813804;
1.149341;453.971378;
1.734607;660.243416;
0.685624;299.538599;
1.594392;677.407425;
0.581076;221.525028;
1.844083;731.430583;
1.612761;613.721831;
0.968401;398.420964;
2.255680;918.432370;
1.270783;532.765141;
1.147388;412.733275;
1.227596;494.175050;
0.654436;254.420882;
1.182362;518.312839;
0.871216;334.181501;
0.698785;304.863607;
1.101178;478.808297;
0.453270;200.100589;
1.357862;536.659433;
0.809912;350.972644;
1.262067;503.812977;
0.717545;306.620880;
1.484239;593.789098;
1.425381;675.144589;
1.051360;385.810467;
1.391060;587.679742;
1.019817;412.049518;
2.312660;976.829577;
1.503332;541.489811;
1.229513;507.878645;
0.692697;218.379343;
2.506347;991.082264;
1.121060;420.610049;
0.833384;338.460137;
1.266744;450.098433;
0.819786;348.328841;
0.601154;258.348313;
1.435932;618.187349;
1.155965;418.420743;
0.885745;367.037209;
1.040400;396.093765;
0.864093;379.425832;
0.391406;155.395501;
1.711293;771.670922;
1.181799;471.223821;
1.368111;364.582156;
0.922219;391.657863;
1.031266;420.298722;
1.603478;656.818754;
1.073028;470.563803;
0.715027;322.922996;
1.633549;757.972258;
1.089054;424.676645;
1.715508;739.576026;
1.332277;558.749504;
1.206559;453.538769;
1.312614;469.749825;
0.776897;320.722605;
0.602365;243.592834;
1.035511;357.725252;
0.934459;411.240576;
2.660594;1040.298474;
1.209585;473.765831;
1.475444;643.939678;
0.661919;273.589827;
1.518559;596.928260;
1.066856;427.568718;
0.750841;311.003788;
0.890825;358.276077;
1.113772;427.582677;
0.991277;423.784719;
0.694866;283.446074;
1.201518;535.969216;
0.766649;294.209538;
2.252973;879.612562;
1.196903;483.560492;
0.850829;257.020074;
0.998962;318.334053;
0.886041;309.043781;
2.683879;1090.726287;
1.578374;691.588995;
2.321488;1017.164326;
0.862063;360.092559;
0.844662;321.194909;
0.586633;221.925240;
1.581769;659.171779;
1.322581;543.265362;
0.395215;170.833410;
1.492125;521.628649;
1.917704;738.481008;
1.412978;555.422980;
2.108274;861.665104;
0.912139;374.276548;
1.557812;634.648651;
0.816789;186.766665;
1.346998;568.259519;
1.074432;298.702977;
0.923042;370.691082;
1.106529;443.531331;
1.401645;496.588197;
0.947621;387.899590;
0.446240;187.522119;
1.605148;712.295662;
1.725692;715.095632;
1.508580;592.325862;
0.767426;343.637531;
1.325498;544.846290;
1.223838;468.898313;
0.916503;393.355711;
1.311137;549.879067;
1.085676;452.350568;
1.100871;425.528415;
1.017839;420.774786;
1.444242;535.375371;
1.171842;516.013350;
1.433354;565.179503;
1.326222;551.519551;
1.349783;456.035268;
1.292172;582.981444;
1.802246;698.653834;
0.790144;282.466288;
0.873740;295.698663;
2.509076;878.034378;
0.689254;246.065667;
0.665644;259.939359;
1.108434;452.167908;
1.035840;425.766554;
2.131011;805.244331;
0.588424;229.728826;
0.485712;192.403882;
0.561101;245.581108;
0.941192;396.828066;
1.081867;457.533325;
1.244348;402.961251;
1.245964;459.686566;
1.194830;498.737458;
1.616487;633.921602;
0.754806;340.103858;
1.181562;483.225769;
0.879292;375.515578;
0.966986;380.061500;
1.437906;578.992576;
1.266835;583.131124;
2.023060;852.449188;
1.058245;419.949855;
1.335579;517.392022;
1.353367;543.579834;
0.723280;328.983809;
0.920772;340.840361;
1.031407;326.503593;
0.587421;254.933284;
1.640728;501.265743;
1.287488;431.755388;
0.895811;309.893862;
1.146910;456.290564;
0.555400;211.230424;
1.022133;376.094847;
1.361488;593.287603;
0.576734;209.476457;
1.378127;563.829865;
0.743793;297.530226;
1.414214;630.667022;
1.568809;610.598565;
0.338908;128.924706;
1.891028;815.531182;
0.479195;198.996658;
1.142382;447.788172;
1.410822;585.587460;
1.891438;740.240736;
0.574592;236.510940;
0.824368;286.233238;
1.045866;440.500931;
2.243494;880.950116;
2.284148;942.906282;
1.834831;749.143820;
0.761929;348.397285;
0.738218;266.739019;
2.007221;718.204530;
1.573283;618.981930;
1.290018;569.839145;
2.304074;945.792783;
1.374790;500.812349;
0.713919;284.650558;
2.221722;872.307723;
1.343809;500.825052;
1.296236;489.424392;
1.764610;640.000641;
1.045482;441.175666;
0.820753;337.655227;
0.511967;214.248453;
1.127893;475.031399;
1.049576;427.438211;
2.213992;838.109496;
0.952605;422.637060;
0.797029;297.172001;
1.507122;651.218955;
0.732011;289.959593;
1.108661;427.788783;
1.351251;632.058361;
1.511175;562.977318;
1.462810;630.088153;
2.416954;941.142945;
0.662262;260.819769;
0.900386;388.247648;
0.967911;327.696463;
1.352004;503.054602;
0.750167;282.615513;
0.506815;202.539901;
1.559670;622.961419;
0.876646;286.847858;
0.944735;407.191303;
1.128740;455.615516;
1.455101;588.288681;
1.472871;592.372842;
1.104864;450.425925;
0.727344;251.152829;
0.852347;368.615494;
1.388119;630.787233;
1.537381;617.852956;
0.843707;351.353432;
1.156374;494.935987;
1.309895;588.860201;
0.712618;270.125746;
1.289195;556.851904;
0.919539;384.456129;
1.395558;553.289363;
1.153824;352.461288;
0.602859;223.720322;
1.037323;393.614531;
1.575912;728.579004;
0.596616;228.032047;
1.161468;453.536028;
1.312147;538.306742;
1.147864;440.412477;
0.682315;274.087647;
1.063704;447.705662;
1.390088;570.926950;
1.027912;333.974785;
0.985647;427.531955;
0.628576;264.930230;
1.250023;523.181032;
0.812454;280.876066;
0.617916;254.863822;
1.301463;295.012449;
0.629987;266.524052;
0.893665;406.314650;
2.054432;853.808098;
1.115987;509.266155;
1.622691;672.122772;
1.781922;763.462555;
1.265710;470.885242;
0.806728;336.163937;
1.019320;425.594857;
1.647058;696.185097;
1.067063;420.798151;
1.952513;877.938460;
1.419500;552.963467;
1.303180;515.668849;
0.436640;165.591187;
0.943369;366.170650;
1.532830;596.225523;
1.421435;496.389215;
0.723781;310.373287;
0.917615;372.667041;
1.622699;599.146993;
0.347449;152.376143;
0.977259;422.248021;
0.242492;105.817963;
1.045207;462.344991;
0.845516;368.705797;
0.946894;371.833579;
0.652825;243.191356;
0.975868;414.857564;
0.971150;426.824310;
1.213811;450.449178;
0.428167;178.608944;
1.250152;523.976115;
0.466641;187.605281;
1.948447;794.372139;
1.636921;726.855888;
1.418924;653.642332;
0.692226;275.940348;
0.923089;388.576567;
1.399576;624.942591;
W1;O:0.000193;R:191.173029
W2;O:0.000199;R:189.999361
1.517850;632.081541;
W3;O:0.000205;R:190.102281
1.567983;730.127755;
W4;O:0.000194;R:191.368000
W5;O:0.000200;R:190.553294
