0.37567;87.6382;
0.757018;294.94;
1.25931;479.394;
1.6328;567.319;
0.268054;96.668;
1.27072;201.589;
1.09704;283.594;
1.68164;513.398;
0.686055;185.897;
0.626752;174.885;
3.34286;1189.46;
2.1583;632.189;
1.04034;335.07;
1.23525;299.678;
2.03528;567.607;
0.960122;222.236;
0.362963;107.032;
1.16872;247.834;
1.22157;420.091;
1.58031;441.483;
5.07109;1508.16;
0.766448;157.03;
4.99424;1299.92;
2.35696;645.445;
0.462924;119.329;
1.50277;414.161;
1.98125;548.073;
1.76212;611.166;
1.95667;588.356;
1.89193;531.834;
1.37132;309.688;
4.98314;1754.32;
1.93811;636.944;
2.46453;663.885;
0.146595;32.162;
1.26633;331.725;
0.959984;248.544;
1.58374;459.952;
0.676713;156.285;
1.54927;427.099;
3.48057;776.261;
0.763444;208.345;
1.16355;265.519;
3.94551;1149.08;
0.983895;236.769;
0.646907;166.942;
0.628539;213.604;
3.70064;1115.09;
1.95271;493.184;
1.26136;389.709;
1.81614;662.626;
0.409222;149.501;
2.46906;670.926;
3.12292;659.394;
0.950381;277.553;
3.11661;896.009;
2.6508;801.003;
1.0479;197.814;
3.48159;977.933;
1.63975;497.976;
1.14873;340.462;
1.21221;332.925;
1.76412;445.222;
1.88984;536.068;
2.55161;508.203;
2.15666;534.857;
0.736899;205.581;
2.03564;584.479;
1.10318;315.164;
1.74671;625.344;
0.63253;208.817;
1.7105;545.191;
3.63721;931.613;
3.04989;785.432;
2.43277;626.549;
2.38274;677.55;
1.43861;438.487;
1.40681;452.556;
0.383406;103.084;
1.30557;359.133;
0.613132;91.3177;
2.248;661.12;
0.925243;269.606;
1.30772;240.898;
0.969582;254.344;
0.370858;106.067;
0.658942;181.887;
0.809824;229.309;
0.776333;211.292;
3.03861;828.953;
0.394059;116.486;
1.11815;278.455;
1.77241;482.027;
2.22353;648.961;
0.621731;174.444;
0.756777;208.85;
0.691274;235.115;
1.48401;450.916;
3.98884;891.028;
3.72143;1080.16;
2.1092;590.661;
1.01245;208.503;
2.83578;1016.54;
3.40938;951.539;
2.39782;646.401;
2.40939;817.247;
1.32066;279.838;
1.58798;555.078;
0.676559;230.624;
2.52484;704.319;
0.441098;169.24;
3.46852;1035.22;
0.278474;77.5709;
2.4943;646.301;
2.38411;361.895;
1.19613;277.316;
1.83888;517.039;
0.818992;239.94;
0.84029;194.726;
3.37159;1119.96;
3.64489;822.754;
1.86573;494.384;
4.10885;1396.02;
1.50202;350.774;
0.453137;125.52;
0.935236;287.256;
3.23948;930.029;
0.347335;110.486;
0.427279;104.259;
2.13484;552.111;
0.722659;209.72;
1.7519;307.384;
4.59446;1321.66;
3.41655;509.139;
1.13354;384.918;
4.1219;1205.71;
1.70643;413.755;
1.14728;306.483;
1.69246;461.81;
3.3729;1108.75;
1.23392;371.15;
1.5365;406.14;
3.69718;702.525;
0.635384;162.967;
2.06393;733.458;
3.18483;901.175;
4.65215;1319.57;
2.89868;850.678;
1.08867;327.611;
0.922282;266.059;
3.77974;1046.23;
0.38986;92.1609;
2.94926;889.856;
6.21411;1830.61;
0.867214;224.461;
0.583444;100.352;
0.684503;210.462;
1.14192;279.713;
3.43187;1129.49;
0.293649;51.5205;
2.31844;718.455;
1.07626;312.034;
1.36371;393.781;
2.58725;716.897;
2.36009;722.439;
2.4486;537.033;
1.9184;560.589;
0.788566;171.62;
2.23833;690.061;
1.57324;352.749;
1.75677;530.144;
0.656327;194.113;
1.69947;450.245;
1.84969;594.073;
0.562203;129.272;
1.0266;182.411;
1.69482;454.608;
1.12343;417.074;
4.70139;1034.76;
3.17118;722.493;
0.873334;170.698;
2.38129;429.068;
0.520505;151.571;
2.88398;794.38;
0.658634;211.079;
0.612479;190.388;
0.671525;172.46;
1.04226;241.397;
2.4462;725.707;
1.34365;416.789;
2.50389;755.662;
0.779302;200.767;
1.40305;424.028;
1.02949;226.175;
1.11681;168.76;
1.72688;499.496;
3.95693;1259.76;
0.535563;140.033;
0.436156;114.258;
0.423506;111.719;
0.904244;174.389;
1.62388;425.521;
2.03025;315.68;
0.359079;119.63;
1.49276;464.729;
0.450101;108.514;
1.11031;330.11;
3.03833;1006.7;
2.71501;618.248;
3.00493;489.891;
1.2971;228.566;
2.65422;678.337;
0.656137;188.873;
2.01848;542.671;
0.395223;85.7656;
1.72196;259.788;
0.579314;171.882;
2.47107;881.076;
1.13536;391.793;
0.824422;229.197;
2.73505;810.616;
1.45872;422.208;
1.29333;328.745;
0.294497;76.7426;
1.27538;285.733;
3.01044;818.93;
0.158834;45.7704;
1.86403;595.615;
1.58744;366.23;
1.66169;465.18;
1.2765;339.225;
1.35101;351.942;
2.21191;718.871;
1.49647;405.912;
1.93874;526.259;
1.7003;519.399;
0.393096;122.656;
3.79064;1157.9;
2.23233;765.61;
3.69532;933.625;
0.763286;162.1;
1.44296;381.82;
1.15667;343.306;
2.65422;834.182;
1.2204;266.243;
2.44988;766.741;
0.973469;280.803;
3.99735;1067.03;
0.278405;95.6605;
1.56769;533.562;
3.15441;874.368;
4.0348;1019.63;
1.95782;511.764;
0.79034;205.975;
1.31547;427.28;
2.68548;761.024;
1.67612;435.584;
2.5386;713.321;
1.11899;298.753;
0.844641;249.082;
0.224465;78.0875;
1.96703;480.959;
2.2601;382.552;
1.04422;299.569;
1.51689;339.228;
0.962797;267.016;
1.955;489.711;
1.20612;305.675;
2.84576;843.048;
0.992707;267.932;
0.211346;71.0802;
0.696429;184.748;
0.772234;193.317;
0.633519;211.922;
3.10279;692.704;
1.3023;291.6;
0.871772;285.944;
2.53263;719.826;
1.52489;463.661;
3.60923;1229.25;
0.848527;237.026;
1.82133;621.687;
3.40823;988.423;
0.256194;56.3457;
2.11445;655.856;
0.926191;341.048;
1.29236;251.621;
0.875045;192.711;
0.416723;126.622;
3.35356;906.567;
3.28934;765.071;
1.01545;342.034;
0.27666;51.5329;
W0;O=0.219391;W:84.4009
2.07581;514.384;
1.37114;326.183;
2.17542;610.825;
4.45262;1371.49;
3.95065;1398.21;
0.898561;278.136;
0.645642;146.728;
4.41312;1266.16;
0.688671;142.969;
1.36272;234.805;
3.36771;948.066;
0.497622;174.949;
0.487505;119.295;
3.27642;1017.63;
1.52151;394.553;
2.55757;740.501;
0.348298;95.7101;
0.525831;180.063;
0.231974;67.9819;
0.760022;230.371;
0.762462;243.963;
1.81297;522.189;
0.859214;308.141;
1.05182;308.517;
0.935529;273.553;
1.84167;519.588;
0.722186;260.729;
1.51114;471.708;
1.03016;303.059;
0.527634;190.917;
2.33908;500.608;
1.85952;459.708;
1.19544;263.679;
2.39071;518.899;
3.31225;1023.12;
0.606516;159.392;
1.10258;322.964;
1.50751;413.818;
3.41316;1052.69;
2.96513;534.965;
0.424873;116.441;
0.824778;164.184;
3.81216;1125.19;
0.499889;150.472;
1.10182;276.502;
1.4287;461.932;
4.32575;1489.16;
0.913791;329.815;
0.131863;45.2023;
1.28344;366.708;
2.31914;699.537;
2.66584;673.069;
0.990797;313.976;
0.511966;141.154;
1.89991;413.35;
0.677323;122.054;
1.29891;239.89;
1.55897;487.575;
1.50528;407.381;
0.956465;145.721;
1.98932;646.873;
3.02092;776.933;
1.71082;442.282;
4.13891;1149.27;
1.67277;577.529;
2.6878;672.34;
1.6204;528.926;
1.16976;293.322;
1.22576;337.809;
0.760912;206.012;
5.3796;1393.84;
1.79613;400.775;
1.86507;560.008;
2.70367;943.687;
1.73165;436.384;
3.2034;624.561;
0.730277;231.308;
2.32173;731.132;
1.38007;365.197;
0.288901;80.4677;
1.94911;455.979;
1.84162;589.383;
3.10329;969.021;
0.532943;195.83;
0.592695;174.446;
1.22229;199.343;
1.59895;446.605;
4.75108;833.226;
1.46156;516.716;
1.50867;534.193;
1.58913;238.74;
0.757041;244.922;
4.43794;1360.14;
2.96203;765.516;
2.93319;814.626;
2.76053;887.807;
1.46844;458.557;
1.42389;283.998;
0.828849;250.495;
1.13413;312.047;
3.66334;1141.76;
1.84863;484.253;
1.79329;563.634;
2.72005;578.68;
1.35565;274.13;
3.26485;1162.09;
2.16966;371.81;
3.87421;1071.98;
3.05416;852.637;
2.4932;861.56;
3.29752;522.969;
4.00366;1131.14;
3.52802;928.663;
0.940638;261.484;
0.735895;270.881;
1.55866;507.656;
3.40299;975.612;
3.1318;897.749;
1.10758;321.324;
0.541237;163.373;
1.38897;305.24;
1.73742;552.832;
0.880811;239.733;
1.50057;403.046;
0.827969;218.667;
0.778454;282.285;
0.191633;53.5612;
2.77285;657.67;
3.45369;1128.77;
0.873682;300.205;
0.544252;176.975;
2.07904;526.061;
2.10306;577.241;
1.06722;343.001;
2.68949;504.27;
4.7434;1077.04;
2.71344;744.183;
1.44026;379.404;
1.64149;417.611;
0.521127;124.789;
2.40816;591.295;
1.76681;307.886;
3.22495;993.308;
0.300698;58.0249;
1.68621;553.498;
0.96472;288.508;
0.675135;185.906;
3.62984;593.358;
1.23408;336.251;
2.84152;632.071;
2.1609;493.388;
0.733092;209.051;
1.0505;352.362;
1.98168;670.301;
1.3061;366.913;
1.01176;222.724;
1.58075;422.05;
0.786164;219.334;
2.58407;672.015;
0.744472;138.691;
1.71435;338.517;
2.50003;740.784;
4.19822;1223.33;
2.75508;778.916;
1.34801;373.252;
2.20731;531.833;
1.88986;622.755;
2.53216;905.926;
0.986152;235.575;
0.21892;68.3525;
1.21942;327.014;
2.45599;666.711;
2.14803;757.784;
0.314942;59.4045;
0.609427;151.742;
2.02102;592.231;
1.03973;200.181;
1.06691;266.06;
1.24532;353.678;
4.73226;1472.88;
1.83527;436.765;
2.21061;691.324;
0.758378;166.163;
2.55986;532.185;
2.03061;608.144;
0.90435;245.838;
1.54738;411.741;
2.02652;552.84;
1.92044;613.262;
1.49772;405.629;
1.78707;454.95;
1.19116;342.761;
0.108523;37.693;
1.79305;460.931;
2.07415;668.278;
2.59731;650.584;
1.35824;336.709;
0.974328;180.242;
1.5907;443.208;
1.05087;290.137;
2.74673;653.19;
4.17105;1065.44;
1.10704;339.448;
1.07489;323.04;
0.618969;167.92;
2.83859;992.132;
W1;O=0.304602;W:146.624
W2;O=0.683035;W:146.176
W3;O=0.530804;W:146
4.31473;1869.2;
W4;O=0.895203;W:145.953
W5;O=1.01092;W:145.599
