0.412829;158.334035;
0.755184;224.558349;
0.377875;157.411340;
0.187678;78.142175;
1.200886;581.109484;
1.318010;590.895907;
0.527754;259.483819;
1.333989;601.020666;
0.121593;47.025035;
0.535654;131.567884;
0.150249;36.800000;
0.845320;321.578807;
2.212002;543.169000;
1.187545;462.998407;
1.918457;935.009345;
0.954505;234.353892;
1.092660;530.434157;
0.137965;56.091433;
0.265723;121.415460;
2.055831;489.895776;
0.385435;89.202141;
1.170544;549.029062;
1.382839;482.668827;
3.200739;1101.431574;
0.277565;64.852736;
1.964353;836.562154;
0.657101;308.804685;
0.675614;241.517759;
0.373303;117.079019;
0.249793;118.299763;
1.346299;400.272822;
1.300952;453.699109;
1.063064;244.713320;
1.238054;561.714568;
0.332092;77.693234;
0.910571;379.194855;
0.940382;423.306418;
0.329921;119.226373;
0.932851;345.266581;
1.134311;531.622122;
2.525250;1189.440955;
3.431975;1578.485577;
0.460803;216.729834;
0.751227;292.319415;
0.659630;206.499095;
0.605706;262.423627;
0.554632;215.719852;
1.204328;531.600625;
0.367538;146.805812;
1.078591;411.284937;
1.325935;553.187600;
0.610581;236.523687;
0.699012;237.667959;
0.598095;181.061117;
2.057088;894.038871;
2.125157;782.789668;
0.368557;135.437933;
0.681944;301.414321;
1.968886;544.062826;
0.322346;74.499444;
1.660755;747.376154;
1.620539;770.343619;
1.056537;297.649094;
1.898791;644.776718;
0.274437;122.038544;
0.437834;185.565587;
2.124314;945.964997;
0.997545;229.486536;
0.784123;291.780086;
1.582134;683.087916;
0.528061;233.303470;
0.880500;313.863760;
0.279695;114.778602;
1.643949;378.389450;
1.039011;338.372533;
1.419421;670.192637;
0.522263;236.660130;
2.019790;616.508826;
0.284104;117.110638;
0.248035;103.595138;
1.565059;642.401699;
0.887275;396.802108;
0.884675;338.118100;
2.327667;1094.045559;
0.454870;216.193941;
0.842657;213.924167;
1.878742;786.183318;
1.247763;446.016122;
0.479695;109.300752;
0.983713;422.787295;
0.175527;70.593770;
0.508456;240.321256;
0.228442;95.157669;
2.382056;803.667975;
1.068323;453.098232;
1.088961;355.637619;
0.750045;348.902536;
1.249401;545.932398;
0.947216;428.690003;
2.941365;1230.332527;
0.761714;344.614913;
0.422467;161.392877;
0.392197;161.490625;
0.908670;366.391715;
1.112688;468.736880;
1.342763;608.367540;
1.640304;764.657558;
0.659909;269.301067;
2.671676;1149.723781;
0.860528;327.064475;
0.775472;285.645411;
0.458840;138.326722;
1.544050;657.939108;
1.286935;555.441484;
0.671127;298.552769;
0.837177;370.688666;
1.970357;452.964096;
1.346672;528.275685;
3.650245;1430.509723;
1.846959;642.263156;
2.685177;1277.241383;
0.374293;93.474479;
0.150102;63.837477;
2.336820;652.581765;
1.261293;291.055392;
0.922145;210.290850;
1.547472;717.981237;
0.484934;216.857035;
0.876617;384.106245;
0.682814;277.883606;
0.920727;368.923735;
2.270387;523.618752;
0.275348;97.379897;
2.463157;913.363434;
0.519896;222.635233;
0.397907;175.625147;
1.065892;447.291168;
1.439901;611.003557;
1.079429;360.768617;
2.567269;890.441410;
0.657924;287.757519;
0.724016;269.369602;
1.194968;363.165307;
2.432024;1042.279408;
0.743389;171.532482;
0.388614;143.748419;
0.118193;38.135168;
2.354958;542.332080;
1.349759;308.981248;
0.830034;217.523987;
2.800683;1252.473156;
0.812519;338.002580;
3.857530;1093.351820;
0.387034;179.336309;
1.674663;694.903835;
0.861879;309.070765;
0.505703;220.843210;
0.134004;62.544544;
0.154107;71.418949;
3.248129;1273.071882;
1.545269;671.516661;
0.789531;357.600984;
0.665624;306.280031;
1.123512;261.796212;
0.545084;220.830090;
0.349282;147.850062;
0.509033;233.405829;
1.479202;679.868731;
1.625575;716.189794;
1.722095;820.112475;
0.295214;113.570446;
1.705401;396.031091;
1.032274;441.387229;
1.716921;535.717764;
1.713159;783.152418;
1.101203;399.912696;
1.606832;742.820499;
0.836706;345.232462;
0.565993;238.988637;
0.376404;178.375344;
1.733625;761.534245;
1.929297;692.656339;
0.862709;378.193060;
1.082276;343.296491;
1.553881;574.804861;
0.346558;152.115196;
0.804334;321.504626;
0.502259;160.939176;
1.416476;658.727035;
0.276847;117.413141;
0.661824;216.573204;
1.052454;499.350800;
2.978851;1264.429612;
0.882639;251.987133;
1.114408;255.678300;
1.595593;614.617616;
0.767793;244.165973;
0.966411;429.213452;
2.421731;1118.879832;
0.916658;432.822571;
0.991734;445.724584;
1.235452;283.548496;
0.191881;90.002336;
0.364441;90.579512;
1.942865;915.533301;
0.425089;154.419639;
1.209400;575.824085;
2.193983;870.198126;
1.870403;827.578230;
1.175250;548.395002;
0.874433;318.999024;
2.672520;1154.948288;
0.705623;186.116744;
0.407101;186.995320;
0.203568;68.784445;
0.509347;234.440024;
2.203930;763.752569;
0.291467;70.042516;
1.478847;577.386713;
0.164085;38.421351;
3.034921;698.040000;
0.517637;160.028465;
0.918749;241.389944;
2.898632;1371.605555;
0.747633;355.633803;
1.514823;657.145217;
3.293066;1471.888940;
0.441906;184.029414;
0.914584;369.401477;
0.525425;201.998496;
1.127478;399.180704;
0.911310;371.445283;
2.823067;1306.004804;
2.341109;816.554884;
0.320040;142.830336;
0.338078;132.496263;
2.015550;754.735274;
2.171606;930.399984;
0.992017;436.003107;
1.586707;699.175277;
0.729770;274.892465;
1.087621;510.304277;
2.035527;950.135736;
0.551411;251.813538;
2.829377;876.796661;
0.527864;223.209162;
2.083444;719.057258;
0.382567;124.703243;
2.426470;842.742105;
1.432816;562.163512;
0.304001;122.471147;
0.501536;116.072670;
1.805645;840.184742;
0.937315;284.212543;
3.442683;1608.925829;
0.727807;206.336030;
0.585308;232.021884;
0.164397;38.825885;
0.820674;385.560362;
3.519217;1521.174505;
1.419145;587.740054;
0.294167;116.553118;
0.358372;100.218883;
2.816422;1098.803003;
1.501232;627.796696;
2.719608;631.847412;
0.814126;339.616622;
0.835851;209.808871;
1.060925;473.041101;
3.686580;849.374424;
2.899570;1053.670642;
0.374376;128.209940;
0.169364;73.887953;
1.598661;458.807592;
1.070082;510.422486;
0.498252;175.414060;
0.152056;52.834425;
0.869818;280.013580;
2.703189;1171.727646;
1.486791;649.485502;
0.647130;306.175588;
1.873245;809.990401;
0.341699;97.843656;
0.456468;105.601419;
2.106826;942.136735;
1.403370;571.624297;
1.907704;438.339572;
0.908670;426.453631;
1.163496;455.611888;
0.283972;108.888061;
1.525665;561.083464;
1.749136;674.713426;
0.293133;111.591111;
2.115946;948.224381;
0.595694;272.448262;
1.610953;719.695165;
1.107919;445.010472;
1.105811;510.673025;
1.537831;351.576163;
0.593574;276.065630;
0.366750;84.786384;
1.298966;298.727500;
1.930791;791.746356;
0.845082;254.706869;
1.894544;589.790317;
2.828791;1116.418593;
0.635601;258.133353;
2.004919;460.162316;
1.644920;755.496034;
0.372191;161.008375;
1.258022;588.724194;
0.797723;184.895120;
0.132669;61.908621;
0.803059;256.528153;
1.834021;784.266076;
0.418023;130.627972;
0.589492;259.904488;
3.457824;1440.695279;
0.453138;144.858369;
0.402165;186.903695;
0.620002;262.252085;
0.191921;52.876102;
2.270958;927.683983;
2.452140;559.963125;
1.171465;538.760860;
0.159172;36.394054;
2.285754;993.384936;
0.438897;154.586587;
0.436527;184.554390;
0.927815;228.245709;
0.416658;103.783411;
1.198848;493.567982;
1.412032;391.140381;
0.794738;210.022856;
1.353023;452.775835;
2.212536;959.710649;
1.233382;463.050134;
1.485524;555.447560;
2.494036;1032.798104;
0.490790;219.166100;
2.336481;994.179625;
0.196712;66.440651;
0.441479;101.816181;
0.484379;169.984652;
0.739776;309.222630;
0.178893;52.485530;
2.601243;966.443065;
1.194864;501.730954;
1.160097;536.386236;
2.995258;1166.644917;
1.225549;514.266809;
0.387131;129.613758;
0.809733;275.825910;
1.064541;426.807699;
2.595687;965.217229;
1.875717;879.810262;
1.533486;525.149689;
0.387525;119.129788;
0.618933;155.884105;
0.735584;342.343230;
0.787898;353.031387;
1.654403;769.884596;
0.437549;177.948499;
0.374779;162.604301;
1.176841;456.109863;
0.250156;57.141907;
1.083398;468.852193;
1.978054;749.522281;
2.224755;754.437723;
1.605381;629.163441;
0.252114;57.713011;
1.392006;546.626813;
0.386680;164.281344;
1.058834;411.021397;
1.161263;463.785691;
0.820767;320.428864;
2.284783;1025.556042;
1.521641;512.194263;
0.385226;167.040810;
0.324005;134.582696;
1.030739;363.359276;
0.845443;366.688322;
1.377181;595.541748;
0.639532;218.768877;
1.023399;443.542179;
0.301243;122.594323;
1.487745;697.860081;
1.713285;802.122198;
0.996729;430.480938;
2.267629;822.584916;
0.412758;154.153550;
0.874056;200.495040;
1.075513;487.220867;
0.292583;100.283053;
1.987933;892.294609;
0.464334;164.971174;
1.544884;653.030568;
2.792887;970.351777;
0.958392;340.865096;
0.627177;285.909965;
0.496235;232.145276;
0.947866;274.893067;
0.938048;369.451800;
0.568785;254.611931;
1.013662;467.623567;
0.211219;89.249478;
1.378805;603.829220;
0.403564;172.221141;
1.286603;492.791593;
1.270293;583.016404;
1.160005;552.554824;
0.364722;163.084139;
1.529649;536.233677;
1.251701;508.187989;
0.121437;53.569636;
0.260263;113.188416;
0.655904;150.700500;
1.024639;261.573196;
2.756983;635.836640;
0.471324;205.533706;
2.642495;1203.955988;
2.014140;788.313607;
1.914235;742.812951;
1.671314;537.536445;
0.940030;425.385926;
0.754871;310.066313;
1.047544;454.483201;
0.408423;118.394936;
0.804795;221.769133;
0.221751;101.181997;
0.706418;305.148353;
0.889861;359.301483;
0.541724;199.043471;
1.456178;672.823081;
1.030286;465.125584;
0.945418;336.911276;
0.767336;365.571484;
0.328363;154.507271;
0.940072;360.580894;
0.240912;88.033671;
0.729137;256.756044;
2.546229;863.984551;
0.769596;299.822348;
0.808693;359.475249;
0.283279;66.170341;
0.598297;260.990586;
2.188139;999.142020;
2.049734;756.829343;
0.396665;183.796995;
1.031615;474.764343;
0.859957;322.730669;
0.347160;153.285359;
0.513248;219.257894;
2.555371;589.030704;
1.404051;599.134193;
3.016567;1035.147395;
1.919240;826.167917;
1.061139;240.961616;
1.344291;404.264074;
0.226277;74.590007;
0.591322;142.343872;
0.494426;170.670542;
1.767734;687.997780;
0.570753;268.041134;
0.557945;250.987798;
1.565098;671.461237;
0.614993;244.155655;
0.432836;181.112102;
3.408515;1388.043973;
0.977122;436.649428;
1.534779;653.320153;
0.814882;376.424968;
2.110280;638.706376;
0.192396;56.615472;
1.793404;545.412945;
0.351199;138.860132;
2.540396;987.496070;
0.835100;362.214627;
0.863259;335.812377;
0.229196;103.300832;
0.203704;72.113241;
0.182490;63.298102;
2.379189;1092.791560;
0.766387;355.772536;
0.965251;398.178202;
3.638206;1383.557783;
3.276062;1426.986387;
1.061834;488.728424;
3.038435;698.295296;
0.370657;103.964822;
0.880219;341.868070;
1.432652;646.154322;
1.479597;634.870684;
0.834494;256.209715;
1.172030;368.744132;
2.763741;1062.356770;
2.427496;999.750737;
0.653079;293.830350;
0.274856;104.167452;
0.612826;240.564013;
0.250815;116.860528;
1.536426;548.968154;
0.944167;334.837872;
0.349984;131.822939;
0.705634;197.528903;
1.626530;514.080912;
1.754975;607.066196;
0.433346;145.585757;
2.132853;697.881404;
0.382915;163.166841;
0.267536;126.062183;
2.826370;1266.870278;
0.567582;194.954954;
0.130345;56.556226;
0.834099;387.859834;
2.425237;1040.259406;
0.480155;193.813803;
0.950604;310.620672;
1.534684;592.406084;
3.303914;1423.323927;
2.824239;1205.806176;
1.008005;337.771742;
2.366753;1038.211080;
0.690442;310.975247;
3.822885;1243.349763;
1.621029;718.365881;
1.141208;500.550178;
0.267668;76.211250;
0.960295;441.148202;
1.909740;837.234375;
0.280176;64.567080;
2.107387;767.541996;
2.746411;642.318526;
0.720225;302.357707;
2.295148;1005.962800;
1.455236;662.943874;
0.882222;341.266292;
0.381476;177.922648;
1.614675;721.742999;
1.577743;625.434034;
0.494510;140.470024;
2.947662;1073.795268;
0.319662;151.679602;
2.695533;1116.926967;
0.295923;118.465440;
0.602488;258.912067;
0.320753;135.457370;
0.633584;292.153332;
1.420003;663.140080;
1.783931;812.263336;
0.342725;121.083115;
1.843402;788.384681;
2.207040;944.990086;
0.654400;282.209432;
1.512870;626.012495;
0.862430;397.970041;
1.464119;679.785312;
3.415788;1016.263597;
0.252393;110.589303;
0.342162;162.289107;
0.953342;423.747478;
1.430821;341.869424;
1.520380;669.732793;
2.045536;691.607875;
1.774448;648.479860;
0.572152;266.337352;
0.540633;255.226234;
2.236562;921.916654;
0.364078;162.457531;
0.462337;187.212783;
1.302613;480.855979;
3.163438;1372.637678;
1.999319;460.541952;
0.433868;115.127130;
1.140914;407.465919;
0.420185;168.100050;
0.651397;308.432503;
1.344806;609.926982;
1.889371;667.128883;
1.759492;813.185679;
2.383489;1136.900543;
1.457607;666.286345;
0.946247;328.563381;
0.190073;88.668205;
1.986912;818.265113;
2.318367;1033.856979;
0.472787;108.963577;
1.267838;298.718897;
0.605353;235.338810;
0.382322;131.217638;
1.350819;573.557269;
0.420317;95.883264;
0.599015;259.604969;
0.315611;137.413235;
0.717993;329.642106;
2.487898;1176.683673;
1.397747;644.732088;
2.263631;985.446590;
0.488146;117.117623;
2.154777;716.458736;
1.054908;476.456866;
0.321412;85.766869;
0.473819;185.212102;
1.735340;632.230774;
1.465957;675.125086;
1.068855;505.809250;
1.001116;288.691922;
1.454575;673.316277;
0.173801;61.117230;
0.587202;220.292386;
1.773721;711.169198;
0.485733;214.734983;
2.043304;971.715096;
0.720156;230.475668;
3.398215;1180.597699;
1.564946;613.505409;
0.583320;132.666778;
2.294624;832.756421;
1.106188;413.644662;
0.749022;255.906993;
0.787660;368.687091;
0.415280;179.681303;
1.046792;445.132882;
3.759163;1675.774865;
1.214585;492.881197;
1.312288;575.102585;
1.940423;541.043154;
2.170652;497.193000;
0.304158;117.213625;
1.018228;327.601342;
1.149755;428.613004;
3.138712;1456.043951;
0.305832;144.758723;
0.264657;119.168099;
0.680243;154.484928;
2.036660;706.868066;
0.651273;155.966701;
2.038131;781.057955;
1.237873;533.145296;
0.666441;311.752910;
1.808237;715.026678;
0.801494;264.808355;
1.337510;342.078289;
1.547052;550.653869;
2.823443;1076.503604;
0.533261;248.564272;
1.308785;385.605550;
0.247757;77.830799;
1.426999;634.665036;
0.633601;214.245128;
1.593619;671.631118;
2.208144;786.554362;
1.200613;496.522313;
1.278022;373.401092;
1.654047;544.375194;
0.256607;67.035339;
1.826250;644.364483;
1.590739;590.934041;
2.170880;889.432120;
0.691163;286.536299;
2.590170;1233.820949;
0.205570;87.293765;
0.577766;259.623562;
1.040412;364.226988;
0.321035;73.354314;
2.421135;1135.085016;
3.227818;1367.743661;
2.267622;1037.533217;
1.218432;530.067475;
2.530314;860.494678;
0.282047;121.225257;
1.608562;730.996996;
0.942956;316.158897;
0.378455;118.891126;
2.327876;1034.233286;
2.161339;495.734225;
1.787648;791.891286;
0.284683;123.100752;
3.780025;869.088114;
0.610856;279.180061;
1.926290;867.117372;
1.283670;511.784663;
0.686348;252.987720;
0.116284;50.018906;
1.191671;513.342140;
0.681190;307.895998;
1.288759;593.554828;
1.295950;445.728469;
2.777709;1021.248910;
0.570301;184.797051;
3.253835;747.295864;
0.422791;183.916149;
0.188914;44.152264;
2.515898;902.663748;
0.779254;352.146789;
0.530648;138.549297;
0.229859;98.514898;
0.786831;274.075813;
0.104862;42.108390;
0.574357;254.388899;
2.911652;1110.135581;
0.764608;361.512860;
1.318685;392.802666;
0.511879;242.216717;
3.359159;1201.945648;
1.563881;654.713171;
1.863134;782.939459;
1.367015;555.161516;
1.444927;672.650531;
1.853994;556.868852;
2.532923;1057.156546;
0.202493;93.112658;
0.729015;318.884363;
0.216732;93.849302;
0.393020;176.227543;
0.454023;104.903100;
0.689975;158.687311;
2.766615;986.091641;
0.481029;114.375510;
0.589513;279.349981;
0.508107;229.143874;
0.329732;143.812927;
0.436386;124.454163;
1.479234;620.875702;
3.157433;1334.418984;
0.907796;237.122984;
0.899025;203.959376;
0.706920;266.515089;
0.596995;171.005903;
1.406159;438.517708;
0.861691;406.162834;
0.389114;174.126777;
2.533882;967.273448;
0.283989;122.072071;
1.510175;346.956875;
0.439494;106.929468;
1.910880;769.063045;
0.235678;107.428998;
0.107021;37.192109;
0.369187;147.726796;
1.458038;563.647560;
3.627335;1406.023680;
1.216413;480.129652;
0.821790;234.125285;
0.727433;316.771078;
1.663752;749.382664;
2.815059;1073.270425;
1.070364;433.081204;
1.940757;905.979827;
0.157155;72.660718;
0.338261;158.295753;
1.484490;572.918723;
0.969207;223.104252;
2.183005;1003.624805;
1.657648;752.087478;
0.932632;223.359571;
1.044581;484.350975;
0.879626;421.280036;
1.101209;358.504660;
2.101949;976.248183;
1.720663;554.860657;
1.147784;293.513295;
1.166295;543.212864;
2.796894;1335.625550;
1.650986;492.491185;
1.584981;725.950213;
0.352778;126.272132;
0.578977;210.917926;
0.650541;291.662607;
0.609495;231.189852;
1.547422;730.923192;
1.636669;557.574946;
0.441158;190.866525;
0.654109;249.256258;
1.744879;791.057388;
0.677834;206.620933;
2.853560;1049.373738;
2.858942;1043.567618;
1.488181;539.789776;
0.722288;296.468198;
1.380681;628.834632;
0.226057;82.048179;
1.810199;828.160289;
2.322611;1102.025823;
0.861626;391.487354;
0.842464;398.519718;
1.782973;670.481054;
1.063668;386.712886;
1.563491;609.794999;
1.248491;449.763121;
0.099343;40.268774;
0.953357;447.155783;
0.295790;125.301780;
1.547431;613.188790;
0.415182;182.117133;
0.329038;135.107858;
0.251871;108.642221;
0.783024;242.042106;
0.995400;350.065386;
0.981159;445.219208;
0.766331;312.423783;
0.326638;149.440643;
0.644111;204.675019;
0.331368;112.550662;
0.322414;138.237612;
1.073049;261.429696;
0.326413;139.640774;
3.067277;1289.404464;
1.394466;615.512627;
0.805308;354.182455;
1.672181;751.859735;
0.530530;165.959676;
0.265618;113.347352;
0.946824;347.054365;
0.235390;88.176218;
0.878595;416.301909;
0.175352;59.325999;
0.231586;91.777811;
2.546624;1004.604260;
1.607155;614.574635;
1.898091;846.714212;
1.462969;587.912965;
0.246943;112.941155;
0.910124;209.334834;
0.857268;197.925696;
0.220167;101.141958;
1.428883;668.154376;
1.113641;524.052309;
1.578952;706.564957;
0.168867;53.185045;
1.608459;688.934983;
0.606953;261.335857;
0.290477;121.964723;
0.857633;388.275565;
1.658081;448.760519;
1.532624;722.972710;
0.288162;116.919495;
1.039816;450.188228;
0.541118;235.648322;
1.815563;724.534044;
0.378005;131.562659;
1.068325;269.673775;
1.195424;479.346425;
0.408957;194.240443;
0.195275;92.354248;
0.211509;81.096608;
0.119120;49.125494;
3.875838;1223.438716;
0.209501;47.864295;
2.391930;548.432500;
0.478045;193.665833;
1.786552;525.404757;
0.458039;180.834916;
2.392148;1130.856036;
0.169486;38.506567;
1.599875;643.758943;
1.053683;248.270652;
0.647303;164.106114;
0.963508;428.954608;
0.451189;187.135524;
1.040342;378.810249;
1.401650;606.141535;
0.970324;223.821978;
0.533905;214.641654;
3.098857;1437.930917;
0.581943;190.126203;
1.126515;488.141763;
1.933656;636.287163;
0.461826;110.256785;
0.201876;72.584577;
2.263866;517.806918;
0.731607;327.571702;
0.631583;265.653291;
1.206504;491.358733;
3.056482;1357.447492;
1.151221;511.107516;
1.286674;528.703913;
3.421100;1377.968283;
1.225192;283.250000;
0.736282;348.781735;
3.019330;1283.787282;
2.194346;1038.207468;
1.008043;439.901209;
1.741127;774.674597;
1.542087;578.049490;
0.380405;177.776998;
1.658965;527.620720;
1.054600;260.963775;
1.064708;446.292698;
0.653248;211.573222;
1.041763;463.383438;
1.068290;459.852368;
1.954914;926.732669;
0.734181;290.252885;
4.061051;1922.139614;
0.406023;173.987844;
0.389724;182.792534;
0.350381;162.924435;
1.579227;522.500270;
0.850555;194.401152;
3.059847;1356.594663;
3.138707;1337.485959;
0.481762;110.001888;
0.243063;73.598583;
0.361787;84.066716;
1.202865;390.336856;
1.325914;550.868886;
0.332941;123.558201;
1.661608;517.065247;
1.277155;501.440334;
0.580585;136.049803;
0.957858;387.975395;
1.434117;625.050415;
0.712038;328.101674;
0.527634;226.988850;
1.384688;618.869878;
2.126273;579.213329;
3.341008;1332.256825;
0.338912;151.649143;
0.577572;230.841059;
1.306067;466.238544;
0.427371;175.603205;
1.282990;365.080357;
0.424935;168.892818;
1.828833;851.938419;
3.683901;1729.457560;
0.865605;361.334227;
0.304623;125.977733;
0.813367;374.337188;
0.476285;219.493030;
0.823683;331.617740;
2.036294;892.387194;
2.584716;1226.228631;
0.231004;107.585237;
2.293757;1068.760763;
0.489441;223.783914;
0.891854;299.579878;
0.666142;151.563632;
0.891186;324.636772;
0.204805;95.665948;
1.663666;761.904047;
2.870120;656.065800;
3.326975;1554.847531;
1.090947;468.339321;
0.567715;193.932470;
0.955520;389.003000;
1.062254;459.993184;
1.919353;854.023541;
0.213926;83.423270;
1.224017;326.509988;
1.241469;528.471031;
1.879659;822.878378;
0.975801;448.375069;
0.641171;177.986112;
3.205121;1458.023593;
0.313283;120.078591;
1.956851;852.282449;
1.421662;580.021279;
0.174183;67.048635;
0.310222;122.742541;
0.316611;104.614981;
2.179829;501.852453;
0.717911;304.109717;
2.632608;973.088318;
0.306126;107.220766;
1.722972;811.369398;
2.127356;490.010375;
0.236735;54.436878;
3.570617;821.684800;
2.271188;701.132664;
0.731927;349.359050;
0.960651;371.036456;
1.882590;717.995447;
1.757939;769.527187;
0.283204;65.298860;
0.569028;238.431702;
0.575315;232.190455;
1.072234;435.161296;
0.389415;176.990144;
0.418764;168.965256;
1.901664;771.842095;
0.318784;111.203564;
1.011958;404.633886;
0.199851;91.724718;
2.080709;907.874729;
2.133700;621.519887;
0.202472;95.670406;
3.043401;1387.507586;
1.399942;576.569118;
1.024207;234.547648;
1.234235;398.622205;
0.413678;161.200608;
0.952863;216.500868;
0.268100;86.891350;
0.261401;59.774000;
1.011472;462.561770;
1.966705;742.793767;
1.760783;725.858550;
0.286562;91.263443;
0.411918;191.556272;
0.445352;116.029636;
1.461120;538.296385;
2.304213;1060.359818;
0.357386;129.542499;
2.902840;1238.692363;
2.290111;527.456256;
3.133865;1082.526204;
1.921485;743.726596;
1.037338;491.437973;
3.095658;1436.084911;
0.881816;335.171348;
0.966037;432.401946;
1.461049;659.836779;
0.865710;313.918863;
1.480843;338.848908;
3.642925;1561.999700;
0.462593;188.410915;
2.154825;704.248512;
0.834509;335.749503;
1.366531;628.127471;
0.519926;119.567664;
0.747240;350.577566;
2.395686;570.688300;
1.450686;664.971989;
0.507711;116.166126;
2.256887;1058.301987;
0.585013;232.750470;
1.183407;534.191913;
2.557125;1104.456490;
1.099532;514.522768;
1.184382;314.028891;
1.975923;923.558177;
2.436438;1163.524445;
1.777312;406.835897;
0.547535;124.711488;
2.940726;1152.401008;
0.489012;222.128257;
1.103665;515.255792;
3.118182;718.987811;
0.592847;204.510142;
0.828507;190.534656;
1.168934;553.220563;
3.219742;1413.888669;
0.215513;80.027542;
2.151873;849.274514;
1.854603;723.626721;
1.696083;794.400127;
0.678003;293.571621;
1.197662;551.531301;
2.457729;984.114462;
0.178755;78.357899;
1.540363;475.144811;
0.460429;106.810959;
1.014748;408.922672;
1.392562;646.587228;
0.965285;404.133548;
1.971882;459.080829;
1.304955;435.152689;
0.407916;92.942710;
2.055392;970.142150;
1.537370;431.457856;
0.608783;139.762693;
1.124095;506.016094;
1.155742;451.057779;
3.201679;753.379735;
2.305774;1073.865424;
1.991504;913.989556;
0.289545;102.600971;
3.029696;695.528208;
0.678590;154.598400;
0.659387;252.489597;
0.534845;214.542502;
1.829613;587.042129;
0.127012;58.029886;
0.843835;334.867593;
1.803751;782.041368;
1.568452;638.608335;
0.459422;216.356753;
1.720212;711.995876;
0.170844;67.910275;
0.762774;356.013169;
0.586827;229.472336;
1.759342;812.763284;
0.452356;200.461658;
0.527267;162.630290;
0.172172;78.486006;
1.926105;877.300629;
1.522301;678.167876;
4.232516;1932.645243;
0.413214;159.792235;
0.752413;256.244850;
0.818898;333.326943;
1.027566;455.804243;
3.750112;862.838400;
1.510119;693.400172;
1.072965;459.324500;
1.925320;893.798169;
1.416847;625.373991;
2.289930;821.334504;
0.601813;239.553147;
1.162257;556.176740;
1.222624;504.993219;
1.039405;306.428350;
1.066406;274.776460;
3.017714;1089.628147;
2.947200;683.074350;
0.251282;57.567744;
0.315941;93.845566;
1.125243;418.863030;
1.223812;405.787784;
0.842777;205.571851;
0.758304;313.992673;
0.523317;147.267777;
1.539890;676.721908;
1.795093;639.393976;
1.297716;528.052170;
1.583282;549.718578;
2.700610;1213.546567;
1.321742;602.012054;
0.505756;220.459592;
2.427690;1082.557907;
1.466608;373.954939;
0.208162;62.967626;
2.418367;1132.921721;
0.849930;361.583094;
2.939142;1385.259495;
0.291716;100.411061;
1.902347;800.962328;
0.403016;160.596351;
0.347421;154.056820;
0.562367;250.241304;
0.493822;114.307101;
1.411721;664.121612;
1.729817;747.226154;
1.781326;655.398984;
1.283294;500.706597;
0.590536;264.880135;
1.819994;449.304195;
0.388151;160.186917;
0.323888;102.242590;
1.458465;672.506125;
0.224278;88.944748;
0.256879;72.961491;
1.518996;672.344154;
1.982634;844.501249;
2.004656;668.179058;
0.200570;60.009746;
0.976330;464.280435;
1.051875;414.289611;
0.767420;315.541934;
0.845075;382.820662;
0.623015;229.643982;
0.975138;363.979969;
1.187280;542.172031;
1.068102;495.958872;
1.612070;710.685025;
3.302103;1410.615657;
1.586085;636.501279;
0.423281;195.080905;
1.304733;615.362460;
1.202601;447.599374;
0.241843;96.526979;
0.344254;119.082316;
2.312792;658.102086;
1.718003;774.414673;
0.230449;85.672477;
0.794913;216.436461;
0.834586;278.797101;
0.494671;228.254893;
1.969121;826.688676;
0.930764;215.069900;
1.936655;643.460259;
1.631995;669.939019;
2.074409;734.994039;
0.444202;111.455594;
0.539448;169.236989;
1.069164;461.172255;
0.460371;133.372797;
0.471454;171.243364;
3.152571;984.056771;
1.471450;505.002069;
0.184406;86.909985;
2.459273;810.917795;
1.798255;822.600649;
1.483660;403.915650;
0.245700;108.845271;
0.414571;193.916820;
1.676544;389.919717;
0.980402;451.533487;
0.178887;81.516947;
1.474587;523.550296;
2.191973;783.380962;
1.154717;498.190615;
0.484578;147.005790;
0.333046;119.851400;
3.789717;1630.716195;
0.800530;287.260936;
0.856836;393.728508;
2.974208;1199.711243;
2.677904;910.351912;
0.200406;91.116765;
0.456720;185.877301;
0.379224;86.842368;
0.956617;380.299182;
0.832292;330.523464;
2.188054;895.705942;
2.544637;583.533552;
0.723105;291.525825;
1.180181;270.262575;
1.070288;456.118557;
1.520119;665.967642;
1.692686;703.180228;
1.158185;493.986604;
1.936254;446.407200;
1.909181;629.276002;
2.706647;1277.913489;
0.856176;386.389991;
0.387936;149.872885;
0.310355;110.624528;
1.056536;451.659218;
1.283745;583.166645;
1.028427;347.775400;
1.415097;626.887980;
1.366348;421.781864;
1.258998;468.115619;
1.239074;498.044543;
1.542577;418.951252;
0.184597;64.059336;
0.364144;137.743002;
0.459593;203.334105;
0.661364;259.466148;
0.486244;213.079585;
2.364221;1112.345878;
1.050418;381.119766;
1.595545;365.857216;
0.934571;445.835592;
0.467615;158.321397;
3.168540;1503.601744;
2.351837;567.872035;
1.123753;406.027117;
0.983374;450.751207;
2.937688;676.578825;
0.189861;82.272320;
0.466141;218.423525;
3.020845;1355.831840;
0.311549;133.016343;
0.546837;242.262529;
1.726999;752.971443;
0.480833;188.161897;
0.801003;359.341452;
0.263368;118.641686;
1.230257;504.344061;
0.362360;167.877108;
1.792809;413.635950;
1.720127;396.837420;
0.141000;41.383158;
0.489432;177.281477;
0.392543;180.691962;
2.810926;1334.809396;
1.695664;798.598784;
0.729062;253.802159;
0.101090;41.032710;
0.246442;56.273833;
1.632342;580.239215;
0.565385;191.705090;
0.576940;190.862524;
0.622730;147.277053;
1.287112;557.360101;
0.924372;305.160704;
1.297284;515.256755;
0.905733;285.558104;
0.316049;105.394565;
2.303230;1011.947061;
1.130178;418.879337;
0.379419;124.838381;
0.200142;92.637728;
0.118822;53.642699;
0.617942;292.811306;
0.530610;247.371363;
1.688189;749.524596;
2.351057;811.889415;
0.308592;117.885642;
0.165007;76.028424;
0.871932;398.612396;
2.829693;1288.009016;
0.226516;107.227488;
0.640385;194.237845;
0.807813;263.312895;
0.289990;67.160772;
1.839270;765.687799;
1.093770;403.054883;
0.202432;91.163804;
0.569399;173.122397;
1.186644;481.638266;
1.406170;664.442132;
1.868472;569.279552;
0.454180;105.234948;
0.620265;221.579337;
0.852284;402.044762;
0.776066;304.685744;
2.469977;1016.622845;
2.593573;1094.553222;
2.746503;1169.525196;
1.910768;563.213946;
1.842836;724.628222;
1.118526;500.163077;
0.245934;91.046618;
0.571912;139.762150;
3.629314;1035.975503;
2.045133;897.468233;
0.683769;320.375308;
0.994348;452.835769;
1.918608;698.071469;
0.420644;140.070828;
1.157912;427.147361;
0.901521;344.562855;
2.751037;953.391805;
1.398118;573.449431;
0.999196;464.537510;
0.470986;222.318583;
0.557865;129.178800;
3.161681;953.628148;
0.711217;266.285347;
1.947627;587.983150;
1.880286;675.646293;
2.257825;953.777990;
1.151110;367.780115;
1.437996;331.156852;
2.676693;1274.544394;
0.355023;166.530221;
2.440549;822.753270;
0.352982;145.516985;
0.942944;269.611695;
0.305696;124.138852;
0.191464;67.197857;
2.641775;1221.289570;
0.988599;413.205323;
0.207631;86.176891;
1.938248;678.014441;
0.383365;171.625281;
0.438004;173.529131;
0.943309;376.251597;
0.401245;110.080327;
1.030848;406.023209;
1.414349;621.567256;
1.485272;395.016441;
0.216053;91.619833;
0.167515;75.042208;
2.101128;796.930410;
1.412523;337.550257;
1.594305;686.368434;
1.688622;587.284791;
3.058930;1382.925373;
2.443299;983.142672;
2.266092;994.123401;
0.462469;199.482505;
2.421361;1040.858890;
1.833139;787.491255;
0.568628;247.601175;
0.295544;67.892517;
2.892803;1066.132362;
1.574817;359.498660;
0.329383;100.651943;
1.256837;476.052315;
1.031965;238.476348;
1.468083;621.716809;
1.379920;646.532543;
1.168478;552.413420;
2.056175;852.201636;
0.967308;444.242940;
0.940781;414.632118;
2.669232;612.528601;
0.220603;88.974822;
0.919767;342.982257;
3.057533;1189.191859;
0.728080;175.025654;
0.412517;194.120906;
0.370214;172.928888;
2.710997;1072.765812;
1.397606;634.049232;
1.318413;594.967636;
2.594844;886.290664;
1.392943;649.035026;
1.369708;636.644050;
0.644041;226.556277;
2.424920;875.310605;
0.316850;146.475446;
0.455414;208.251809;
3.622871;1487.034442;
0.234949;77.922179;
2.474025;1116.676959;
0.387766;178.848804;
0.605905;166.377837;
0.583137;260.464089;
0.443603;196.127055;
0.346034;88.761678;
1.009488;465.964018;
0.382951;89.447919;
1.035661;476.191220;
1.191462;527.155235;
2.012880;954.791349;
0.357141;132.207163;
1.213708;279.120170;
1.112886;366.224395;
0.345286;102.767510;
0.292113;124.426502;
0.317816;147.599721;
2.998885;1316.466978;
2.176277;839.355208;
2.104760;873.535491;
0.208209;47.739375;
2.614554;1055.698297;
0.572612;268.347168;
2.028615;551.403451;
0.348903;110.972307;
0.325468;149.369538;
0.272200;99.696392;
0.802392;287.015245;
0.859799;292.331929;
1.236284;559.851746;
0.291321;74.997478;
0.240754;107.421060;
1.384263;552.994944;
0.454847;191.012622;
0.334474;89.143298;
0.748366;359.245489;
0.242677;102.479686;
2.044167;882.584019;
0.642957;255.369714;
3.766541;1502.318516;
0.455676;209.459384;
2.776704;640.315449;
0.706151;331.345921;
0.290863;121.214654;
3.663053;1697.125413;
1.387242;580.310633;
2.502410;576.365625;
0.528826;204.251620;
1.264072;513.296252;
1.299112;490.732150;
1.984081;934.445950;
1.579582;725.001775;
1.353133;582.503860;
1.524596;349.014358;
0.481130;172.745016;
0.563577;233.105277;
1.117059;525.728459;
0.226014;95.497372;
1.421864;579.144636;
1.276242;454.173714;
0.969307;399.059315;
1.150504;480.279261;
0.265343;115.345183;
1.739577;752.041779;
0.239687;80.897609;
1.326244;572.032356;
1.460497;597.588324;
0.187325;73.288866;
1.846136;806.469439;
2.336406;538.216778;
3.791677;1274.485685;
2.361721;569.904955;
2.029612;663.497683;
2.158587;498.369838;
1.381469;431.225314;
0.652404;235.776990;
0.688452;266.834367;
3.289526;757.221872;
3.199022;1454.967099;
1.743272;715.350371;
1.625896;651.559315;
0.459663;141.950443;
2.557612;1185.753450;
0.560958;190.092951;
2.632150;1085.470693;
2.904278;943.793777;
0.722766;337.286948;
0.894288;424.927788;
1.430384;637.523099;
0.380286;166.763453;
0.289889;110.048944;
2.823627;1039.865078;
2.817936;1284.678554;
1.228149;443.543563;
1.805918;419.612400;
1.437714;631.581912;
3.073304;1256.859774;
1.246275;572.587341;
0.248540;76.905871;
0.395571;187.722545;
2.168241;967.940276;
1.667542;507.621536;
1.964630;933.104256;
0.339348;142.562271;
0.230950;94.482227;
0.337924;148.645882;
1.686507;799.421524;
0.909422;384.888120;
1.256050;401.805970;
2.173910;927.980219;
1.716549;813.111557;
0.916408;435.932542;
0.154595;70.654152;
1.421951;623.377845;
0.572599;132.098000;
0.434011;112.148233;
2.129202;491.855900;
1.770438;714.610114;
2.275854;906.356194;
3.946960;1704.977928;
2.398443;874.749583;
1.186172;436.617984;
2.922830;1322.722377;
0.909454;383.196125;
2.140087;928.795398;
1.055622;435.738576;
0.445145;208.412910;
0.979575;433.286639;
0.373945;145.869079;
1.192171;412.613806;
1.330213;368.135844;
2.406012;1135.858346;
2.625852;1205.118410;
0.383807;88.060896;
0.361461;138.573877;
2.727544;1024.739020;
0.790439;195.340243;
2.866024;1174.295681;
2.970892;1348.510193;
0.864740;400.892082;
0.409632;184.703090;
0.412622;95.276925;
2.506824;1113.750934;
0.458091;193.532030;
1.062719;454.224023;
0.694031;228.248575;
2.045205;772.723203;
0.136612;57.932872;
1.662026;738.835048;
1.037998;457.417427;
1.923242;897.722694;
0.855879;363.784559;
2.454133;1134.148409;
0.556551;238.984038;
0.762617;225.377603;
0.512289;175.298844;
0.488797;207.667521;
0.405983;191.748608;
1.713460;781.163370;
1.987501;733.997009;
0.378181;153.116359;
1.398600;566.487787;
1.569422;403.181281;
2.137345;490.372987;
0.555297;244.183812;
1.397243;576.932451;
0.296934;87.561435;
0.360784;82.389872;
0.334775;133.269865;
1.114716;403.506634;
0.432865;145.443986;
3.334975;991.149362;
0.867337;321.926917;
1.781437;742.751267;
1.619406;672.541351;
0.837296;262.408509;
0.969731;373.403364;
0.807568;352.727702;
1.469763;693.435757;
1.421871;592.022571;
0.654005;252.474195;
0.411283;94.560984;
1.157891;541.551240;
0.552313;215.226951;
0.787945;369.897428;
1.476844;706.138798;
3.396222;781.761600;
0.589935;273.054789;
0.256482;65.108746;
0.610313;280.325950;
1.321613;560.442641;
1.096981;478.632099;
0.258798;70.554980;
2.994630;1341.466686;
0.987236;308.547669;
1.327499;302.750390;
1.432815;563.532939;
1.359990;568.602324;
0.610935;168.078905;
0.614424;257.259000;
0.593841;135.224397;
2.856453;1076.068707;
0.645543;237.980926;
1.176026;430.428452;
0.399374;139.629060;
0.671797;308.585969;
1.099873;378.638069;
3.690771;1546.784883;
0.439163;100.117941;
0.348243;152.831399;
1.303761;481.238480;
1.436003;653.887926;
0.368320;149.010192;
1.415226;647.572048;
2.606335;1243.134774;
1.322320;588.652212;
1.683215;392.590024;
2.193888;1041.017277;
1.546937;357.188716;
1.336288;440.556761;
0.331310;143.147009;
1.439461;439.953243;
1.050300;430.613522;
0.727532;344.645230;
1.162546;546.020845;
0.583050;214.760619;
0.208265;69.917231;
0.192924;87.709400;
2.769546;962.207931;
0.142103;52.451389;
0.263211;106.513996;
1.591265;603.500013;
3.720284;1616.661933;
1.456939;501.184543;
0.179427;80.980765;
0.514078;148.398520;
0.325770;120.684268;
1.288184;454.726534;
3.715451;1667.368680;
0.274823;83.053864;
2.176352;621.398197;
1.014837;233.079525;
0.333403;139.886242;
0.175365;82.452455;
0.468979;213.522981;
2.470118;569.250792;
0.154656;50.086670;
0.599479;257.923351;
1.577063;682.817004;
0.401408;181.560474;
3.155199;1425.861319;
1.300924;592.510631;
0.670839;240.501718;
3.591549;1703.849321;
0.339927;112.964619;
0.806474;185.569100;
0.376453;151.682172;
0.416034;166.347886;
0.187063;77.756149;
1.906779;596.787605;
0.740200;273.513013;
1.137202;497.857366;
1.804649;782.433306;
2.869746;920.925234;
0.277869;112.814933;
1.856509;854.153077;
0.462829;193.677355;
1.546239;723.032590;
0.799097;255.826123;
2.087643;742.771329;
0.196025;57.086848;
0.982430;389.573642;
0.251078;109.217993;
2.509932;1054.156609;
1.708651;612.256557;
0.935493;274.653758;
0.129282;55.107174;
1.295591;601.746661;
0.258893;68.723476;
0.352776;161.913756;
2.134027;651.359637;
1.888777;739.948031;
2.080481;478.826116;
2.571678;1077.076383;
0.756325;316.029476;
0.687275;293.403745;
0.216108;97.940382;
1.079515;434.983135;
0.197649;91.711766;
0.901576;229.228906;
1.653593;688.097076;
1.253245;288.904288;
0.312022;136.212005;
1.335961;569.667546;
1.298744;432.297986;
0.784594;266.483943;
2.708499;1200.894218;
0.448738;147.105099;
0.449240;103.193088;
0.308462;124.533188;
0.328043;148.929851;
1.804213;413.412758;
0.284928;135.617856;
2.301565;987.758538;
2.184883;1038.451654;
0.777443;361.023905;
0.855050;394.586863;
0.903385;409.388254;
2.648239;879.070069;
0.211892;60.430398;
1.129969;404.791077;
0.519954;199.272837;
0.323605;74.973364;
1.585164;743.578707;
0.490987;208.403813;
1.461969;601.301622;
2.130206;754.022220;
0.151807;54.646847;
0.737857;308.952542;
0.147184;64.420992;
0.472413;123.408384;
2.120489;993.167406;
1.046560;465.966800;
2.438539;663.504368;
1.939360;638.708112;
0.315956;143.195662;
3.885368;1853.454023;
0.585673;208.220365;
0.399940;176.496239;
0.398415;155.677570;
0.331070;140.290943;
0.343069;145.114214;
1.113777;300.155075;
0.449318;178.125288;
0.578717;230.938572;
0.427552;180.669591;
0.287126;127.158028;
1.211896;288.860629;
2.373261;1120.045867;
0.950905;449.355179;
0.566318;129.226241;
1.883697;830.347889;
2.158921;908.132368;
0.351089;165.350050;
0.105705;47.206133;
1.144235;482.728697;
1.497583;393.800684;
0.655629;247.236216;
1.642895;710.542930;
0.326809;121.549023;
2.195598;1032.571969;
0.758686;324.273612;
0.749081;326.863304;
3.701619;1538.219475;
0.489794;216.405288;
0.176788;81.235015;
1.354991;432.261120;
2.934496;1307.931971;
0.231961;93.788362;
0.527012;171.408467;
3.383710;1589.427319;
1.129153;392.226290;
1.518305;718.473894;
3.918924;1765.018701;
0.333060;128.590074;
0.483982;213.877134;
0.624734;266.987104;
0.968194;405.071291;
2.229496;674.296842;
1.078868;481.490946;
0.121038;50.413854;
1.041288;472.023251;
0.696331;159.952320;
1.105841;426.811734;
0.279887;125.144548;
0.522487;233.289659;
0.725243;340.599652;
0.238319;94.714638;
0.422472;107.352735;
0.303511;126.794553;
1.034142;355.723499;
1.222800;538.198101;
3.467902;1631.701598;
0.513442;196.044611;
1.732859;502.862811;
0.282963;128.753677;
0.475685;221.482830;
0.375132;150.250075;
2.465062;766.269490;
0.729304;240.379502;
1.563468;658.945655;
0.351314;164.884693;
0.709684;280.029867;
1.974019;496.266627;
0.793651;354.006738;
0.176373;66.424036;
0.630350;280.595054;
0.650989;292.180885;
0.258032;88.436618;
0.801786;285.199310;
0.954070;434.659954;
1.108988;445.427133;
0.644561;260.935142;
0.761265;324.579226;
1.372171;566.870975;
0.531203;217.163084;
0.459161;190.360649;
0.694374;303.774608;
0.805354;278.752567;
2.946465;1347.047749;
0.533767;244.010863;
0.214589;85.998429;
2.748974;631.975520;
0.277517;64.115309;
0.218583;98.102037;
0.399015;177.380166;
0.681974;280.323706;
1.706652;651.001960;
0.169774;39.521948;
1.490001;345.778692;
0.116539;26.780416;
0.994133;363.937455;
0.443721;210.829887;
0.723022;334.575006;
0.701783;324.968746;
3.735114;1090.642019;
0.120539;51.631767;
0.950446;381.941046;
1.782552;834.642237;
0.947198;218.314968;
1.187417;499.339898;
0.873936;320.384458;
3.462288;797.543121;
0.227818;77.674530;
0.345236;161.971803;
0.116688;30.234634;
0.302697;98.879428;
0.503862;234.262370;
0.950957;443.001128;
0.309746;128.562266;
0.637274;301.973122;
1.065949;434.461554;
1.048598;241.722896;
0.308028;132.714342;
1.346488;575.822985;
1.543298;606.074516;
0.282234;75.200060;
1.473779;514.412740;
1.948241;449.956537;
1.743849;607.005399;
2.403677;958.551586;
0.936426;416.042384;
2.528311;1208.503720;
0.337374;145.940423;
0.863221;300.734519;
1.157972;521.355174;
0.610781;273.660087;
0.947912;415.448418;
1.406598;602.385430;
0.776385;178.660616;
0.397114;123.822871;
0.502088;113.977984;
0.817757;360.163967;
0.516775;202.289954;
1.222381;518.816148;
0.484764;207.436093;
1.129889;437.065220;
0.563452;171.919841;
0.178394;67.215381;
1.322012;598.342741;
1.032387;473.144867;
0.769618;273.308179;
0.150488;34.078720;
0.236067;95.117260;
1.309747;532.353444;
0.331906;153.394988;
0.922470;211.257200;
0.445805;105.102640;
3.847010;1596.376663;
0.856627;374.568093;
1.846602;816.830358;
0.805545;350.811362;
0.985204;393.021818;
1.640713;697.765611;
1.745456;780.391152;
0.934972;385.205796;
1.913398;888.527886;
0.295925;140.360806;
0.585622;272.623009;
0.889150;369.010703;
0.998312;434.664866;
2.512511;856.966492;
0.381487;165.432695;
0.339273;77.513220;
0.197805;91.968579;
1.569526;690.874633;
1.847558;858.400258;
1.991332;825.619209;
0.795210;373.081730;
0.716328;314.156094;
3.263018;1186.131409;
1.194279;478.590076;
0.308547;124.857997;
1.933450;888.399445;
1.164488;443.889641;
0.222623;55.993529;
2.644880;1226.949779;
1.289137;592.664441;
0.416851;166.685142;
2.424405;1093.350155;
2.340384;782.462191;
1.817553;844.553626;
0.313952;101.634376;
0.545702;249.518544;
0.752700;175.171572;
3.252539;996.453428;
1.240265;485.201403;
2.435459;1042.659307;
1.037086;387.324922;
2.354427;1079.458190;
1.248963;521.318002;
0.439065;197.773070;
2.182389;831.824035;
0.320866;149.868682;
0.808699;284.836675;
2.722536;977.587998;
0.300030;106.660346;
2.439725;1058.175698;
0.618456;265.544459;
0.407923;191.133900;
0.668026;223.144287;
0.319516;102.636480;
0.504133;184.665327;
1.559013;728.614143;
0.900234;378.086981;
0.303067;87.122202;
2.286110;806.269672;
0.783466;283.244832;
0.437086;192.172255;
0.809388;223.845540;
0.133059;54.255966;
1.077486;506.541792;
1.152456;505.457959;
0.750353;325.260432;
2.786925;1078.102102;
0.307418;141.547161;
0.661219;178.928860;
0.281295;132.410650;
1.260447;576.495704;
1.008417;415.630950;
0.363303;147.077608;
0.767541;338.921717;
0.386615;182.775693;
2.031002;908.882365;
0.876182;390.038035;
0.814372;374.413314;
0.834724;342.405755;
M0:0.005396
W0;O:0.000367;R:389.731548
0.520616;244.045383;
0.335952;77.249700;
1.901007;890.449525;
1.350483;310.586157;
1.382294;456.663090;
0.729618;307.821765;
2.279953;837.555201;
0.908399;379.147995;
0.362643;144.253336;
0.377813;152.714407;
2.662189;1256.742693;
0.338372;126.984059;
1.065182;242.742996;
0.825341;190.527161;
1.825016;750.334101;
0.779430;258.507986;
1.589564;613.270808;
0.686660;309.846924;
0.527515;222.784003;
2.046239;809.540605;
1.357292;311.975550;
1.672688;635.448702;
3.062681;1436.491295;
0.787697;179.854400;
0.522380;118.076400;
2.137194;998.009257;
1.094112;376.162941;
0.565406;201.394867;
1.976757;888.267774;
0.798618;342.505501;
2.916645;1257.559079;
1.615076;527.727277;
2.643517;772.518055;
1.687445;794.187773;
1.193703;347.445924;
0.937361;438.912672;
1.343661;628.602498;
3.101779;1363.558320;
1.070705;271.726940;
0.927918;414.362459;
0.804221;374.226839;
1.108855;521.355732;
0.743723;282.035046;
1.457634;337.039605;
0.628137;299.429059;
0.591726;252.810841;
0.763634;297.269612;
1.332826;603.858804;
0.424562;173.012880;
2.686492;1218.073754;
0.814588;222.364047;
0.559011;259.406235;
1.482609;342.745200;
1.307979;495.768525;
0.964904;421.307923;
3.195373;738.644816;
1.274071;291.559408;
0.353235;88.261362;
0.364894;84.310271;
0.542190;218.030558;
3.649379;1586.154520;
0.235663;98.776537;
1.664913;779.956120;
0.692083;238.805109;
1.547474;684.813264;
1.910602;696.235693;
2.149483;974.991398;
3.292992;1451.245782;
0.405598;176.493105;
0.474855;203.999342;
1.320295;563.512734;
0.739256;306.013715;
0.667994;284.367720;
0.455373;205.118171;
0.173787;63.736765;
3.649659;1448.030453;
2.075988;876.756766;
1.385882;654.811980;
1.103649;491.561054;
0.224810;104.762523;
1.127041;260.544420;
0.862578;389.270971;
0.957381;404.952244;
1.730684;761.521950;
1.939477;664.314390;
1.561360;724.362369;
1.463845;687.425105;
0.606746;220.928948;
1.715160;441.755829;
0.402864;176.955421;
1.740720;695.310575;
1.205874;564.673895;
0.614952;279.147038;
0.326263;139.861377;
0.248585;97.256619;
2.329138;1066.692580;
1.073879;309.104544;
1.778440;650.331864;
1.674030;532.821920;
1.630296;670.798995;
0.565473;163.722790;
0.384191;168.805187;
0.636377;300.169531;
0.847230;394.605773;
2.396164;1080.546923;
1.250673;568.222049;
2.254628;517.920611;
0.151586;50.409523;
0.757824;330.701671;
0.618042;214.076874;
2.298304;989.780461;
1.735046;662.779399;
2.923655;1356.652210;
1.568072;681.929474;
1.143208;500.952831;
0.182578;83.882003;
0.343242;163.067438;
1.086867;493.440726;
0.310918;71.360500;
0.326427;96.851649;
0.296679;77.318484;
0.763911;346.030573;
0.548004;260.142804;
0.659516;277.633370;
2.949054;998.467045;
0.738546;298.210832;
1.584375;691.343912;
0.543750;248.396112;
0.866475;413.184952;
3.589395;1409.747626;
0.423859;176.078680;
0.455719;206.290338;
0.711173;310.777268;
1.011272;309.081270;
1.788424;455.818447;
0.483004;128.964004;
0.599488;174.011967;
0.282380;109.381340;
1.940583;836.724549;
1.282036;526.397112;
0.642220;261.907215;
0.773082;207.882015;
0.429659;190.719523;
0.639394;146.001927;
1.276866;512.544234;
0.303438;80.222158;
2.786417;1176.708097;
2.303380;679.573833;
1.871644;431.499552;
1.330640;480.353800;
0.668241;307.619564;
0.501849;204.713533;
0.596126;201.358807;
0.499335;206.245455;
1.487258;622.729341;
0.674351;302.204132;
2.241806;585.559987;
0.793095;367.754875;
0.400611;168.000196;
0.417828;193.109276;
2.434596;986.125036;
0.246704;105.932287;
1.147579;268.087678;
3.200114;1362.380176;
1.450061;693.043383;
2.448270;964.740967;
0.656559;153.410455;
0.224946;81.471237;
1.058947;496.691714;
1.845392;871.859348;
0.795056;340.716565;
1.226160;447.234680;
0.272975;123.676278;
0.645048;306.789363;
2.584248;870.416873;
2.203122;977.126377;
0.314151;87.699397;
1.342073;309.071028;
0.470510;196.615405;
0.325658;154.366867;
3.026088;1363.473453;
0.748899;301.203885;
1.229210;515.373912;
2.803006;1199.289059;
3.798211;1741.071980;
0.418922;166.316493;
1.126424;508.204822;
0.460652;198.598562;
3.620270;1717.116159;
1.791150;695.364800;
0.998131;449.024196;
1.451990;541.061907;
0.266588;93.688966;
1.806382;840.192148;
0.797621;269.738411;
0.417718;175.828400;
1.165167;522.849892;
0.128604;56.340640;
1.983195;767.663948;
2.170519;998.596530;
0.898330;293.608130;
1.200781;514.230277;
2.125308;991.965875;
1.246800;414.898318;
2.468825;972.713923;
1.220335;279.726264;
0.370002;160.888231;
1.847589;568.354605;
0.353208;159.401576;
2.505453;1030.346389;
0.389245;131.146948;
2.229804;802.241735;
0.201425;93.882378;
3.875782;1761.024180;
0.933370;391.753188;
1.338958;573.493859;
2.396190;748.649114;
0.596874;280.678202;
1.469578;337.767015;
0.215304;92.489175;
2.753837;1263.572843;
2.838071;667.804947;
3.785857;1723.911715;
0.558311;257.173666;
1.229448;473.660028;
1.313983;617.308367;
0.165236;73.102744;
0.395178;155.168379;
1.094623;494.525048;
0.887730;270.768094;
1.761878;645.005824;
0.936612;246.147314;
0.490082;197.262987;
2.445504;1071.024708;
0.345596;159.331080;
2.320162;917.544974;
0.449116;176.620616;
2.210508;708.654491;
0.620969;143.063244;
2.888775;1167.040624;
0.585737;257.611370;
0.294551;128.224784;
0.374215;176.660029;
0.327667;139.462981;
0.242627;55.935441;
0.897010;376.498163;
0.549387;225.428882;
2.127598;771.571200;
2.830269;1239.150497;
3.327535;773.310528;
1.034381;447.607451;
1.430491;626.958799;
2.093415;483.004368;
0.824262;391.140928;
1.368974;473.634469;
0.366723;161.275859;
0.409914;181.771397;
0.507631;147.885755;
1.664264;618.063648;
0.706223;163.509668;
1.693010;525.705371;
1.008916;399.153149;
0.274179;64.891233;
0.612632;210.877850;
2.756773;1175.063257;
2.239611;986.400963;
0.255138;84.340133;
0.206673;64.036403;
1.989560;649.353604;
0.682057;241.199516;
3.207800;1448.854566;
3.417441;1632.494045;
1.297751;602.833664;
0.659528;151.956945;
0.415561;124.504940;
0.345121;154.540975;
1.303108;477.764940;
0.151631;66.530602;
3.407667;1620.659291;
1.256905;543.391068;
1.307016;300.321683;
0.211447;55.093196;
2.128718;488.658625;
1.211713;472.115684;
1.316332;480.418418;
1.896366;876.021975;
0.446735;170.884015;
1.330522;601.650789;
2.095067;644.116627;
3.784925;1248.022371;
1.103065;408.224200;
2.069927;843.925181;
0.306595;124.531789;
2.801153;1228.896234;
2.642001;1147.822877;
0.428096;130.458615;
2.519932;1098.681908;
0.732953;327.187226;
0.320881;150.350381;
3.149181;1296.678211;
0.406593;163.453708;
0.470776;209.120299;
1.869264;841.677679;
0.545752;229.074051;
2.211096;821.275577;
2.016110;543.085760;
0.827427;349.968083;
1.269616;541.986080;
0.972224;454.504869;
0.426314;200.972717;
0.471766;197.159317;
0.254546;103.102640;
1.067131;244.528128;
3.677954;1743.321349;
0.741643;251.780277;
1.375219;318.037941;
2.816255;1061.600105;
2.251368;919.991590;
2.848050;1154.359426;
2.479829;1047.365762;
0.446820;176.909852;
0.952763;330.576417;
1.885847;778.304262;
1.628403;661.911172;
0.631074;275.586119;
1.352323;587.695043;
0.827495;370.912405;
0.216431;102.122355;
3.073133;1387.052717;
0.409921;195.247613;
1.312613;626.055969;
2.687221;980.814124;
0.341968;152.061502;
3.233594;1365.275623;
0.745977;333.423435;
1.451758;520.190524;
1.320206;603.357177;
1.495304;613.201395;
0.461213;186.440376;
0.407329;186.321949;
3.879000;1597.663639;
1.299096;595.410837;
1.308511;535.987125;
0.592143;244.195082;
1.334635;626.519155;
0.223726;76.659359;
1.137078;443.199803;
0.853791;329.376726;
1.285265;472.523411;
2.339860;539.706384;
2.553679;702.460954;
0.345577;128.467922;
1.899138;895.520297;
0.447441;204.721705;
0.514947;222.810646;
0.390001;89.413240;
1.099097;524.157202;
1.376732;484.366385;
2.523585;964.255111;
2.248977;1071.634045;
1.349714;306.705736;
3.364086;1236.476670;
0.822611;385.310266;
1.474974;529.816573;
0.507940;238.205746;
0.762361;308.665389;
0.773956;323.492438;
0.323747;85.072184;
1.147479;536.802153;
2.811568;1232.288607;
1.802217;832.957935;
1.320526;625.283942;
1.055297;404.662687;
0.479224;181.072743;
1.729545;784.997987;
0.293838;90.549500;
1.151668;434.942088;
1.207509;469.336066;
1.927668;445.798080;
0.573458;222.158817;
2.134238;950.064067;
1.883236;740.976921;
0.328747;146.005701;
0.260398;105.183367;
0.789909;334.999266;
1.519068;607.806588;
1.481376;631.098633;
0.588820;138.624485;
2.679631;977.979787;
0.492141;213.994934;
0.317908;100.075395;
0.343112;151.134205;
0.849326;194.780600;
0.402319;112.868326;
2.334386;1038.277657;
1.470519;605.961221;
1.516307;705.267242;
0.280392;91.952139;
1.178858;418.750644;
2.705614;1124.338337;
0.562759;197.468893;
1.509682;433.901036;
0.483449;193.960545;
0.844882;394.060258;
1.514722;623.943562;
0.808199;378.812575;
1.199655;381.743813;
0.459768;185.458077;
0.958213;307.989671;
0.466142;221.674576;
2.051922;901.495712;
1.324881;545.853883;
0.388800;176.806578;
0.397105;164.987321;
0.307609;131.038136;
1.082148;385.099433;
2.834049;973.920903;
2.165879;798.663560;
1.994746;482.106420;
0.318398;135.973820;
2.707157;1219.014374;
2.123874;1006.499796;
0.853641;398.261096;
0.236978;98.182198;
0.318231;143.502379;
0.417559;190.269751;
0.683197;155.428735;
0.343652;79.060983;
1.425051;506.979583;
0.402713;94.648188;
3.027806;889.171450;
2.337871;992.105173;
0.239515;112.082581;
0.542747;222.563690;
1.341584;480.156017;
1.575088;727.891753;
0.281469;63.706500;
1.062037;481.683904;
0.328773;102.769328;
0.423073;187.097182;
0.119739;27.190600;
1.013884;233.426397;
1.166066;492.619306;
0.612377;241.972493;
0.584945;135.000540;
2.034117;901.415568;
1.773459;761.135263;
0.890116;351.993039;
1.546956;467.368942;
1.367656;618.302018;
0.812372;379.587079;
0.488611;155.906541;
3.360485;850.607925;
1.733173;822.322804;
0.220929;83.158610;
0.420728;194.033588;
0.117569;49.842125;
0.573441;131.030736;
0.601271;282.002746;
2.211530;859.051045;
2.807101;1318.111158;
2.506105;1030.459674;
1.322763;360.620337;
0.861834;361.157850;
1.824766;829.875851;
2.358216;542.555625;
0.828780;364.766152;
1.058089;498.292122;
0.510660;224.985757;
0.618621;171.679278;
0.612533;140.550091;
0.278464;110.144932;
0.695735;324.344527;
0.253838;110.394711;
0.430044;153.056865;
0.423239;187.634415;
0.523358;243.753596;
1.818243;600.981434;
2.943958;1047.438949;
2.074036;478.519300;
1.497358;643.160429;
2.846804;1363.710918;
0.739473;328.547938;
1.102070;477.043362;
0.923634;429.557379;
1.188655;559.452275;
0.509740;178.576368;
0.436261;121.992785;
4.075703;1309.922595;
0.688773;306.435846;
1.521098;478.163254;
0.839365;381.659728;
1.111028;527.070584;
0.320902;146.701707;
0.746705;338.735049;
2.120170;828.496740;
2.155753;1015.270275;
1.344539;570.973088;
0.305344;131.971116;
0.361652;111.820112;
0.433698;123.665903;
0.581263;133.281200;
0.316544;127.947915;
1.402815;651.838447;
3.670816;1601.561990;
0.927802;288.173909;
2.776817;1323.701965;
0.318417;87.399384;
1.403608;624.483551;
1.111025;380.755801;
0.406936;193.096652;
1.373557;514.588417;
0.491712;227.177538;
1.017687;408.182474;
0.468365;153.370005;
0.194019;44.497259;
0.957676;396.735859;
2.832057;1056.176288;
1.092474;425.142920;
0.395338;181.054902;
3.206576;1219.450352;
0.979103;464.853091;
2.281965;1043.431893;
0.173717;65.891499;
1.899927;882.987708;
0.452964;201.619428;
0.479402;220.230381;
1.461199;687.808360;
1.496213;465.674717;
2.269322;840.142840;
1.438919;601.169398;
1.798721;412.525769;
1.332372;566.287134;
0.560487;133.724353;
3.315095;1360.770147;
0.191108;49.640064;
1.244239;572.918775;
1.195197;403.405493;
0.302293;138.401846;
0.565933;247.623227;
0.864567;207.378711;
1.270059;560.919902;
0.301552;135.277033;
3.128450;1469.127411;
0.519193;239.793502;
1.078301;437.817631;
0.386890;121.309733;
2.903112;972.834185;
1.224324;483.844805;
2.546200;1189.831470;
2.631736;828.484219;
1.530864;720.740262;
0.634492;241.573627;
0.878829;208.485575;
0.426219;173.176300;
1.394206;653.774031;
0.465216;183.084637;
0.876170;358.780606;
1.209245;503.181018;
2.233331;993.265031;
0.333388;153.407101;
0.211193;60.157002;
0.934892;404.024605;
0.437289;206.947422;
0.707783;255.573234;
1.436868;676.139736;
0.884449;221.094256;
0.383417;180.165785;
0.579670;255.887891;
0.522276;232.324064;
1.109073;268.076096;
1.882795;435.490504;
0.396330;133.667795;
1.725119;787.469654;
0.458188;126.667818;
0.995703;350.605560;
2.133680;975.794635;
1.437617;529.636029;
0.986238;412.702006;
0.667986;280.882735;
1.220705;540.131579;
0.988466;471.838633;
1.405541;534.451072;
1.838197;427.352800;
0.593688;229.937026;
2.145693;790.937644;
0.445239;108.744178;
1.960535;655.401864;
1.972173;498.784655;
1.905864;903.075235;
1.178371;445.557159;
0.709289;239.907901;
1.683860;389.145600;
0.426759;199.659626;
0.422250;174.150880;
1.025837;428.879579;
1.660938;724.274030;
1.354471;631.275701;
2.366442;1093.353234;
0.763493;274.414529;
2.247700;927.448925;
0.393093;133.877807;
1.517029;706.366481;
0.293963;97.967120;
1.310387;536.617376;
0.567468;215.352760;
0.339821;132.380729;
0.694969;311.395505;
0.645019;304.447728;
0.677264;290.171255;
2.697804;706.612174;
0.310928;86.412051;
2.530936;1041.014829;
0.317271;132.762062;
0.642498;219.833641;
0.530588;243.822322;
0.263956;99.383504;
3.314293;1355.909121;
3.825497;1625.377879;
1.136127;454.605877;
0.157918;72.486305;
0.804025;337.447771;
0.225071;106.097766;
1.249505;479.177762;
1.387091;623.489133;
1.973200;748.047024;
1.603405;750.745173;
1.314962;622.025096;
0.511569;210.064647;
3.312355;922.999928;
0.793795;338.270140;
0.805809;303.232937;
2.172924;864.112984;
0.408949;190.328291;
2.335690;933.049741;
0.547577;208.319161;
0.734617;318.019637;
2.959939;1222.613747;
0.622219;201.866027;
1.558963;719.806920;
0.680109;233.649219;
0.710254;312.211181;
0.176004;77.197159;
0.548695;238.503803;
0.659793;276.220336;
2.035839;803.419560;
3.251504;1427.277384;
0.582423;251.368897;
2.001706;483.013902;
1.536118;405.834169;
1.596256;638.764698;
1.470534;675.403391;
0.959331;387.269869;
1.851313;809.282988;
0.708182;297.238556;
1.738112;789.357048;
0.989463;358.447352;
1.112720;480.205424;
0.803619;226.006115;
2.537668;902.824453;
0.846581;230.776113;
1.281243;295.547066;
1.939621;846.673080;
1.059038;443.095822;
1.550061;449.929792;
3.675333;1057.831339;
3.376090;1497.594760;
0.664030;306.351548;
1.632758;732.041411;
2.082622;899.606283;
0.656816;240.088151;
1.579827;363.549375;
2.723934;992.987624;
1.096712;307.720853;
0.158122;70.404090;
0.503762;145.696223;
1.144070;500.443538;
1.166563;270.774000;
0.552210;216.775022;
1.243855;418.010547;
0.739768;169.003989;
0.636234;214.023966;
0.408499;190.019785;
1.875121;878.416444;
3.053210;1296.244534;
0.324887;141.775490;
0.778446;192.436435;
0.995008;411.955878;
0.530882;244.953136;
3.688760;1735.574730;
1.774492;590.853885;
1.831276;586.659245;
0.871908;361.965081;
1.284921;610.119423;
0.936540;345.231374;
0.407915;128.881815;
0.844971;194.037201;
0.423347;165.234566;
1.086037;464.798918;
1.105606;443.683758;
0.752911;347.174823;
0.251161;119.125631;
0.426080;97.225920;
2.327360;995.063588;
0.591850;208.345081;
0.854440;350.879290;
2.075159;718.469306;
0.543262;206.895700;
1.322638;617.387358;
0.686856;287.396525;
0.524000;122.550596;
0.799772;377.464376;
1.603371;757.186856;
1.886842;760.082700;
1.322702;582.330728;
0.888056;418.747376;
0.534313;226.186462;
0.941112;320.255641;
0.230071;82.284539;
0.308851;129.901775;
0.590114;274.201100;
0.807292;186.075540;
2.539556;1016.701987;
0.352548;162.806500;
1.070205;399.113432;
1.747769;431.158768;
1.109362;406.536784;
2.506639;1144.330038;
1.246479;463.747580;
0.483588;191.926016;
0.285512;134.879734;
1.053014;455.578179;
0.722350;339.204138;
1.506658;540.672466;
1.682221;387.898112;
1.048922;357.057020;
2.079854;964.623208;
1.285398;600.788001;
2.116692;993.434029;
1.415200;637.004035;
0.660769;308.561075;
0.501015;115.555000;
0.133148;37.602311;
0.586474;251.119708;
0.416920;184.522312;
0.501797;232.801617;
3.330553;908.954045;
1.077111;325.384428;
0.270732;107.636841;
0.415136;181.664207;
1.071792;252.399541;
1.481006;388.272581;
0.498356;113.425200;
0.532038;247.039921;
1.127720;482.715644;
0.757207;179.152832;
2.051709;880.482313;
3.113052;1319.980943;
0.882940;387.577938;
0.504943;189.688821;
0.494097;220.176954;
1.155609;430.922156;
3.328484;1442.321389;
0.675152;206.910150;
2.411504;968.878440;
1.567462;599.783987;
0.705877;163.903256;
0.898457;231.671627;
0.254994;58.563225;
1.129559;448.095792;
1.969463;878.459612;
0.806098;356.679843;
0.554700;128.885088;
0.662542;251.200792;
0.380905;87.097500;
3.552182;1667.889672;
0.255660;97.236658;
0.735962;278.028109;
1.009341;232.232022;
0.301467;70.324800;
1.340495;513.020607;
0.762465;350.653643;
0.590535;209.319967;
1.103171;452.009066;
1.210055;434.856675;
3.312814;1519.216995;
0.502165;230.468982;
0.222413;104.444955;
1.522636;636.628433;
1.187020;272.332985;
1.161081;542.291894;
0.572586;170.233441;
0.399079;178.555379;
1.719169;401.841000;
2.046648;934.505645;
0.329629;118.960694;
2.570189;595.850492;
0.358318;157.790482;
1.787387;838.072604;
0.963090;348.546813;
0.441854;131.408975;
0.875560;281.109306;
0.778565;355.129143;
1.146374;266.603656;
1.522990;683.751127;
0.115598;47.619494;
1.130495;531.041484;
0.787091;323.630160;
0.392776;120.795085;
0.820161;376.405283;
0.496874;222.915005;
0.469865;206.484430;
0.576009;255.906845;
0.104106;35.710842;
1.173231;514.398812;
0.274541;108.932564;
2.891970;1133.901053;
0.565971;162.706743;
0.468089;108.782352;
0.427538;194.328051;
1.857504;876.400543;
0.406896;129.139126;
0.729742;332.392910;
2.340172;749.925442;
1.448312;656.283700;
1.091503;417.037008;
3.191493;1347.090765;
1.416194;488.280711;
0.882504;198.492264;
0.134188;61.169440;
0.525343;242.038141;
2.309915;982.136889;
1.257885;439.076305;
1.085531;485.679330;
3.698304;1381.188407;
4.100965;1389.466119;
0.904176;393.309789;
0.540660;242.414284;
1.106628;254.837888;
1.050315;246.258688;
0.372714;176.441318;
1.540432;623.948457;
0.737334;347.680116;
2.043917;682.168587;
0.758881;222.751811;
1.501413;647.701635;
0.166633;70.708929;
3.564785;1243.056239;
0.246630;115.710596;
0.594077;266.329821;
1.194393;556.518092;
3.565978;1704.344603;
0.716873;295.712905;
1.834469;423.344700;
0.217475;95.936567;
1.124874;537.604199;
0.461192;169.992977;
0.833969;271.085344;
1.333942;583.028896;
0.346879;164.111245;
2.621010;666.605187;
1.571295;588.766406;
0.522469;242.399726;
1.396290;657.810218;
2.861151;1333.015720;
0.436831;114.753459;
0.961610;221.101375;
1.688473;794.119085;
0.660194;293.362471;
1.447789;479.959691;
1.230402;412.091035;
1.478522;685.630517;
0.959261;322.366313;
0.580862;230.860506;
0.240505;83.988146;
2.947184;1040.613220;
1.138347;534.344641;
0.572815;194.405047;
1.553639;360.855054;
1.949259;806.033264;
0.486104;184.067709;
0.163926;55.500977;
0.602536;276.909370;
1.097290;461.553991;
2.727481;1199.418889;
0.376589;175.331774;
0.381920;180.978062;
0.540978;215.181314;
1.047169;384.513179;
0.714840;174.580273;
1.740344;529.089666;
1.043615;424.341691;
0.386955;90.478144;
2.720863;930.685690;
0.262003;59.829392;
0.582579;134.236512;
2.193241;890.204127;
1.843276;866.790370;
1.119245;444.798725;
1.916369;566.727679;
1.666262;712.911467;
0.264160;92.243653;
1.547467;672.987916;
0.573862;231.237407;
0.921670;413.379445;
1.052506;242.474148;
2.263342;786.690987;
1.058527;487.763738;
0.277999;132.306006;
3.161718;1387.554000;
1.585364;633.161261;
0.760550;299.435598;
0.275107;99.123085;
0.819446;237.317429;
1.034158;461.963467;
1.306047;298.736355;
0.175453;77.651854;
0.487475;229.394302;
3.415512;1394.809025;
2.840652;653.964344;
0.844346;232.330653;
1.785792;768.478180;
0.284665;68.286585;
1.182606;409.065649;
0.814522;387.287987;
0.654473;286.520958;
2.274602;1037.929695;
0.478519;199.647603;
2.380423;1111.417703;
0.486262;148.200387;
3.720471;1707.287533;
1.037265;312.071365;
0.711215;163.216000;
0.276993;120.360282;
2.357142;886.015715;
1.528541;472.692403;
0.320832;151.554360;
1.428288;616.207563;
0.744958;233.963705;
1.203580;527.760929;
1.532614;567.077101;
0.316027;110.156121;
0.205419;93.474909;
0.193986;74.753072;
1.297701;424.323064;
0.192985;56.900496;
0.639479;270.556706;
1.570435;503.276406;
1.767830;806.870248;
3.045346;1201.275228;
2.905772;723.311111;
0.113353;50.036772;
1.478011;444.917856;
0.319705;149.198620;
0.254677;111.109860;
2.244220;947.696994;
0.977028;224.447480;
0.677666;242.652346;
1.473309;510.860189;
0.280264;121.823286;
0.550287;257.421345;
0.353211;159.245310;
0.974200;461.683926;
1.109631;256.824400;
1.687590;602.517825;
1.270560;593.544000;
1.411942;517.343666;
1.356177;310.831680;
0.481944;200.561941;
0.937085;302.827564;
3.881707;1769.466752;
2.572625;924.979345;
1.088890;404.412938;
2.116946;1004.015465;
1.103036;254.653496;
0.657852;297.906649;
0.880735;209.795395;
0.834431;352.834768;
1.762922;827.161855;
0.763071;218.745841;
1.085516;428.396139;
1.363937;435.142032;
1.709155;770.896858;
0.717159;338.970263;
0.531083;249.771758;
0.741154;222.526511;
1.778017;781.473799;
0.567636;229.214274;
0.338743;149.756794;
1.779961;797.627125;
1.948066;885.064814;
3.593458;825.511936;
0.238929;100.738722;
3.080974;1082.224946;
2.648084;608.846355;
1.070061;489.438815;
2.906362;1225.442441;
0.160219;74.383321;
0.291462;124.935447;
1.051395;469.587271;
1.884277;887.023608;
0.390283;177.813720;
0.112273;50.647064;
1.880846;847.539640;
0.406922;178.574736;
0.475316;108.606454;
0.436003;125.848188;
3.318738;764.564220;
0.415056;174.874575;
1.264229;561.039834;
1.412513;635.508574;
0.171301;71.315989;
1.445016;601.035733;
0.664832;155.060480;
2.654952;781.417700;
0.129989;51.838338;
0.466584;111.330846;
0.631296;282.192023;
1.457061;668.832601;
0.226374;68.963352;
1.261265;589.267019;
0.952862;443.883564;
0.338675;147.302947;
1.363705;313.290000;
1.201543;276.105396;
0.412957;142.865229;
2.291101;946.436540;
0.514220;118.344825;
0.404629;93.688000;
0.798138;308.016906;
1.181892;425.573889;
1.333893;527.914807;
1.507650;714.878573;
0.974472;461.106275;
2.120224;598.218382;
0.188103;47.428451;
1.706462;393.283800;
1.650667;380.009975;
2.801814;1189.680308;
1.558322;672.933848;
1.774404;767.658236;
0.422130;186.535451;
3.458130;1104.098849;
2.821374;1074.236384;
1.149172;507.872485;
0.277010;76.970007;
1.183466;429.998755;
0.385176;89.714800;
0.883880;341.172764;
3.029341;1278.779791;
W1;O:0.000581;R:602.738624
2.940497;833.417631;
W2;O:0.000634;R:604.359800
1.055842;416.492562;
1.422567;338.089788;
W3;O:0.000549;R:605.004886
W4;O:0.000629;R:604.861347
W5;O:0.000626;R:605.774370
