3.6754;623.616;
4.24777;657.783;
5.0807;748.406;
4.59173;681.914;
4.61734;662.985;
3.48944;597.052;
4.75538;686.44;
5.19132;687.912;
5.33802;704.595;
4.69044;668.589;
4.14585;597.462;
3.81304;652.56;
4.9338;710.561;
4.04039;573.644;
5.19739;690.966;
3.71656;637.783;
4.52072;652.967;
4.64539;664.973;
5.41605;720.822;
4.51621;652.946;
4.89495;708.742;
3.87503;666.951;
5.22089;688.096;
4.38436;631.77;
4.67045;612.829;
4.62977;656.863;
4.86253;694.755;
4.36633;625.144;
3.76033;640.304;
4.64909;624.455;
4.70444;676.58;
4.7268;681.875;
4.69735;679.402;
4.83315;696.996;
5.33622;697.479;
3.74492;643.257;
4.58309;607.764;
4.49009;652.237;
4.54133;656.965;
4.25935;609.864;
4.98353;714.901;
3.93392;677.364;
4.67405;616.337;
4.80224;634.598;
4.63067;663.946;
3.84854;653.947;
4.43317;634.587;
4.31461;617.208;
4.80871;689.343;
4.98846;665.551;
4.6661;624.408;
4.49821;652.167;
4.24347;720.487;
4.35942;623.824;
4.32393;625.08;
4.58914;662.69;
4.95567;651.423;
3.2842;562.153;
4.92917;654.722;
4.61777;664.403;
4.51823;650.355;
4.42601;636.837;
4.59163;657.05;
5.23511;695.796;
4.25331;731.743;
4.64532;666.847;
4.66409;661.763;
5.28742;701.589;
4.34315;627.06;
4.74317;677.198;
3.7492;640.287;
4.9175;652.626;
4.21644;605.764;
4.8003;691.452;
4.73884;626.406;
4.52115;651.023;
4.38686;620.85;
3.91964;678.704;
5.19756;689.867;
4.50507;646.423;
4.55563;650.97;
3.58371;619.886;
4.74998;686.292;
4.82157;635.948;
4.73642;671.719;
4.92001;646.16;
4.59213;657.299;
4.04223;687.708;
4.50916;649.128;
4.47316;637.588;
4.57946;656.961;
5.40172;716.661;
4.03382;700.025;
4.75748;629.737;
4.58222;666.96;
4.38871;637.156;
4.32113;616.723;
5.12623;746.688;
5.29452;702.621;
3.9912;685.549;
4.7633;635.597;
4.13062;589.147;
5.11883;725.935;
4.4694;634.071;
4.2938;616.072;
4.12232;702.347;
5.56565;746.05;
4.44319;641.967;
4.64631;668.885;
4.90433;648.737;
4.46309;638.503;
4.79644;691.288;
3.7948;655.449;
5.07911;663.859;
4.32274;622.059;
4.54175;654.791;
4.48453;650.975;
4.47579;644.175;
5.27234;702.023;
3.73073;643.601;
4.60726;608.22;
4.58237;661.837;
4.52567;649.767;
4.75725;684.608;
4.51479;648.047;
4.17214;707.558;
4.95055;656.769;
4.72011;629.933;
4.57401;662.207;
4.60604;660.425;
4.29817;622.681;
4.08576;699.778;
4.98192;715.529;
5.03758;664.546;
4.16766;549.404;
3.74199;631.786;
4.67907;671.242;
4.276;615.442;
4.51031;650.315;
4.81254;684.077;
4.92246;650.977;
3.74841;641.713;
5.05156;664.917;
4.25022;607.911;
4.36179;619.656;
4.77024;672.564;
4.86869;698.123;
5.27095;696.807;
4.03036;699.766;
4.32986;572.32;
4.6427;662.974;
4.29515;616.3;
4.59501;665.156;
4.48065;641.413;
3.95354;679.756;
5.1089;679.478;
4.91835;648.194;
4.50274;652.871;
4.61951;660.905;
4.76582;686.746;
4.83328;691.348;
4.02993;691.989;
4.98759;660.541;
4.19513;606.086;
4.91498;647.299;
4.58212;655.052;
4.29439;610.891;
4.36173;626.49;
3.7839;645.499;
4.30213;612.527;
4.86106;641.654;
3.68919;631.233;
4.75635;688.423;
4.88091;646.412;
4.45017;633.349;
4.74927;682.827;
4.97881;717.006;
4.28668;625.392;
3.9097;664.108;
5.05739;666.507;
4.36464;620.536;
4.81;642.502;
4.62712;664.464;
4.24262;609.596;
4.12918;706.153;
4.34688;622.953;
4.62949;661.167;
4.90434;642.736;
4.2015;598.963;
4.68459;616.279;
3.91645;673.381;
4.21166;600.848;
4.70681;676.819;
4.62667;667.218;
4.48178;640.018;
4.87347;654.872;
5.27135;697.551;
3.77605;643.691;
4.70528;677.697;
4.89444;698.453;
4.30898;624.872;
4.24495;605.826;
5.40273;711.995;
3.92914;673.557;
5.29164;705.555;
4.57728;663.418;
4.30468;619.474;
4.59015;656.917;
4.70862;676.283;
3.88462;674.277;
5.03362;670.838;
5.47749;721.367;
4.69643;672.221;
4.96448;712.889;
4.90652;701.456;
4.54724;653.172;
4.02158;682.98;
4.86344;648.874;
4.83512;646.521;
4.62006;642.589;
4.3327;618.859;
3.91005;670.197;
4.9585;695.842;
4.81267;688.064;
4.78365;628.913;
4.65216;619.206;
3.76705;640.305;
4.10438;591.399;
4.69134;666.93;
4.48878;635.683;
4.6614;669.283;
4.98134;658.354;
3.88659;664.622;
4.79662;631.065;
4.34811;625.734;
4.32139;616.028;
4.581;657.796;
4.46495;638.69;
4.06189;691.805;
5.0033;658.113;
4.34389;626.908;
5.06727;672.607;
4.66284;671.61;
4.79872;688.394;
4.9331;707.424;
3.85532;658.506;
4.77982;635.673;
4.53105;654.903;
4.79706;633.745;
4.8449;687.623;
4.57091;656.307;
4.76648;682.625;
4.20473;722.968;
4.21895;611.605;
5.28391;697.951;
4.24244;610.681;
4.56317;651.515;
5.36589;714.986;
4.71629;672.786;
3.99339;677.845;
4.40224;631.092;
4.20267;596.062;
4.6672;616.552;
4.37379;625.249;
3.98233;680.783;
4.86229;645.48;
4.7321;655.28;
4.32771;621.471;
4.54264;657.8;
4.17756;712.474;
5.17456;690.044;
4.87776;704.21;
4.50293;649.433;
5.22399;696.008;
4.25058;605.366;
3.44782;592.829;
4.54027;642.69;
4.65942;669.07;
5.05307;682.187;
4.75111;689.213;
4.95831;644.404;
4.73991;684.786;
4.03792;700.12;
5.02566;723.031;
4.43422;631.171;
4.30637;614.232;
4.8748;647.827;
5.1139;671.684;
4.09749;709.165;
4.52616;642.956;
4.54523;658.709;
4.52361;653.328;
4.36887;634.258;
5.19937;692.534;
3.96801;679.419;
4.3631;638.101;
4.55592;623.497;
4.07353;625.237;
3.92506;613.034;
4.998;800.015;
