1.031496;450.186106;
1.031742;450.186106;
1.031942;450.186106;
1.032137;450.186106;
1.034538;450.186106;
1.034869;450.186106;
1.030299;450.186106;
1.031057;450.186106;
1.032623;450.186106;
1.032897;450.186106;
1.031070;450.186106;
1.041890;450.186106;
1.031411;450.186106;
1.032137;450.186106;
1.031426;450.186106;
1.032642;450.186106;
1.033400;450.186106;
1.030788;450.186106;
1.032310;450.186106;
1.031095;450.186106;
1.031388;450.186106;
1.031869;450.186106;
1.032615;450.186106;
1.031235;450.186106;
1.030693;450.186106;
1.030991;450.186106;
1.030186;450.186106;
1.031513;450.186106;
1.030985;450.186106;
1.030697;450.186106;
1.031586;450.186106;
1.032853;450.186106;
1.030940;450.186106;
1.030707;450.186106;
1.032054;450.186106;
1.031508;450.186106;
1.030449;450.186106;
1.031007;450.186106;
1.031870;450.186106;
1.031744;450.186106;
1.032325;450.186106;
1.031505;450.186106;
1.030778;450.186106;
1.031807;450.186106;
1.030391;450.186106;
1.031258;450.186106;
1.030869;450.186106;
1.044480;450.186106;
1.031246;450.186106;
1.031640;450.186106;
1.031132;450.186106;
1.030820;450.186106;
1.040893;450.186106;
1.031342;450.186106;
1.031855;450.186106;
1.030633;450.186106;
1.032189;450.186106;
1.031360;450.186106;
1.031443;450.186106;
1.043215;450.186106;
1.032117;450.186106;
1.032688;450.186106;
1.031228;450.186106;
1.031498;450.186106;
1.032748;450.186106;
1.031617;450.186106;
1.031524;450.186106;
1.031185;450.186106;
1.031573;450.186106;
1.030915;450.186106;
1.041203;450.186106;
1.032691;450.186106;
1.031721;450.186106;
1.030840;450.186106;
1.031334;450.186106;
1.031257;450.186106;
1.031053;450.186106;
1.032108;450.186106;
1.031560;450.186106;
1.031798;450.186106;
1.031384;450.186106;
1.031224;450.186106;
1.031691;450.186106;
1.031987;450.186106;
1.031060;450.186106;
1.031877;450.186106;
1.031245;450.186106;
1.031989;450.186106;
1.031673;450.186106;
1.032427;450.186106;
1.032314;450.186106;
1.031149;450.186106;
1.032232;450.186106;
1.032271;450.186106;
1.031608;450.186106;
1.041349;450.186106;
1.030878;450.186106;
1.031365;450.186106;
1.032164;450.186106;
1.031310;450.186106;
1.030933;450.186106;
1.031589;450.186106;
1.031241;450.186106;
1.031041;450.186106;
1.031826;450.186106;
1.031359;450.186106;
1.031686;450.186106;
1.030648;450.186106;
1.030939;450.186106;
1.031141;450.186106;
1.030783;450.186106;
1.031891;450.186106;
1.032432;450.186106;
1.030484;450.186106;
1.031850;450.186106;
1.031229;450.186106;
1.031128;450.186106;
1.044048;450.186106;
1.031229;450.186106;
1.042892;450.186106;
1.031388;450.186106;
1.029904;450.186106;
1.030797;450.186106;
1.030965;450.186106;
1.030375;450.186106;
1.031014;450.186106;
1.030719;450.186106;
1.031711;450.186106;
1.032126;450.186106;
1.031508;450.186106;
1.030709;450.186106;
1.031973;450.186106;
1.030660;450.186106;
1.043261;450.186106;
1.031832;450.186106;
1.030459;450.186106;
1.032213;450.186106;
1.032167;450.186106;
1.032648;450.186106;
1.033049;450.186106;
1.032392;450.186106;
1.031563;450.186106;
1.031519;450.186106;
1.043061;450.186106;
1.030235;450.186106;
1.030111;450.186106;
1.030298;450.186106;
1.029372;450.186106;
1.029723;450.186106;
1.031460;450.186106;
1.042975;450.186106;
1.031225;450.186106;
1.031515;450.186106;
1.031746;450.186106;
1.032433;450.186106;
1.032011;450.186106;
1.032188;450.186106;
1.031492;450.186106;
1.032043;450.186106;
1.031965;450.186106;
1.043340;450.186106;
1.030868;450.186106;
1.032524;450.186106;
1.030776;450.186106;
1.030912;450.186106;
1.043645;450.186106;
1.043925;450.186106;
1.033027;450.186106;
1.032197;450.186106;
1.030488;450.186106;
1.031427;450.186106;
1.030410;450.186106;
1.030568;450.186106;
1.030541;450.186106;
1.031756;450.186106;
1.031979;450.186106;
1.032269;450.186106;
1.033581;450.186106;
1.031465;450.186106;
1.032189;450.186106;
1.032822;450.186106;
1.030635;450.186106;
1.030394;450.186106;
1.030610;450.186106;
1.031715;450.186106;
1.031179;450.186106;
1.031212;450.186106;
1.031517;450.186106;
1.030819;450.186106;
1.031000;450.186106;
1.032651;450.186106;
1.031324;450.186106;
1.031337;450.186106;
1.030508;450.186106;
1.031762;450.186106;
1.030270;450.186106;
1.030586;450.186106;
1.030671;450.186106;
1.030930;450.186106;
1.031387;450.186106;
1.031830;450.186106;
1.031513;450.186106;
1.030980;450.186106;
1.031314;450.186106;
1.031537;450.186106;
1.032063;450.186106;
1.032328;450.186106;
1.031224;450.186106;
1.032343;450.186106;
1.031800;450.186106;
1.031670;450.186106;
1.030763;450.186106;
1.031787;450.186106;
1.030896;450.186106;
1.030987;450.186106;
1.031443;450.186106;
1.030794;450.186106;
1.030377;450.186106;
1.031109;450.186106;
1.032332;450.186106;
1.031005;450.186106;
1.031399;450.186106;
1.032092;450.186106;
1.031189;450.186106;
1.031468;450.186106;
1.032215;450.186106;
1.032617;450.186106;
1.032575;450.186106;
1.031595;450.186106;
1.030780;450.186106;
1.030923;450.186106;
1.031608;450.186106;
1.031778;450.186106;
1.032458;450.186106;
1.031615;450.186106;
1.031796;450.186106;
1.030871;450.186106;
1.032566;450.186106;
1.030368;450.186106;
1.031003;450.186106;
1.053593;450.186106;
1.053942;450.186106;
1.053574;450.186106;
1.053439;450.186106;
1.052628;450.186106;
1.056814;450.186106;
1.097539;450.186106;
1.098592;450.186106;
1.099046;450.186106;
1.100121;450.186106;
1.098165;450.186106;
1.098097;450.186106;
1.101078;450.186106;
1.100583;450.186106;
1.101102;450.186106;
1.100468;450.186106;
1.114452;450.186106;
1.100443;450.186106;
1.099150;450.186106;
1.099583;450.186106;
1.099355;450.186106;
1.100424;450.186106;
1.099467;450.186106;
1.098910;450.186106;
1.098826;450.186106;
1.099821;450.186106;
1.099109;450.186106;
1.099244;450.186106;
1.099640;450.186106;
1.099980;450.186106;
1.104668;450.186106;
1.104450;450.186106;
1.104782;450.186106;
1.103608;450.186106;
1.104126;450.186106;
1.103020;450.186106;
1.096093;450.186106;
1.096200;450.186106;
1.096958;450.186106;
1.096348;450.186106;
1.097103;450.186106;
1.096220;450.186106;
1.098281;450.186106;
1.100491;450.186106;
1.098795;450.186106;
1.099303;450.186106;
1.100444;450.186106;
1.099451;450.186106;
1.095071;450.186106;
1.095115;450.186106;
1.094796;450.186106;
1.094492;450.186106;
1.096315;450.186106;
1.094426;450.186106;
1.098173;450.186106;
1.098328;450.186106;
1.099687;450.186106;
1.099257;450.186106;
1.099062;450.186106;
1.099817;450.186106;
1.097483;450.186106;
1.097296;450.186106;
1.099022;450.186106;
1.097736;450.186106;
1.098345;450.186106;
1.097781;450.186106;
1.101591;450.186106;
1.101803;450.186106;
1.102646;450.186106;
1.103138;450.186106;
1.116425;450.186106;
1.103668;450.186106;
1.096518;450.186106;
1.096881;450.186106;
1.097256;450.186106;
1.096122;450.186106;
1.095829;450.186106;
1.097059;450.186106;
1.104177;450.186106;
1.103857;450.186106;
1.103643;450.186106;
1.117584;450.186106;
1.104345;450.186106;
1.103410;450.186106;
1.102136;450.186106;
1.102260;450.186106;
1.101594;450.186106;
1.101359;450.186106;
1.101921;450.186106;
1.101008;450.186106;
1.098249;450.186106;
1.098220;450.186106;
1.098005;450.186106;
1.098396;450.186106;
1.099154;450.186106;
1.101263;450.186106;
1.099621;450.186106;
1.100384;450.186106;
1.100277;450.186106;
1.100040;450.186106;
1.099392;450.186106;
1.099872;450.186106;
1.098682;450.186106;
1.098578;450.186106;
1.099147;450.186106;
1.098851;450.186106;
1.099075;450.186106;
1.097875;450.186106;
1.102007;450.186106;
1.101580;450.186106;
1.102499;450.186106;
1.102642;450.186106;
1.102771;450.186106;
1.102558;450.186106;
1.103815;450.186106;
1.103363;450.186106;
1.103220;450.186106;
1.102319;450.186106;
1.103178;450.186106;
1.102830;450.186106;
1.105708;450.186106;
1.106765;450.186106;
1.107191;450.186106;
1.105064;450.186106;
1.106735;450.186106;
1.106712;450.186106;
1.099531;450.186106;
1.099393;450.186106;
1.097825;450.186106;
1.098648;450.186106;
1.100386;450.186106;
1.098836;450.186106;
1.102683;450.186106;
1.101090;450.186106;
1.102727;450.186106;
1.101980;450.186106;
1.102646;450.186106;
1.102324;450.186106;
1.101134;450.186106;
1.099226;450.186106;
1.100834;450.186106;
1.100574;450.186106;
1.100016;450.186106;
1.099757;450.186106;
1.099156;450.186106;
1.100255;450.186106;
1.112744;450.186106;
1.098978;450.186106;
1.099132;450.186106;
1.099071;450.186106;
1.095061;450.186106;
1.095961;450.186106;
1.096666;450.186106;
1.094631;450.186106;
1.095541;450.186106;
1.094716;450.186106;
1.096213;450.186106;
1.095110;450.186106;
1.095528;450.186106;
1.094916;450.186106;
1.095679;450.186106;
1.096740;450.186106;
1.101841;450.186106;
1.102266;450.186106;
1.101660;450.186106;
1.102837;450.186106;
1.102832;450.186106;
1.103122;450.186106;
1.101773;450.186106;
1.100560;450.186106;
1.102920;450.186106;
1.101657;450.186106;
1.101733;450.186106;
1.100708;450.186106;
1.096447;450.186106;
1.096385;450.186106;
1.098829;450.186106;
1.098067;450.186106;
1.096880;450.186106;
1.097213;450.186106;
1.096617;450.186106;
1.095008;450.186106;
1.096626;450.186106;
1.095695;450.186106;
1.095703;450.186106;
1.096278;450.186106;
1.097438;450.186106;
1.098124;450.186106;
1.096128;450.186106;
1.097629;450.186106;
1.096626;450.186106;
1.097497;450.186106;
1.101031;450.186106;
1.100101;450.186106;
1.100100;450.186106;
1.100776;450.186106;
1.100715;450.186106;
1.102317;450.186106;
1.101922;450.186106;
1.101984;450.186106;
1.101606;450.186106;
1.102006;450.186106;
1.101812;450.186106;
1.103211;450.186106;
1.102188;450.186106;
1.103022;450.186106;
1.101319;450.186106;
1.102539;450.186106;
1.101568;450.186106;
1.101801;450.186106;
1.101620;450.186106;
1.101805;450.186106;
1.101789;450.186106;
1.101663;450.186106;
1.101901;450.186106;
1.100237;450.186106;
1.099115;450.186106;
1.100000;450.186106;
1.098968;450.186106;
1.099148;450.186106;
1.099541;450.186106;
1.100256;450.186106;
1.097804;450.186106;
1.098800;450.186106;
1.097691;450.186106;
1.099147;450.186106;
1.099280;450.186106;
1.099280;450.186106;
1.096332;450.186106;
1.097854;450.186106;
1.096181;450.186106;
1.096907;450.186106;
1.096096;450.186106;
1.097083;450.186106;
1.097960;450.186106;
1.097258;450.186106;
1.096784;450.186106;
1.096109;450.186106;
1.095895;450.186106;
1.096835;450.186106;
1.098485;450.186106;
1.097978;450.186106;
1.099343;450.186106;
1.098943;450.186106;
1.098518;450.186106;
1.098822;450.186106;
1.097389;450.186106;
1.098885;450.186106;
1.097426;450.186106;
1.097798;450.186106;
1.097189;450.186106;
1.098115;450.186106;
1.102531;450.186106;
1.101990;450.186106;
1.103211;450.186106;
1.101869;450.186106;
1.101988;450.186106;
1.102577;450.186106;
1.110369;450.186106;
1.108963;450.186106;
1.110176;450.186106;
1.108759;450.186106;
1.108631;450.186106;
1.109216;450.186106;
1.099557;450.186106;
1.099465;450.186106;
1.099366;450.186106;
1.099705;450.186106;
1.099177;450.186106;
1.099047;450.186106;
1.098961;450.186106;
1.098702;450.186106;
1.099879;450.186106;
1.098968;450.186106;
1.098606;450.186106;
1.097921;450.186106;
1.099080;450.186106;
1.098827;450.186106;
1.098952;450.186106;
1.111765;450.186106;
1.099790;450.186106;
1.097143;450.186106;
1.096467;450.186106;
1.097711;450.186106;
1.097841;450.186106;
1.098797;450.186106;
1.098056;450.186106;
1.097652;450.186106;
1.104943;450.186106;
1.104790;450.186106;
1.103792;450.186106;
1.104191;450.186106;
1.104093;450.186106;
1.104983;450.186106;
1.105743;450.186106;
1.106850;450.186106;
1.105800;450.186106;
1.106127;450.186106;
1.106113;450.186106;
1.105125;450.186106;
1.101938;450.186106;
1.101003;450.186106;
1.100918;450.186106;
1.100874;450.186106;
1.100778;450.186106;
1.100617;450.186106;
1.096079;450.186106;
1.095530;450.186106;
1.094394;450.186106;
1.096860;450.186106;
1.107662;450.186106;
1.095865;450.186106;
1.100539;450.186106;
1.100415;450.186106;
1.099952;450.186106;
1.100438;450.186106;
1.100722;450.186106;
1.100885;450.186106;
1.099120;450.186106;
1.100489;450.186106;
1.100797;450.186106;
1.101400;450.186106;
1.101387;450.186106;
1.101070;450.186106;
1.098963;450.186106;
1.099824;450.186106;
1.098203;450.186106;
1.099978;450.186106;
1.099192;450.186106;
1.100057;450.186106;
1.098000;450.186106;
1.097448;450.186106;
1.098398;450.186106;
1.097788;450.186106;
1.097983;450.186106;
1.097999;450.186106;
1.100274;450.186106;
1.099130;450.186106;
1.098991;450.186106;
1.100131;450.186106;
1.100488;450.186106;
1.099048;450.186106;
1.098506;450.186106;
1.098268;450.186106;
1.096990;450.186106;
1.098807;450.186106;
1.099039;450.186106;
1.099472;450.186106;
1.097927;450.186106;
1.099303;450.186106;
1.099347;450.186106;
1.097714;450.186106;
1.098533;450.186106;
1.098412;450.186106;
1.105912;450.186106;
1.104665;450.186106;
1.104950;450.186106;
1.103991;450.186106;
1.105836;450.186106;
1.105458;450.186106;
1.102660;450.186106;
1.101992;450.186106;
1.103334;450.186106;
1.102436;450.186106;
1.103215;450.186106;
1.103245;450.186106;
1.096872;450.186106;
1.097031;450.186106;
1.096346;450.186106;
1.095860;450.186106;
1.095984;450.186106;
1.096316;450.186106;
1.101258;450.186106;
1.102552;450.186106;
1.101536;450.186106;
1.100032;450.186106;
1.100741;450.186106;
1.099897;450.186106;
1.100063;450.186106;
1.099782;450.186106;
1.099947;450.186106;
1.101739;450.186106;
1.101891;450.186106;
1.102504;450.186106;
1.102935;450.186106;
1.102096;450.186106;
1.101352;450.186106;
1.104710;450.186106;
1.103149;450.186106;
1.103973;450.186106;
1.096973;450.186106;
1.097924;450.186106;
1.097467;450.186106;
1.108755;450.186106;
1.095995;450.186106;
1.097384;450.186106;
1.101229;450.186106;
1.100877;450.186106;
1.101986;450.186106;
1.102400;450.186106;
1.103450;450.186106;
1.101942;450.186106;
1.099606;450.186106;
1.100308;450.186106;
1.100439;450.186106;
1.099656;450.186106;
1.099160;450.186106;
1.098663;450.186106;
1.097038;450.186106;
1.097994;450.186106;
1.097383;450.186106;
1.099135;450.186106;
1.098983;450.186106;
1.098505;450.186106;
1.104211;450.186106;
1.104490;450.186106;
1.105152;450.186106;
1.103597;450.186106;
1.104776;450.186106;
1.105161;450.186106;
1.099364;450.186106;
1.100090;450.186106;
1.099920;450.186106;
1.099505;450.186106;
1.098669;450.186106;
1.097833;450.186106;
1.104188;450.186106;
1.103446;450.186106;
1.103049;450.186106;
1.104288;450.186106;
1.116308;450.186106;
1.103001;450.186106;
1.098739;450.186106;
1.098246;450.186106;
1.100038;450.186106;
1.099259;450.186106;
1.099746;450.186106;
1.101016;450.186106;
1.101509;450.186106;
1.100794;450.186106;
1.101008;450.186106;
1.100833;450.186106;
1.101068;450.186106;
1.101643;450.186106;
1.100010;450.186106;
1.102176;450.186106;
1.101257;450.186106;
1.101700;450.186106;
1.101326;450.186106;
1.101526;450.186106;
1.101485;450.186106;
1.101758;450.186106;
1.102450;450.186106;
1.101939;450.186106;
1.103328;450.186106;
1.101305;450.186106;
1.106371;450.186106;
1.105567;450.186106;
1.105835;450.186106;
1.106671;450.186106;
1.106016;450.186106;
1.106808;450.186106;
1.104532;450.186106;
1.102945;450.186106;
1.104436;450.186106;
1.103720;450.186106;
1.104583;450.186106;
1.103380;450.186106;
1.099005;450.186106;
1.099069;450.186106;
1.099309;450.186106;
1.098846;450.186106;
1.099688;450.186106;
1.100278;450.186106;
1.102920;450.186106;
1.102658;450.186106;
1.102130;450.186106;
1.103579;450.186106;
1.101851;450.186106;
1.103402;450.186106;
1.096509;450.186106;
1.098103;450.186106;
1.097417;450.186106;
1.098106;450.186106;
1.099743;450.186106;
1.098665;450.186106;
1.102535;450.186106;
1.104239;450.186106;
1.104353;450.186106;
1.103994;450.186106;
1.103843;450.186106;
1.103686;450.186106;
1.099137;450.186106;
1.099854;450.186106;
1.099310;450.186106;
1.098826;450.186106;
1.098755;450.186106;
1.097907;450.186106;
1.101676;450.186106;
1.102625;450.186106;
1.101896;450.186106;
1.100738;450.186106;
1.101881;450.186106;
1.100939;450.186106;
1.105999;450.186106;
1.104087;450.186106;
1.103780;450.186106;
1.103819;450.186106;
1.102863;450.186106;
1.104355;450.186106;
1.103064;450.186106;
1.102699;450.186106;
1.103356;450.186106;
1.103181;450.186106;
1.103694;450.186106;
1.102427;450.186106;
1.101384;450.186106;
1.102408;450.186106;
1.103900;450.186106;
1.101517;450.186106;
1.101549;450.186106;
1.101639;450.186106;
1.100908;450.186106;
1.102276;450.186106;
1.101189;450.186106;
1.101212;450.186106;
1.101038;450.186106;
1.100560;450.186106;
1.100194;450.186106;
1.100896;450.186106;
1.100074;450.186106;
1.099118;450.186106;
1.099527;450.186106;
1.100300;450.186106;
1.098641;450.186106;
1.097979;450.186106;
1.098842;450.186106;
1.098609;450.186106;
1.097407;450.186106;
1.099397;450.186106;
1.101365;450.186106;
1.100415;450.186106;
1.102960;450.186106;
1.101110;450.186106;
1.102159;450.186106;
1.101505;450.186106;
1.099501;450.186106;
1.099243;450.186106;
1.101357;450.186106;
1.099537;450.186106;
1.099430;450.186106;
1.100010;450.186106;
1.099478;450.186106;
1.099003;450.186106;
1.099274;450.186106;
1.099099;450.186106;
1.099098;450.186106;
1.099871;450.186106;
1.098818;450.186106;
1.097995;450.186106;
1.099248;450.186106;
1.096966;450.186106;
1.097151;450.186106;
1.096757;450.186106;
1.094794;450.186106;
1.096674;450.186106;
1.097686;450.186106;
1.097377;450.186106;
1.098106;450.186106;
1.098229;450.186106;
1.101060;450.186106;
1.100107;450.186106;
1.099891;450.186106;
1.099362;450.186106;
1.100541;450.186106;
1.100239;450.186106;
1.099544;450.186106;
1.100096;450.186106;
1.101099;450.186106;
1.099557;450.186106;
1.099741;450.186106;
1.100340;450.186106;
1.105689;450.186106;
1.107464;450.186106;
1.106794;450.186106;
1.108013;450.186106;
1.107639;450.186106;
1.106335;450.186106;
1.100510;450.186106;
1.099729;450.186106;
1.099024;450.186106;
1.098884;450.186106;
1.098691;450.186106;
1.098260;450.186106;
1.100680;450.186106;
1.100055;450.186106;
1.100672;450.186106;
1.100213;450.186106;
1.100820;450.186106;
1.100976;450.186106;
1.103436;450.186106;
1.102247;450.186106;
1.101868;450.186106;
1.102245;450.186106;
1.101206;450.186106;
1.114160;450.186106;
1.099743;450.186106;
1.098296;450.186106;
1.098812;450.186106;
1.099947;450.186106;
1.099247;450.186106;
1.100558;450.186106;
1.097384;450.186106;
1.098469;450.186106;
1.097799;450.186106;
1.098954;450.186106;
1.097488;450.186106;
1.097249;450.186106;
1.102879;450.186106;
1.101560;450.186106;
1.101731;450.186106;
1.101789;450.186106;
1.101689;450.186106;
1.102901;450.186106;
1.100466;450.186106;
1.102508;450.186106;
1.102026;450.186106;
1.101374;450.186106;
1.103218;450.186106;
1.103692;450.186106;
1.103038;450.186106;
1.101748;450.186106;
1.102485;450.186106;
1.101344;450.186106;
1.103879;450.186106;
1.102163;450.186106;
1.103815;450.186106;
1.103111;450.186106;
1.104267;450.186106;
1.103606;450.186106;
1.104141;450.186106;
1.103481;450.186106;
1.097790;450.186106;
1.098257;450.186106;
1.097795;450.186106;
1.096986;450.186106;
1.096918;450.186106;
1.096617;450.186106;
1.101947;450.186106;
1.102669;450.186106;
1.103583;450.186106;
1.101621;450.186106;
1.099859;450.186106;
1.100456;450.186106;
1.097803;450.186106;
1.098492;450.186106;
1.100434;450.186106;
1.100091;450.186106;
1.101530;450.186106;
1.113695;450.186106;
1.100259;450.186106;
1.100404;450.186106;
1.099857;450.186106;
1.100523;450.186106;
1.098986;450.186106;
1.101044;450.186106;
1.098051;450.186106;
1.099644;450.186106;
1.097829;450.186106;
1.098091;450.186106;
1.098441;450.186106;
1.099986;450.186106;
1.100039;450.186106;
1.101836;450.186106;
1.101386;450.186106;
1.099084;450.186106;
1.100218;450.186106;
1.099446;450.186106;
1.099273;450.186106;
1.099117;450.186106;
1.099852;450.186106;
1.112376;450.186106;
1.100601;450.186106;
1.100357;450.186106;
1.106932;450.186106;
1.105340;450.186106;
1.107021;450.186106;
1.105541;450.186106;
1.105717;450.186106;
1.106495;450.186106;
1.097301;450.186106;
1.095867;450.186106;
1.096136;450.186106;
1.097237;450.186106;
1.096864;450.186106;
1.097550;450.186106;
1.102364;450.186106;
1.101784;450.186106;
1.101701;450.186106;
1.103430;450.186106;
1.102476;450.186106;
1.102987;450.186106;
1.098755;450.186106;
1.098205;450.186106;
1.098237;450.186106;
1.098279;450.186106;
1.098055;450.186106;
1.098721;450.186106;
1.100619;450.186106;
1.099309;450.186106;
1.101987;450.186106;
1.099986;450.186106;
1.100984;450.186106;
1.101248;450.186106;
1.098563;450.186106;
1.101276;450.186106;
1.099822;450.186106;
1.112277;450.186106;
1.099805;450.186106;
1.101435;450.186106;
1.098388;450.186106;
1.097419;450.186106;
1.098732;450.186106;
1.097830;450.186106;
1.098564;450.186106;
1.099543;450.186106;
1.102222;450.186106;
1.100370;450.186106;
1.100059;450.186106;
1.102243;450.186106;
1.100335;450.186106;
1.100691;450.186106;
1.106173;450.186106;
1.105820;450.186106;
1.105751;450.186106;
1.104192;450.186106;
1.104706;450.186106;
1.116713;450.186106;
1.104847;450.186106;
1.103763;450.186106;
1.104989;450.186106;
1.104108;450.186106;
1.104729;450.186106;
1.104202;450.186106;
1.104022;450.186106;
1.104289;450.186106;
1.103719;450.186106;
1.103966;450.186106;
1.103189;450.186106;
1.103524;450.186106;
1.101104;450.186106;
1.100566;450.186106;
1.100544;450.186106;
1.101682;450.186106;
1.102641;450.186106;
1.101629;450.186106;
1.101401;450.186106;
1.101704;450.186106;
1.101510;450.186106;
1.102359;450.186106;
1.101663;450.186106;
1.103735;450.186106;
1.099640;450.186106;
1.099448;450.186106;
1.098814;450.186106;
1.097748;450.186106;
1.098702;450.186106;
1.097409;450.186106;
1.099157;450.186106;
1.097301;450.186106;
1.098057;450.186106;
1.098211;450.186106;
1.098342;450.186106;
1.099692;450.186106;
1.101531;450.186106;
1.100983;450.186106;
1.100037;450.186106;
1.100987;450.186106;
1.101758;450.186106;
1.101599;450.186106;
1.099011;450.186106;
1.100520;450.186106;
1.099295;450.186106;
1.098788;450.186106;
1.100091;450.186106;
1.100542;450.186106;
1.097333;450.186106;
1.096867;450.186106;
1.098366;450.186106;
1.097107;450.186106;
1.096328;450.186106;
1.096982;450.186106;
1.101427;450.186106;
1.101637;450.186106;
1.101888;450.186106;
1.101881;450.186106;
1.101978;450.186106;
1.101763;450.186106;
1.109692;450.186106;
1.110568;450.186106;
1.109227;450.186106;
1.108880;450.186106;
1.108168;450.186106;
1.109698;450.186106;
1.101634;450.186106;
1.103427;450.186106;
1.101373;450.186106;
1.100011;450.186106;
1.100480;450.186106;
1.101008;450.186106;
1.102996;450.186106;
1.103342;450.186106;
1.103095;450.186106;
1.104799;450.186106;
1.105645;450.186106;
1.107216;450.186106;
1.104676;450.186106;
1.101543;450.186106;
1.102401;450.186106;
1.102309;450.186106;
1.103525;450.186106;
1.103098;450.186106;
1.101707;450.186106;
1.100594;450.186106;
1.100280;450.186106;
1.098080;450.186106;
1.099473;450.186106;
1.099113;450.186106;
1.104585;450.186106;
1.103415;450.186106;
1.102959;450.186106;
1.102963;450.186106;
1.103422;450.186106;
1.102348;450.186106;
1.103490;450.186106;
1.102886;450.186106;
1.102788;450.186106;
1.102158;450.186106;
1.102731;450.186106;
1.103059;450.186106;
1.100369;450.186106;
1.099422;450.186106;
1.100866;450.186106;
1.100902;450.186106;
1.099413;450.186106;
1.100170;450.186106;
1.100244;450.186106;
1.100682;450.186106;
1.101472;450.186106;
1.100482;450.186106;
1.100155;450.186106;
1.099684;450.186106;
1.097297;450.186106;
1.097886;450.186106;
1.098678;450.186106;
1.099485;450.186106;
1.098834;450.186106;
1.098547;450.186106;
1.101849;450.186106;
1.102038;450.186106;
1.101312;450.186106;
1.101538;450.186106;
1.112940;450.186106;
1.100928;450.186106;
1.099154;450.186106;
1.100435;450.186106;
1.098655;450.186106;
1.100064;450.186106;
1.100379;450.186106;
1.100156;450.186106;
1.100596;450.186106;
1.100917;450.186106;
1.101397;450.186106;
1.100631;450.186106;
1.099809;450.186106;
1.100998;450.186106;
1.098798;450.186106;
1.100343;450.186106;
1.099481;450.186106;
1.100925;450.186106;
1.099991;450.186106;
1.100096;450.186106;
1.102506;450.186106;
1.103205;450.186106;
1.102916;450.186106;
1.104691;450.186106;
1.103076;450.186106;
1.102994;450.186106;
1.098790;450.186106;
1.099605;450.186106;
1.101133;450.186106;
1.098773;450.186106;
1.099546;450.186106;
1.098615;450.186106;
1.101368;450.186106;
1.100873;450.186106;
1.102180;450.186106;
1.099879;450.186106;
1.100162;450.186106;
1.100847;450.186106;
1.098949;450.186106;
1.099795;450.186106;
1.101316;450.186106;
1.100678;450.186106;
1.101816;450.186106;
1.101365;450.186106;
1.102284;450.186106;
1.101214;450.186106;
1.100749;450.186106;
1.100286;450.186106;
1.102429;450.186106;
1.114698;450.186106;
1.107507;450.186106;
1.106087;450.186106;
1.106257;450.186106;
1.106611;450.186106;
1.107655;450.186106;
1.108930;450.186106;
1.105554;450.186106;
1.106508;450.186106;
1.105986;450.186106;
1.105536;450.186106;
1.104668;450.186106;
1.104687;450.186106;
1.103733;450.186106;
1.103374;450.186106;
1.103846;450.186106;
1.103282;450.186106;
1.103273;450.186106;
1.104167;450.186106;
1.105595;450.186106;
1.105042;450.186106;
1.105481;450.186106;
1.104540;450.186106;
1.104721;450.186106;
1.104467;450.186106;
1.103241;450.186106;
1.102942;450.186106;
1.103114;450.186106;
1.104109;450.186106;
1.103639;450.186106;
1.102237;450.186106;
1.101255;450.186106;
1.102026;450.186106;
1.102864;450.186106;
1.101269;450.186106;
1.102474;450.186106;
1.101520;450.186106;
1.105406;450.186106;
1.104288;450.186106;
1.104074;450.186106;
1.103374;450.186106;
1.104272;450.186106;
1.105070;450.186106;
1.102117;450.186106;
1.103002;450.186106;
1.103265;450.186106;
1.102648;450.186106;
1.102007;450.186106;
1.115966;450.186106;
1.105432;450.186106;
1.102638;450.186106;
1.114353;450.186106;
1.102156;450.186106;
1.102466;450.186106;
1.103107;450.186106;
1.119849;450.186106;
1.108863;450.186106;
1.109489;450.186106;
1.110095;450.186106;
1.108315;450.186106;
1.108003;450.186106;
1.103511;450.186106;
1.103700;450.186106;
1.102065;450.186106;
1.101353;450.186106;
1.103288;450.186106;
1.102349;450.186106;
1.101614;450.186106;
1.101497;450.186106;
1.113958;450.186106;
1.101593;450.186106;
1.113446;450.186106;
1.100889;450.186106;
1.101886;450.186106;
1.102228;450.186106;
1.103014;450.186106;
1.101669;450.186106;
1.102351;450.186106;
1.103312;450.186106;
1.103923;450.186106;
1.104156;450.186106;
1.104362;450.186106;
1.104919;450.186106;
1.103937;450.186106;
1.103414;450.186106;
1.106090;450.186106;
1.107323;450.186106;
1.108127;450.186106;
1.108034;450.186106;
1.106272;450.186106;
1.106098;450.186106;
1.100974;450.186106;
1.100813;450.186106;
1.100507;450.186106;
1.100297;450.186106;
1.100300;450.186106;
1.100150;450.186106;
1.106987;450.186106;
1.108151;450.186106;
1.109835;450.186106;
1.107546;450.186106;
1.106440;450.186106;
1.105855;450.186106;
1.102201;450.186106;
1.102053;450.186106;
1.102344;450.186106;
1.100954;450.186106;
1.101524;450.186106;
1.102615;450.186106;
1.100723;450.186106;
1.113150;450.186106;
1.101623;450.186106;
1.102328;450.186106;
1.101043;450.186106;
1.102167;450.186106;
1.098224;450.186106;
1.097193;450.186106;
1.095787;450.186106;
1.097002;450.186106;
1.096524;450.186106;
1.095688;450.186106;
1.096831;450.186106;
1.099178;450.186106;
1.097876;450.186106;
1.097189;450.186106;
1.097068;450.186106;
1.097975;450.186106;
1.112441;450.186106;
1.101245;450.186106;
1.101579;450.186106;
1.104262;450.186106;
1.102766;450.186106;
1.101424;450.186106;
1.103474;450.186106;
1.103138;450.186106;
1.103367;450.186106;
1.113990;450.186106;
1.103371;450.186106;
1.105231;450.186106;
1.100574;450.186106;
1.100914;450.186106;
1.100477;450.186106;
1.100504;450.186106;
1.100139;450.186106;
1.099119;450.186106;
1.097434;450.186106;
1.098369;450.186106;
1.097764;450.186106;
1.097245;450.186106;
1.099396;450.186106;
1.100308;450.186106;
1.098641;450.186106;
1.098912;450.186106;
1.098333;450.186106;
1.099025;450.186106;
1.100995;450.186106;
1.099792;450.186106;
1.112920;450.186106;
1.100466;450.186106;
1.100874;450.186106;
1.100095;450.186106;
1.099846;450.186106;
1.099523;450.186106;
1.100724;450.186106;
1.100795;450.186106;
1.099950;450.186106;
1.101300;450.186106;
1.100074;450.186106;
1.100195;450.186106;
1.106444;450.186106;
1.105007;450.186106;
1.106850;450.186106;
1.107449;450.186106;
1.106803;450.186106;
1.107335;450.186106;
1.104373;450.186106;
1.105434;450.186106;
1.104567;450.186106;
1.103139;450.186106;
1.103528;450.186106;
1.101979;450.186106;
1.100966;450.186106;
1.102376;450.186106;
1.102785;450.186106;
1.101590;450.186106;
1.103622;450.186106;
1.103933;450.186106;
1.099346;450.186106;
1.100415;450.186106;
1.099166;450.186106;
1.099744;450.186106;
1.099922;450.186106;
1.100318;450.186106;
1.101903;450.186106;
1.102558;450.186106;
1.102169;450.186106;
1.101813;450.186106;
1.101919;450.186106;
1.102309;450.186106;
1.096360;450.186106;
1.097044;450.186106;
1.098170;450.186106;
1.097031;450.186106;
1.109085;450.186106;
1.097328;450.186106;
1.099142;450.186106;
1.100227;450.186106;
1.100159;450.186106;
1.099346;450.186106;
1.099397;450.186106;
1.099293;450.186106;
1.100705;450.186106;
1.100623;450.186106;
1.103214;450.186106;
1.101360;450.186106;
1.101858;450.186106;
1.100485;450.186106;
1.102754;450.186106;
1.103057;450.186106;
1.102857;450.186106;
1.103114;450.186106;
1.102660;450.186106;
1.104020;450.186106;
1.104828;450.186106;
1.106710;450.186106;
1.105215;450.186106;
1.106336;450.186106;
1.105911;450.186106;
1.104682;450.186106;
1.102135;450.186106;
1.103249;450.186106;
1.100947;450.186106;
1.102912;450.186106;
1.102124;450.186106;
1.103078;450.186106;
1.102874;450.186106;
1.101636;450.186106;
1.102920;450.186106;
1.102721;450.186106;
1.101375;450.186106;
1.101644;450.186106;
1.099235;450.186106;
1.100186;450.186106;
1.099264;450.186106;
1.098703;450.186106;
1.098831;450.186106;
1.098786;450.186106;
1.101146;450.186106;
1.100860;450.186106;
1.099477;450.186106;
1.101025;450.186106;
1.099880;450.186106;
1.100774;450.186106;
1.102941;450.186106;
1.101430;450.186106;
1.102880;450.186106;
1.102863;450.186106;
1.103886;450.186106;
1.103767;450.186106;
1.105771;450.186106;
1.105557;450.186106;
1.104876;450.186106;
1.117670;450.186106;
1.105882;450.186106;
1.106149;450.186106;
1.103579;450.186106;
1.103441;450.186106;
1.102670;450.186106;
1.103340;450.186106;
1.103746;450.186106;
1.105051;450.186106;
1.097481;450.186106;
1.098057;450.186106;
1.097582;450.186106;
1.097581;450.186106;
1.098288;450.186106;
1.098382;450.186106;
1.102249;450.186106;
1.101004;450.186106;
1.101971;450.186106;
1.101611;450.186106;
1.102252;450.186106;
1.102367;450.186106;
1.104180;450.186106;
1.104367;450.186106;
1.103705;450.186106;
1.105627;450.186106;
1.105351;450.186106;
1.106443;450.186106;
1.109056;450.186106;
1.107381;450.186106;
1.107959;450.186106;
1.107238;450.186106;
1.108148;450.186106;
1.106470;450.186106;
1.098162;450.186106;
1.098199;450.186106;
1.097371;450.186106;
1.097476;450.186106;
1.097566;450.186106;
1.097139;450.186106;
1.099210;450.186106;
1.097826;450.186106;
1.099063;450.186106;
1.099561;450.186106;
1.102016;450.186106;
1.100208;450.186106;
1.104240;450.186106;
1.117403;450.186106;
1.104982;450.186106;
1.103070;450.186106;
1.103752;450.186106;
1.104111;450.186106;
1.099808;450.186106;
1.098712;450.186106;
1.101339;450.186106;
1.100644;450.186106;
1.100960;450.186106;
1.100036;450.186106;
1.100728;450.186106;
1.099854;450.186106;
1.098046;450.186106;
1.099246;450.186106;
1.099462;450.186106;
1.099378;450.186106;
1.103965;450.186106;
1.103429;450.186106;
1.103994;450.186106;
1.103577;450.186106;
1.102041;450.186106;
1.101346;450.186106;
1.100697;450.186106;
1.101126;450.186106;
1.101963;450.186106;
1.101531;450.186106;
1.101753;450.186106;
1.101263;450.186106;
1.100196;450.186106;
1.100532;450.186106;
1.100184;450.186106;
1.100174;450.186106;
1.100020;450.186106;
1.101312;450.186106;
1.102086;450.186106;
1.103315;450.186106;
1.102527;450.186106;
1.103066;450.186106;
1.103271;450.186106;
1.102825;450.186106;
1.099979;450.186106;
1.100409;450.186106;
1.098867;450.186106;
1.099101;450.186106;
1.098901;450.186106;
1.100317;450.186106;
1.101556;450.186106;
1.101990;450.186106;
1.101809;450.186106;
1.102853;450.186106;
1.101438;450.186106;
1.101826;450.186106;
1.102993;450.186106;
1.101720;450.186106;
1.102666;450.186106;
1.102474;450.186106;
1.103022;450.186106;
1.102406;450.186106;
1.102721;450.186106;
1.103504;450.186106;
1.103084;450.186106;
1.101643;450.186106;
1.102658;450.186106;
1.114406;450.186106;
1.105777;450.186106;
1.105367;450.186106;
1.105778;450.186106;
1.104841;450.186106;
1.106057;450.186106;
1.103628;450.186106;
1.100391;450.186106;
1.098399;450.186106;
1.100049;450.186106;
1.112124;450.186106;
1.099835;450.186106;
1.100167;450.186106;
1.106068;450.186106;
1.105976;450.186106;
1.106384;450.186106;
1.106050;450.186106;
1.106381;450.186106;
1.106233;450.186106;
1.103165;450.186106;
1.104397;450.186106;
1.102975;450.186106;
1.103627;450.186106;
1.104607;450.186106;
1.102722;450.186106;
1.098904;450.186106;
1.098625;450.186106;
1.101164;450.186106;
1.100177;450.186106;
1.099260;450.186106;
1.098829;450.186106;
1.105565;450.186106;
1.103967;450.186106;
1.104033;450.186106;
1.104024;450.186106;
1.104750;450.186106;
1.105243;450.186106;
1.100337;450.186106;
1.101240;450.186106;
1.099358;450.186106;
1.099240;450.186106;
1.100563;450.186106;
1.099735;450.186106;
1.107884;450.186106;
1.106501;450.186106;
1.106284;450.186106;
1.107512;450.186106;
1.106110;450.186106;
1.106690;450.186106;
1.099639;450.186106;
1.101892;450.186106;
1.099835;450.186106;
1.100969;450.186106;
1.099856;450.186106;
1.101391;450.186106;
1.105643;450.186106;
1.106396;450.186106;
1.106734;450.186106;
1.105048;450.186106;
1.106069;450.186106;
1.104535;450.186106;
1.105163;450.186106;
1.104846;450.186106;
1.104824;450.186106;
1.106567;450.186106;
1.104912;450.186106;
1.104899;450.186106;
1.098955;450.186106;
1.099107;450.186106;
1.100740;450.186106;
1.099818;450.186106;
1.100445;450.186106;
1.098715;450.186106;
1.103913;450.186106;
1.103696;450.186106;
1.103438;450.186106;
1.103484;450.186106;
1.102584;450.186106;
1.103816;450.186106;
1.103012;450.186106;
1.102471;450.186106;
1.101978;450.186106;
1.103035;450.186106;
1.102547;450.186106;
1.103063;450.186106;
1.103991;450.186106;
1.102166;450.186106;
1.102350;450.186106;
1.102820;450.186106;
1.102281;450.186106;
1.103254;450.186106;
1.100771;450.186106;
1.100711;450.186106;
1.101042;450.186106;
1.102493;450.186106;
1.100275;450.186106;
1.100944;450.186106;
1.104230;450.186106;
1.105154;450.186106;
1.103849;450.186106;
1.104076;450.186106;
1.105897;450.186106;
1.102474;450.186106;
1.133646;450.186106;
1.134375;450.186106;
1.139335;450.186106;
1.140021;450.186106;
1.133391;450.186106;
1.139025;450.186106;
1.157648;450.186106;
1.160064;450.186106;
1.159626;450.186106;
1.158120;450.186106;
1.161237;450.186106;
1.158361;450.186106;
1.109577;450.186106;
1.110710;450.186106;
1.109234;450.186106;
1.123953;450.186106;
1.109223;450.186106;
1.109276;450.186106;
1.106765;450.186106;
1.106102;450.186106;
1.107045;450.186106;
1.105630;450.186106;
1.106756;450.186106;
1.105541;450.186106;
1.099185;450.186106;
1.098826;450.186106;
1.097831;450.186106;
1.098088;450.186106;
1.098333;450.186106;
1.098998;450.186106;
1.099900;450.186106;
1.099170;450.186106;
1.100083;450.186106;
1.101547;450.186106;
1.100700;450.186106;
1.099884;450.186106;
1.102401;450.186106;
1.101808;450.186106;
1.101795;450.186106;
1.101668;450.186106;
1.101820;450.186106;
1.102960;450.186106;
1.108602;450.186106;
1.107901;450.186106;
1.106614;450.186106;
1.106579;450.186106;
1.106774;450.186106;
1.107490;450.186106;
1.103447;450.186106;
1.103029;450.186106;
1.103107;450.186106;
1.103687;450.186106;
1.102935;450.186106;
1.103936;450.186106;
1.105849;450.186106;
1.108231;450.186106;
1.107653;450.186106;
1.106854;450.186106;
1.106431;450.186106;
1.119598;450.186106;
1.104212;450.186106;
1.104860;450.186106;
1.103991;450.186106;
1.104257;450.186106;
1.103865;450.186106;
1.102249;450.186106;
1.098477;450.186106;
1.099189;450.186106;
1.099690;450.186106;
1.099878;450.186106;
1.098969;450.186106;
1.099355;450.186106;
1.103158;450.186106;
1.103604;450.186106;
1.102957;450.186106;
1.103776;450.186106;
1.102709;450.186106;
1.104470;450.186106;
1.097942;450.186106;
1.098976;450.186106;
1.098912;450.186106;
1.099585;450.186106;
1.098031;450.186106;
1.098529;450.186106;
1.110152;450.186106;
1.110346;450.186106;
1.110326;450.186106;
1.109413;450.186106;
1.110265;450.186106;
1.110492;450.186106;
1.104844;450.186106;
1.105316;450.186106;
1.104855;450.186106;
1.104044;450.186106;
1.104352;450.186106;
1.105202;450.186106;
1.107352;450.186106;
1.107139;450.186106;
1.106919;450.186106;
1.108037;450.186106;
1.106907;450.186106;
1.108518;450.186106;
1.101913;450.186106;
1.101360;450.186106;
1.101314;450.186106;
1.100580;450.186106;
1.100958;450.186106;
1.100222;450.186106;
1.102267;450.186106;
1.102655;450.186106;
1.102739;450.186106;
1.103116;450.186106;
1.102935;450.186106;
1.102555;450.186106;
1.134643;450.186106;
1.135818;450.186106;
1.133006;450.186106;
1.133096;450.186106;
1.136104;450.186106;
1.133590;450.186106;
1.102795;450.186106;
1.102161;450.186106;
1.098588;450.186106;
1.099093;450.186106;
1.099639;450.186106;
1.096896;450.186106;
1.099457;450.186106;
1.098386;450.186106;
1.098439;450.186106;
1.097844;450.186106;
1.097232;450.186106;
1.099260;450.186106;
1.095352;450.186106;
1.095506;450.186106;
1.097004;450.186106;
1.097112;450.186106;
1.096314;450.186106;
1.096662;450.186106;
1.100361;450.186106;
1.100462;450.186106;
1.100212;450.186106;
1.100649;450.186106;
1.101185;450.186106;
1.100920;450.186106;
1.102859;450.186106;
1.103665;450.186106;
1.104285;450.186106;
1.105417;450.186106;
1.105084;450.186106;
1.103892;450.186106;
1.100303;450.186106;
1.101269;450.186106;
1.101654;450.186106;
1.101933;450.186106;
1.102261;450.186106;
1.100008;450.186106;
1.102919;450.186106;
1.103153;450.186106;
1.103266;450.186106;
1.103969;450.186106;
1.104895;450.186106;
1.103063;450.186106;
1.099093;450.186106;
1.099698;450.186106;
1.100272;450.186106;
1.099715;450.186106;
1.099880;450.186106;
1.101044;450.186106;
1.102236;450.186106;
1.102586;450.186106;
1.102923;450.186106;
1.100611;450.186106;
1.103928;450.186106;
1.101500;450.186106;
1.102224;450.186106;
1.102678;450.186106;
1.103284;450.186106;
1.102412;450.186106;
1.102029;450.186106;
1.100948;450.186106;
1.100596;450.186106;
1.101238;450.186106;
1.103300;450.186106;
1.101580;450.186106;
1.101450;450.186106;
1.101099;450.186106;
1.106454;450.186106;
1.105495;450.186106;
1.103700;450.186106;
1.104324;450.186106;
1.107187;450.186106;
1.107970;450.186106;
1.101755;450.186106;
1.113971;450.186106;
1.100578;450.186106;
1.100519;450.186106;
1.102725;450.186106;
1.100504;450.186106;
1.097558;450.186106;
1.098379;450.186106;
1.098135;450.186106;
1.098242;450.186106;
1.098021;450.186106;
1.098232;450.186106;
1.101788;450.186106;
1.102356;450.186106;
1.100928;450.186106;
1.100555;450.186106;
1.100006;450.186106;
1.100672;450.186106;
1.104496;450.186106;
1.105035;450.186106;
1.105957;450.186106;
1.104658;450.186106;
1.105869;450.186106;
1.106342;450.186106;
1.099415;450.186106;
1.098999;450.186106;
1.100119;450.186106;
1.100345;450.186106;
1.099387;450.186106;
1.098449;450.186106;
1.101793;450.186106;
1.103696;450.186106;
1.102861;450.186106;
1.103454;450.186106;
1.106514;450.186106;
1.104194;450.186106;
1.119103;450.186106;
1.107594;450.186106;
1.106228;450.186106;
1.107500;450.186106;
1.107152;450.186106;
1.107102;450.186106;
1.103468;450.186106;
1.103336;450.186106;
1.103109;450.186106;
1.103738;450.186106;
1.103396;450.186106;
1.102882;450.186106;
1.103363;450.186106;
1.103924;450.186106;
1.101487;450.186106;
1.102526;450.186106;
1.101892;450.186106;
1.102547;450.186106;
1.104675;450.186106;
1.104436;450.186106;
1.104665;450.186106;
1.104627;450.186106;
1.105009;450.186106;
1.107188;450.186106;
1.107731;450.186106;
1.107392;450.186106;
1.107894;450.186106;
1.108738;450.186106;
1.106766;450.186106;
1.106548;450.186106;
1.102119;450.186106;
1.102614;450.186106;
1.102289;450.186106;
1.102548;450.186106;
1.102297;450.186106;
1.102395;450.186106;
1.104353;450.186106;
1.104664;450.186106;
1.106181;450.186106;
1.118103;450.186106;
1.105167;450.186106;
1.105060;450.186106;
1.099763;450.186106;
1.100490;450.186106;
1.100273;450.186106;
1.102049;450.186106;
1.100361;450.186106;
1.101336;450.186106;
1.105000;450.186106;
1.103368;450.186106;
1.103737;450.186106;
1.103243;450.186106;
1.104479;450.186106;
1.104711;450.186106;
1.106800;450.186106;
1.105658;450.186106;
1.104205;450.186106;
1.105683;450.186106;
1.106316;450.186106;
1.102637;450.186106;
1.103129;450.186106;
1.104914;450.186106;
1.104750;450.186106;
1.104813;450.186106;
1.104925;450.186106;
1.103896;450.186106;
1.102863;450.186106;
1.103273;450.186106;
1.103892;450.186106;
1.103962;450.186106;
1.104696;450.186106;
1.103782;450.186106;
1.102493;450.186106;
1.102691;450.186106;
1.101490;450.186106;
1.102266;450.186106;
1.103422;450.186106;
1.103253;450.186106;
1.099372;450.186106;
1.099640;450.186106;
1.098957;450.186106;
1.099575;450.186106;
1.100406;450.186106;
1.099194;450.186106;
1.101920;450.186106;
1.101162;450.186106;
1.100986;450.186106;
1.103060;450.186106;
1.101483;450.186106;
1.101277;450.186106;
1.109685;450.186106;
1.109660;450.186106;
1.108829;450.186106;
1.107979;450.186106;
1.108406;450.186106;
1.108860;450.186106;
1.101781;450.186106;
1.102810;450.186106;
1.102387;450.186106;
1.103930;450.186106;
1.103469;450.186106;
1.103610;450.186106;
1.100397;450.186106;
1.101933;450.186106;
1.100437;450.186106;
1.101183;450.186106;
1.099463;450.186106;
1.102594;450.186106;
1.115962;450.186106;
1.104192;450.186106;
1.104813;450.186106;
1.104710;450.186106;
1.104155;450.186106;
1.104875;450.186106;
1.104215;450.186106;
1.104004;450.186106;
1.104477;450.186106;
1.104429;450.186106;
1.105698;450.186106;
1.105335;450.186106;
1.103500;450.186106;
1.104759;450.186106;
1.117597;450.186106;
1.104995;450.186106;
1.104961;450.186106;
1.104077;450.186106;
1.101104;450.186106;
1.100632;450.186106;
1.100612;450.186106;
1.099724;450.186106;
1.101409;450.186106;
1.100522;450.186106;
1.102606;450.186106;
1.101008;450.186106;
1.100912;450.186106;
1.101459;450.186106;
1.101912;450.186106;
1.101972;450.186106;
1.101933;450.186106;
1.101282;450.186106;
1.099970;450.186106;
1.101414;450.186106;
1.101139;450.186106;
1.101170;450.186106;
1.097316;450.186106;
1.098817;450.186106;
1.097840;450.186106;
1.097937;450.186106;
1.100932;450.186106;
1.099006;450.186106;
1.102575;450.186106;
1.102649;450.186106;
1.101789;450.186106;
1.102466;450.186106;
1.101478;450.186106;
1.101457;450.186106;
1.099847;450.186106;
1.100511;450.186106;
1.099413;450.186106;
1.099139;450.186106;
1.099809;450.186106;
1.099501;450.186106;
1.101702;450.186106;
1.101844;450.186106;
1.101399;450.186106;
1.101992;450.186106;
1.102091;450.186106;
1.100329;450.186106;
1.098230;450.186106;
1.098899;450.186106;
1.099736;450.186106;
1.097904;450.186106;
1.097834;450.186106;
1.099143;450.186106;
1.099882;450.186106;
1.100856;450.186106;
1.101836;450.186106;
1.101088;450.186106;
1.101080;450.186106;
1.104192;450.186106;
1.104039;450.186106;
1.104095;450.186106;
1.103853;450.186106;
1.105582;450.186106;
1.104017;450.186106;
1.105746;450.186106;
1.103340;450.186106;
1.103684;450.186106;
1.103145;450.186106;
1.103015;450.186106;
1.103244;450.186106;
1.103630;450.186106;
1.106744;450.186106;
1.108851;450.186106;
1.106986;450.186106;
1.108348;450.186106;
1.107113;450.186106;
1.107068;450.186106;
1.105578;450.186106;
1.107946;450.186106;
1.107319;450.186106;
1.105220;450.186106;
1.106752;450.186106;
1.106688;450.186106;
1.102641;450.186106;
1.101558;450.186106;
1.104534;450.186106;
1.101322;450.186106;
1.102064;450.186106;
1.101495;450.186106;
1.100282;450.186106;
1.099558;450.186106;
1.098793;450.186106;
1.101311;450.186106;
1.111503;450.186106;
1.099114;450.186106;
1.102335;450.186106;
1.103279;450.186106;
1.103455;450.186106;
1.103774;450.186106;
1.103743;450.186106;
1.102947;450.186106;
1.097172;450.186106;
1.097321;450.186106;
1.098537;450.186106;
1.097715;450.186106;
1.097827;450.186106;
1.097728;450.186106;
1.104837;450.186106;
1.103794;450.186106;
1.103553;450.186106;
1.102001;450.186106;
1.103226;450.186106;
1.103798;450.186106;
1.099853;450.186106;
1.100524;450.186106;
1.101333;450.186106;
1.100793;450.186106;
1.101718;450.186106;
1.101561;450.186106;
1.102121;450.186106;
1.100824;450.186106;
1.101381;450.186106;
1.102423;450.186106;
1.100707;450.186106;
1.100177;450.186106;
1.102607;450.186106;
1.102678;450.186106;
1.103236;450.186106;
1.103050;450.186106;
1.102871;450.186106;
1.103238;450.186106;
M0:0.011499
W0;O:0.000809;R:384.057431
1.102629;450.186106;
1.102632;450.186106;
1.102104;450.186106;
1.103360;450.186106;
1.103169;450.186106;
1.102108;450.186106;
1.104861;450.186106;
1.103630;450.186106;
1.106157;450.186106;
1.103340;450.186106;
1.103117;450.186106;
1.103664;450.186106;
1.101291;450.186106;
1.101073;450.186106;
1.102758;450.186106;
1.101994;450.186106;
1.100367;450.186106;
1.100745;450.186106;
1.110925;450.186106;
1.109929;450.186106;
1.110270;450.186106;
1.112823;450.186106;
1.109927;450.186106;
1.110430;450.186106;
1.103204;450.186106;
1.104410;450.186106;
1.103622;450.186106;
1.103511;450.186106;
1.102625;450.186106;
1.102489;450.186106;
1.104981;450.186106;
1.117289;450.186106;
1.104583;450.186106;
1.104408;450.186106;
1.104160;450.186106;
1.104946;450.186106;
1.098478;450.186106;
1.100611;450.186106;
1.100300;450.186106;
1.101058;450.186106;
1.100030;450.186106;
1.100652;450.186106;
1.104410;450.186106;
1.105254;450.186106;
1.105570;450.186106;
1.106203;450.186106;
1.106430;450.186106;
1.106014;450.186106;
1.103702;450.186106;
1.103878;450.186106;
1.103144;450.186106;
1.102213;450.186106;
1.103115;450.186106;
1.102517;450.186106;
1.105336;450.186106;
1.104503;450.186106;
1.104183;450.186106;
1.103064;450.186106;
1.104197;450.186106;
1.104004;450.186106;
1.105378;450.186106;
1.105905;450.186106;
1.107743;450.186106;
1.107222;450.186106;
1.106654;450.186106;
1.106442;450.186106;
1.106399;450.186106;
1.107130;450.186106;
1.106739;450.186106;
1.106115;450.186106;
1.106628;450.186106;
1.107000;450.186106;
1.104887;450.186106;
1.104587;450.186106;
1.103536;450.186106;
1.104447;450.186106;
1.103748;450.186106;
1.103601;450.186106;
1.102773;450.186106;
1.103049;450.186106;
1.103464;450.186106;
1.102002;450.186106;
1.103004;450.186106;
1.104128;450.186106;
1.143162;450.186106;
1.140814;450.186106;
1.142873;450.186106;
1.142643;450.186106;
1.142075;450.186106;
1.142211;450.186106;
1.108632;450.186106;
1.109816;450.186106;
1.111340;450.186106;
1.109689;450.186106;
1.110681;450.186106;
1.109284;450.186106;
1.112815;450.186106;
1.112826;450.186106;
1.112625;450.186106;
1.111568;450.186106;
1.113220;450.186106;
1.112638;450.186106;
1.112704;450.186106;
1.111489;450.186106;
1.111293;450.186106;
1.111798;450.186106;
1.110472;450.186106;
1.111350;450.186106;
1.115978;450.186106;
1.115287;450.186106;
1.114463;450.186106;
1.114021;450.186106;
1.117030;450.186106;
1.115975;450.186106;
1.111261;450.186106;
1.110871;450.186106;
1.110119;450.186106;
1.110073;450.186106;
1.111164;450.186106;
1.110067;450.186106;
1.110039;450.186106;
1.110177;450.186106;
1.109735;450.186106;
1.112877;450.186106;
1.111958;450.186106;
1.111129;450.186106;
1.107311;450.186106;
1.109924;450.186106;
1.110245;450.186106;
1.111052;450.186106;
1.109329;450.186106;
1.111591;450.186106;
1.131701;450.186106;
1.130736;450.186106;
1.130730;450.186106;
1.131225;450.186106;
1.131271;450.186106;
1.132723;450.186106;
1.159154;450.186106;
1.158347;450.186106;
1.157212;450.186106;
1.156105;450.186106;
1.157088;450.186106;
1.157392;450.186106;
1.121598;450.186106;
1.124643;450.186106;
1.121369;450.186106;
1.121446;450.186106;
1.123651;450.186106;
1.119553;450.186106;
1.117433;450.186106;
1.118464;450.186106;
1.118554;450.186106;
1.119660;450.186106;
1.119728;450.186106;
1.122818;450.186106;
1.148198;450.186106;
1.149678;450.186106;
1.149779;450.186106;
1.149754;450.186106;
1.148926;450.186106;
1.146386;450.186106;
1.146705;450.186106;
1.149146;450.186106;
1.149090;450.186106;
1.149822;450.186106;
1.150293;450.186106;
1.147638;450.186106;
1.159846;450.186106;
1.171949;450.186106;
1.159477;450.186106;
1.159737;450.186106;
1.159098;450.186106;
1.167955;450.186106;
1.127439;450.186106;
1.135999;450.186106;
1.126030;450.186106;
1.124800;450.186106;
1.123413;450.186106;
1.125992;450.186106;
1.112702;450.186106;
1.111868;450.186106;
1.110716;450.186106;
1.110874;450.186106;
1.111170;450.186106;
1.109729;450.186106;
1.107868;450.186106;
1.107368;450.186106;
1.108791;450.186106;
1.108056;450.186106;
1.108008;450.186106;
1.108618;450.186106;
1.107788;450.186106;
1.106535;450.186106;
1.106071;450.186106;
1.105652;450.186106;
1.105289;450.186106;
1.105683;450.186106;
1.105389;450.186106;
1.105819;450.186106;
1.105607;450.186106;
1.107276;450.186106;
1.106547;450.186106;
1.105670;450.186106;
1.107968;450.186106;
1.106356;450.186106;
1.107770;450.186106;
1.109287;450.186106;
1.108078;450.186106;
1.107103;450.186106;
1.108498;450.186106;
1.107222;450.186106;
1.105976;450.186106;
1.106315;450.186106;
1.107180;450.186106;
1.106591;450.186106;
1.106395;450.186106;
1.106957;450.186106;
1.105444;450.186106;
1.104220;450.186106;
1.106020;450.186106;
1.104718;450.186106;
1.107368;450.186106;
1.110233;450.186106;
1.107689;450.186106;
1.108976;450.186106;
1.108653;450.186106;
1.107090;450.186106;
1.108071;450.186106;
1.107680;450.186106;
1.107823;450.186106;
1.107816;450.186106;
1.107290;450.186106;
1.109055;450.186106;
1.108254;450.186106;
1.108316;450.186106;
1.107700;450.186106;
1.108483;450.186106;
1.108852;450.186106;
1.108430;450.186106;
1.103205;450.186106;
1.103143;450.186106;
1.102920;450.186106;
1.104488;450.186106;
1.103919;450.186106;
1.103715;450.186106;
1.105763;450.186106;
1.107704;450.186106;
1.106276;450.186106;
1.105056;450.186106;
1.107027;450.186106;
1.106931;450.186106;
1.108313;450.186106;
1.108116;450.186106;
1.108801;450.186106;
1.108526;450.186106;
1.108268;450.186106;
1.108713;450.186106;
1.107001;450.186106;
1.107090;450.186106;
1.106982;450.186106;
1.106401;450.186106;
1.107118;450.186106;
1.107011;450.186106;
1.109231;450.186106;
1.106364;450.186106;
1.108555;450.186106;
1.107022;450.186106;
1.107728;450.186106;
1.106840;450.186106;
1.104421;450.186106;
1.104957;450.186106;
1.104373;450.186106;
1.104832;450.186106;
1.107307;450.186106;
1.104137;450.186106;
1.113829;450.186106;
1.114721;450.186106;
1.114509;450.186106;
1.115889;450.186106;
1.114347;450.186106;
1.125837;450.186106;
1.107619;450.186106;
1.108407;450.186106;
1.108769;450.186106;
1.109838;450.186106;
1.121379;450.186106;
1.109316;450.186106;
1.109748;450.186106;
1.107978;450.186106;
1.108535;450.186106;
1.110556;450.186106;
1.108671;450.186106;
1.108568;450.186106;
1.102796;450.186106;
1.104039;450.186106;
1.103350;450.186106;
1.102621;450.186106;
1.103618;450.186106;
1.103152;450.186106;
1.103835;450.186106;
1.103118;450.186106;
1.105137;450.186106;
1.103254;450.186106;
1.104456;450.186106;
1.104681;450.186106;
1.106597;450.186106;
1.105566;450.186106;
1.107779;450.186106;
1.107364;450.186106;
1.107136;450.186106;
1.106311;450.186106;
1.112115;450.186106;
1.112216;450.186106;
1.112017;450.186106;
1.110452;450.186106;
1.110888;450.186106;
1.111844;450.186106;
1.110356;450.186106;
1.111514;450.186106;
1.109459;450.186106;
1.109781;450.186106;
1.109473;450.186106;
1.109978;450.186106;
1.107470;450.186106;
1.109127;450.186106;
1.106402;450.186106;
1.108011;450.186106;
1.107415;450.186106;
1.105740;450.186106;
1.106864;450.186106;
1.107105;450.186106;
1.104963;450.186106;
1.106008;450.186106;
1.105346;450.186106;
1.119120;450.186106;
1.105483;450.186106;
1.105435;450.186106;
1.104232;450.186106;
1.104473;450.186106;
1.104041;450.186106;
1.103537;450.186106;
1.102704;450.186106;
1.102705;450.186106;
1.103314;450.186106;
1.103045;450.186106;
1.104216;450.186106;
1.101820;450.186106;
1.113517;450.186106;
1.124504;450.186106;
1.113955;450.186106;
1.113170;450.186106;
1.111973;450.186106;
1.113902;450.186106;
1.107254;450.186106;
1.107489;450.186106;
1.105502;450.186106;
1.107592;450.186106;
1.105997;450.186106;
1.105127;450.186106;
1.107759;450.186106;
1.105047;450.186106;
1.106100;450.186106;
1.105604;450.186106;
1.105674;450.186106;
1.105529;450.186106;
1.110029;450.186106;
1.109715;450.186106;
1.108657;450.186106;
1.108323;450.186106;
1.108130;450.186106;
1.108596;450.186106;
1.103030;450.186106;
1.103377;450.186106;
1.103975;450.186106;
1.102603;450.186106;
1.103447;450.186106;
1.103850;450.186106;
1.105332;450.186106;
1.107101;450.186106;
1.106695;450.186106;
1.104956;450.186106;
1.107031;450.186106;
1.105753;450.186106;
1.104920;450.186106;
1.106248;450.186106;
1.104795;450.186106;
1.106246;450.186106;
1.105441;450.186106;
1.105263;450.186106;
1.107117;450.186106;
1.107421;450.186106;
1.105883;450.186106;
1.107119;450.186106;
1.106785;450.186106;
1.104974;450.186106;
1.105518;450.186106;
1.105747;450.186106;
1.104538;450.186106;
1.105284;450.186106;
1.104352;450.186106;
1.104574;450.186106;
1.107955;450.186106;
1.106759;450.186106;
1.108061;450.186106;
1.107862;450.186106;
1.107193;450.186106;
1.119054;450.186106;
1.105575;450.186106;
1.104919;450.186106;
1.104303;450.186106;
1.105135;450.186106;
1.105891;450.186106;
1.105364;450.186106;
1.105534;450.186106;
1.105737;450.186106;
1.105849;450.186106;
1.105115;450.186106;
1.105283;450.186106;
1.105419;450.186106;
1.105685;450.186106;
1.106296;450.186106;
1.105683;450.186106;
1.108240;450.186106;
1.106495;450.186106;
1.106207;450.186106;
1.106685;450.186106;
1.106350;450.186106;
1.108752;450.186106;
1.106621;450.186106;
1.105466;450.186106;
1.106108;450.186106;
1.106647;450.186106;
1.105741;450.186106;
1.105948;450.186106;
1.106740;450.186106;
1.107057;450.186106;
1.106702;450.186106;
1.109392;450.186106;
1.109496;450.186106;
1.107918;450.186106;
1.108807;450.186106;
1.109091;450.186106;
1.110256;450.186106;
1.113563;450.186106;
1.112244;450.186106;
1.113132;450.186106;
1.112268;450.186106;
1.114269;450.186106;
1.114967;450.186106;
1.106777;450.186106;
1.108109;450.186106;
1.108032;450.186106;
1.107432;450.186106;
1.110963;450.186106;
1.108553;450.186106;
1.110597;450.186106;
1.110640;450.186106;
1.111424;450.186106;
1.110419;450.186106;
1.112852;450.186106;
1.109319;450.186106;
1.106458;450.186106;
1.107229;450.186106;
1.106073;450.186106;
1.106473;450.186106;
1.105349;450.186106;
1.106839;450.186106;
1.106121;450.186106;
1.119216;450.186106;
1.106579;450.186106;
1.107256;450.186106;
1.105954;450.186106;
1.105341;450.186106;
1.106636;450.186106;
1.106303;450.186106;
1.106499;450.186106;
1.106869;450.186106;
1.105368;450.186106;
1.105985;450.186106;
1.111027;450.186106;
1.109455;450.186106;
1.109384;450.186106;
1.109083;450.186106;
1.110709;450.186106;
1.109736;450.186106;
1.108382;450.186106;
1.110342;450.186106;
1.109044;450.186106;
1.108800;450.186106;
1.109094;450.186106;
1.109936;450.186106;
1.108298;450.186106;
1.107914;450.186106;
1.107795;450.186106;
1.108255;450.186106;
1.109962;450.186106;
1.107845;450.186106;
1.104534;450.186106;
1.107465;450.186106;
1.105077;450.186106;
1.104692;450.186106;
1.106921;450.186106;
1.105927;450.186106;
1.124488;450.186106;
1.124043;450.186106;
1.123444;450.186106;
1.125588;450.186106;
1.124372;450.186106;
1.127406;450.186106;
1.118903;450.186106;
1.117606;450.186106;
1.119488;450.186106;
1.117389;450.186106;
1.117413;450.186106;
1.113990;450.186106;
1.111364;450.186106;
1.109967;450.186106;
1.108745;450.186106;
1.108281;450.186106;
1.108550;450.186106;
1.108666;450.186106;
1.106120;450.186106;
1.104908;450.186106;
1.105144;450.186106;
1.104235;450.186106;
1.104750;450.186106;
1.105898;450.186106;
1.105705;450.186106;
1.104667;450.186106;
1.105401;450.186106;
1.104428;450.186106;
1.105545;450.186106;
1.106017;450.186106;
1.106736;450.186106;
1.106801;450.186106;
1.107334;450.186106;
1.106732;450.186106;
1.106060;450.186106;
1.107109;450.186106;
1.104914;450.186106;
1.105408;450.186106;
1.104597;450.186106;
1.105889;450.186106;
1.106128;450.186106;
1.105625;450.186106;
1.109957;450.186106;
1.108394;450.186106;
1.109309;450.186106;
1.110353;450.186106;
1.109624;450.186106;
1.110418;450.186106;
1.107051;450.186106;
1.107679;450.186106;
1.106796;450.186106;
1.108111;450.186106;
1.107228;450.186106;
1.108945;450.186106;
1.108601;450.186106;
1.108215;450.186106;
1.107853;450.186106;
1.108164;450.186106;
1.107622;450.186106;
1.107921;450.186106;
1.105500;450.186106;
1.105124;450.186106;
1.106184;450.186106;
1.106761;450.186106;
1.105053;450.186106;
1.115616;450.186106;
1.106505;450.186106;
1.106146;450.186106;
1.105181;450.186106;
1.105218;450.186106;
1.106460;450.186106;
1.104434;450.186106;
1.103898;450.186106;
1.102927;450.186106;
1.103453;450.186106;
1.104690;450.186106;
1.103435;450.186106;
1.103594;450.186106;
1.107766;450.186106;
1.107831;450.186106;
1.106545;450.186106;
1.106301;450.186106;
1.107662;450.186106;
1.107723;450.186106;
1.108567;450.186106;
1.108767;450.186106;
1.107713;450.186106;
1.110866;450.186106;
1.110299;450.186106;
1.109686;450.186106;
1.102568;450.186106;
1.101194;450.186106;
1.101033;450.186106;
1.101960;450.186106;
1.101609;450.186106;
1.103987;450.186106;
1.106418;450.186106;
1.107353;450.186106;
1.108501;450.186106;
1.107632;450.186106;
1.106443;450.186106;
1.104593;450.186106;
1.106284;450.186106;
1.107521;450.186106;
1.107971;450.186106;
1.108087;450.186106;
1.107638;450.186106;
1.107756;450.186106;
1.107850;450.186106;
1.106893;450.186106;
1.105516;450.186106;
1.106509;450.186106;
1.108519;450.186106;
1.106133;450.186106;
1.102570;450.186106;
1.103546;450.186106;
1.104163;450.186106;
1.104646;450.186106;
1.104784;450.186106;
1.105894;450.186106;
1.107737;450.186106;
1.108312;450.186106;
1.109644;450.186106;
1.108768;450.186106;
1.108813;450.186106;
1.108703;450.186106;
1.103843;450.186106;
1.105290;450.186106;
1.105050;450.186106;
1.105038;450.186106;
1.105888;450.186106;
1.103628;450.186106;
1.107641;450.186106;
1.107377;450.186106;
1.107579;450.186106;
1.107049;450.186106;
1.106579;450.186106;
1.105879;450.186106;
1.104166;450.186106;
1.105316;450.186106;
1.103971;450.186106;
1.104115;450.186106;
1.104589;450.186106;
1.103644;450.186106;
1.105609;450.186106;
1.105666;450.186106;
1.105671;450.186106;
1.105271;450.186106;
1.106429;450.186106;
1.105586;450.186106;
1.103597;450.186106;
1.103393;450.186106;
1.102577;450.186106;
1.104887;450.186106;
1.102778;450.186106;
1.105008;450.186106;
1.105843;450.186106;
1.106515;450.186106;
1.106306;450.186106;
1.108189;450.186106;
1.105533;450.186106;
1.105414;450.186106;
1.103298;450.186106;
1.105684;450.186106;
1.104600;450.186106;
1.104943;450.186106;
1.105549;450.186106;
1.106840;450.186106;
1.115276;450.186106;
1.113801;450.186106;
1.115592;450.186106;
1.113089;450.186106;
1.111204;450.186106;
1.111002;450.186106;
1.108576;450.186106;
1.108113;450.186106;
1.107639;450.186106;
1.120984;450.186106;
1.120092;450.186106;
1.108199;450.186106;
1.108161;450.186106;
1.107656;450.186106;
1.105562;450.186106;
1.106132;450.186106;
1.106635;450.186106;
1.107151;450.186106;
1.111788;450.186106;
1.111025;450.186106;
1.113136;450.186106;
1.111292;450.186106;
1.126887;450.186106;
1.112024;450.186106;
1.106487;450.186106;
1.106861;450.186106;
1.119577;450.186106;
1.106169;450.186106;
1.106315;450.186106;
1.107065;450.186106;
1.105150;450.186106;
1.104608;450.186106;
1.104809;450.186106;
1.105068;450.186106;
1.105207;450.186106;
1.105966;450.186106;
1.108012;450.186106;
1.105638;450.186106;
1.105744;450.186106;
1.105927;450.186106;
1.106132;450.186106;
1.106961;450.186106;
1.108200;450.186106;
1.107181;450.186106;
1.106174;450.186106;
1.107570;450.186106;
1.108686;450.186106;
1.108370;450.186106;
1.104376;450.186106;
1.103979;450.186106;
1.103404;450.186106;
1.104980;450.186106;
1.105313;450.186106;
1.104346;450.186106;
1.103908;450.186106;
1.103323;450.186106;
1.104226;450.186106;
1.102768;450.186106;
1.103414;450.186106;
1.104235;450.186106;
1.102582;450.186106;
1.103695;450.186106;
1.103464;450.186106;
1.103747;450.186106;
1.114907;450.186106;
1.102968;450.186106;
1.107353;450.186106;
1.107612;450.186106;
1.107329;450.186106;
1.106077;450.186106;
1.106633;450.186106;
1.108607;450.186106;
1.105973;450.186106;
1.108048;450.186106;
1.107071;450.186106;
1.121075;450.186106;
1.123139;450.186106;
1.107800;450.186106;
1.106441;450.186106;
1.107249;450.186106;
1.106838;450.186106;
1.106410;450.186106;
1.105013;450.186106;
1.103842;450.186106;
1.104782;450.186106;
1.105340;450.186106;
1.105415;450.186106;
1.105320;450.186106;
1.104618;450.186106;
1.105392;450.186106;
1.111148;450.186106;
1.110688;450.186106;
1.110722;450.186106;
1.109866;450.186106;
1.109495;450.186106;
1.109614;450.186106;
1.115553;450.186106;
1.115147;450.186106;
1.113703;450.186106;
1.116250;450.186106;
1.114194;450.186106;
1.113608;450.186106;
1.111622;450.186106;
1.111235;450.186106;
1.110335;450.186106;
1.112108;450.186106;
1.110317;450.186106;
1.113209;450.186106;
1.114528;450.186106;
1.114058;450.186106;
1.114234;450.186106;
1.114304;450.186106;
1.112432;450.186106;
1.116075;450.186106;
1.107983;450.186106;
1.107608;450.186106;
1.109414;450.186106;
1.107025;450.186106;
1.106871;450.186106;
1.105866;450.186106;
1.117380;450.186106;
1.105524;450.186106;
1.104606;450.186106;
1.104578;450.186106;
1.106219;450.186106;
1.105274;450.186106;
1.103001;450.186106;
1.103928;450.186106;
1.102495;450.186106;
1.103268;450.186106;
1.103233;450.186106;
1.103435;450.186106;
1.106718;450.186106;
1.106783;450.186106;
1.106056;450.186106;
1.107239;450.186106;
1.107685;450.186106;
1.108052;450.186106;
1.112991;450.186106;
1.110843;450.186106;
1.113419;450.186106;
1.111277;450.186106;
1.112504;450.186106;
1.111517;450.186106;
1.104448;450.186106;
1.105434;450.186106;
1.105686;450.186106;
1.105201;450.186106;
1.106615;450.186106;
1.103390;450.186106;
1.109600;450.186106;
1.110277;450.186106;
1.110674;450.186106;
1.108993;450.186106;
1.110346;450.186106;
1.109594;450.186106;
1.106651;450.186106;
1.106468;450.186106;
1.106323;450.186106;
1.106165;450.186106;
1.107028;450.186106;
1.106100;450.186106;
1.109202;450.186106;
1.108893;450.186106;
1.108127;450.186106;
1.109021;450.186106;
1.106762;450.186106;
1.109328;450.186106;
1.109795;450.186106;
1.108105;450.186106;
1.108678;450.186106;
1.109338;450.186106;
1.108996;450.186106;
1.108976;450.186106;
1.107742;450.186106;
1.107216;450.186106;
1.106962;450.186106;
1.107438;450.186106;
1.108423;450.186106;
1.106736;450.186106;
1.101988;450.186106;
1.104491;450.186106;
1.103476;450.186106;
1.102417;450.186106;
1.103416;450.186106;
1.113911;450.186106;
1.101822;450.186106;
1.103164;450.186106;
1.102661;450.186106;
1.101623;450.186106;
1.101170;450.186106;
1.102897;450.186106;
1.108629;450.186106;
1.110003;450.186106;
1.109938;450.186106;
1.110147;450.186106;
1.109745;450.186106;
1.108362;450.186106;
1.101607;450.186106;
1.115878;450.186106;
1.102522;450.186106;
1.100688;450.186106;
1.101801;450.186106;
1.102906;450.186106;
1.101737;450.186106;
1.101299;450.186106;
1.102464;450.186106;
1.102012;450.186106;
1.101614;450.186106;
1.103332;450.186106;
1.109574;450.186106;
1.109629;450.186106;
1.111225;450.186106;
1.110789;450.186106;
1.109198;450.186106;
1.111135;450.186106;
1.109009;450.186106;
W1;O:0.001737;R:548.245601
1.109062;450.186106;
1.109294;450.186106;
W2;O:0.001138;R:548.251241
1.108710;450.186106;
W3;O:0.001585;R:549.341726
W4;O:0.001233;R:548.311031
1.110026;450.186106;
1.105348;450.186106;
W5;O:0.001209;R:549.366862
