1.81089;453.537;
1.81355;448.577;
2.00326;448.589;
1.85471;442.498;
2.15698;442.63;
2.24658;455.875;
2.20812;447.31;
1.86062;440.312;
2.23487;450.323;
1.86565;437.489;
2.23519;444.374;
2.25329;443.133;
1.94603;445.775;
2.25905;444.917;
1.94055;448.456;
2.21155;438.5;
2.18493;438.35;
2.2012;444.091;
1.85504;443.378;
1.87192;447.094;
2.19867;447.01;
2.21143;447.646;
2.21751;448.348;
1.93819;449.09;
2.25935;448.918;
1.91482;438.963;
2.22206;435.667;
2.25602;442.893;
2.28638;449.11;
1.88598;438.995;
1.89625;449.631;
2.22019;444.853;
2.19419;442.259;
2.16983;440.806;
1.85563;446.751;
2.18202;444.336;
1.85833;443.167;
2.2139;448.101;
2.24228;445.924;
1.95809;447.61;
2.27574;447.071;
1.99631;449.662;
2.29435;448.636;
2.2924;447.379;
1.90296;438.184;
2.24259;445.934;
2.21833;439.435;
1.85796;440.597;
2.18667;443.124;
2.2012;447.609;
1.87063;443.378;
2.21256;447.957;
1.90989;449.142;
2.19578;440.228;
2.25809;447.427;
2.20791;443.254;
2.22872;443.963;
1.90458;446.746;
1.91812;448.322;
2.23161;449.398;
2.20298;441.853;
2.21221;440.542;
1.9112;445.944;
1.90246;449.658;
2.22867;444.549;
2.22042;442.55;
2.24392;448.329;
1.93957;449.634;
1.93863;449.669;
2.28517;447.218;
2.27011;449.708;
2.20549;442.488;
2.16426;439.229;
1.85731;443.098;
1.86735;447.161;
2.22161;448.073;
2.17411;440.211;
2.16157;435.809;
1.88126;446.021;
1.89325;446.578;
2.18147;438.541;
2.24601;449.373;
2.27177;449.72;
2.23585;442.857;
1.92763;444.904;
1.93422;449.811;
2.27721;449.848;
2.17611;440.349;
2.17397;440.477;
1.86241;442.603;
1.85305;442.633;
2.15349;435.732;
2.17941;440.423;
2.19001;441.379;
1.89614;443.347;
2.19593;439.454;
1.91045;443.583;
2.2398;444.525;
2.2181;442.268;
2.22418;445.489;
1.9108;445.603;
1.89995;446.357;
2.22425;446.211;
2.20739;446.917;
2.19737;445.142;
1.84367;441.547;
1.86058;443.465;
2.16983;441.1;
2.20859;447.116;
2.27104;445.942;
2.22067;443.27;
2.05162;444.325;
2.07062;445.764;
2.20789;447.379;
2.20261;447.433;
2.15398;443.224;
1.88663;446.727;
2.14085;439.787;
1.8853;447.448;
2.21819;448.749;
2.21273;446.745;
2.21388;447.438;
1.88508;448.381;
1.89931;448.819;
2.24333;448.515;
2.25132;446.364;
2.25886;445.982;
1.93085;446.33;
1.9212;446.125;
2.25305;446.325;
2.25395;444.768;
2.18202;440.452;
2.15664;438.414;
1.8625;442.815;
1.86355;446.695;
2.20437;447.799;
2.23356;448.432;
2.25983;448.886;
1.97754;448.92;
2.12449;445.996;
2.1363;447.54;
2.26127;441.949;
2.2232;438.417;
1.89285;444.483;
2.2069;439.667;
1.90978;446.286;
2.11528;449.009;
2.20218;447.425;
2.21321;446.601;
1.85663;442.849;
2.21791;447.832;
2.21469;446.19;
1.89287;445.849;
2.2226;440.132;
1.93328;439.951;
2.26682;446.816;
1.9368;449.451;
2.26717;449.091;
2.26954;449.248;
2.20148;444.002;
1.86309;444.742;
2.19137;444.942;
1.83169;439.168;
2.17707;440.999;
2.20223;445.283;
1.87691;442.502;
2.22644;446.726;
1.93194;447.286;
2.23139;444.284;
2.22814;442.66;
2.25986;449.478;
1.90076;446.175;
1.85661;440.35;
2.23088;448.337;
2.20914;449.497;
2.19921;445.962;
2.2135;449.516;
1.82129;434.479;
1.84817;442.958;
2.20237;446.123;
2.23281;446.435;
1.94253;447.38;
2.32931;443.978;
2.31242;441.381;
1.91658;445.938;
2.22208;444.273;
2.21282;447.485;
1.86675;445.945;
1.87325;448.249;
2.22986;448.973;
2.21404;449.621;
2.22578;449.654;
1.86842;448.416;
2.14369;433.692;
1.92701;446.803;
2.25428;446.971;
2.2128;449.737;
1.96782;449.882;
2.30117;449.779;
1.89595;443.649;
2.2678;436.717;
2.29725;445.064;
2.3284;449.484;
1.8475;442.263;
2.20167;443.086;
1.85411;443.685;
2.25108;445.17;
2.23814;442.508;
2.21817;443.567;
1.89808;446.937;
2.07645;440.786;
2.22223;439.43;
2.2387;438.926;
1.88919;439.086;
1.89648;445.261;
2.21759;441.25;
2.23198;444.582;
2.23668;446.662;
2.19731;441.17;
1.89808;439.596;
1.91924;443.99;
2.22216;444.913;
2.18783;438.959;
2.22161;446.119;
1.91562;443.247;
1.92878;443.182;
2.25265;447.214;
2.23834;442.917;
2.21076;442.345;
1.88603;443.73;
2.22387;445.574;
1.8875;444.503;
2.23173;447.259;
2.22404;443.702;
1.901;444.152;
1.90259;446.925;
2.21198;443.85;
2.23007;444.93;
2.21248;441.43;
2.21537;438.58;
1.92669;444.082;
1.92231;443.893;
2.25148;445.585;
2.244;446.862;
2.20726;441.308;
0;O=0.172559;W:86.1137
1.84361;438.537;
2.21099;438.027;
1.84769;440.573;
2.19413;441.386;
2.18392;441.547;
2.17221;438.552;
1.90731;447.209;
1.91052;447.684;
2.25207;447.635;
2.26339;447.864;
2.26691;447.984;
2.2495;448.195;
1.90534;448.342;
1.89368;448.549;
2.2199;448.635;
2.20943;448.969;
2.22138;449.055;
1.88678;449.892;
1.89478;449.931;
2.23394;449.814;
2.25145;449.955;
1.9582;450.028;
2.2691;450.017;
2.27592;450.026;
1.95268;450.045;
2.27379;450.073;
2.23723;450.115;
1.89614;450.145;
1.87719;450.261;
2.23188;450.187;
2.23344;450.199;
2.2243;450.287;
2.2232;450.303;
1.86681;450.321;
1.87675;450.33;
2.07962;450.364;
2.22527;450.337;
1.93455;450.458;
2.24273;450.448;
1.93497;450.488;
3.1342;450.423;
2.09281;450.501;
2.23018;450.515;
1.89204;450.528;
1.88172;450.569;
2.21669;450.537;
2.24357;450.601;
2.23466;450.651;
2.23122;450.668;
1.93554;450.683;
1.95429;450.687;
2.30188;450.699;
2.28489;450.731;
2.28032;450.736;
2.26874;450.759;
1.92586;450.778;
1.90497;450.791;
2.2229;450.803;
2.23822;450.873;
2.27614;450.883;
1.90623;450.951;
2.24278;450.913;
1.91218;451.007;
2.27989;451.012;
2.29332;451.043;
1.98133;451.152;
1.97668;451.238;
2.28503;451.072;
2.27855;451.168;
2.24367;451.27;
1.88655;451.364;
2.23233;451.278;
1.89391;451.373;
2.23105;451.423;
2.23408;451.438;
1.91397;451.469;
1.92455;451.533;
2.26052;451.46;
2.25708;451.5;
2.28368;451.541;
2.29222;451.589;
1.93011;451.598;
1.9458;451.655;
2.25681;451.656;
2.25346;451.676;
2.24533;451.684;
2.24979;451.772;
1.90581;451.787;
1.90679;451.811;
2.24941;451.848;
2.25606;451.88;
2.26388;451.896;
2.28025;451.91;
1.97121;451.923;
1.98099;451.924;
2.29526;451.931;
2.28859;451.934;
1.8907;451.998;
2.23952;451.951;
2.2358;451.976;
1.88921;452.003;
2.23097;452.035;
2.23312;452.064;
1.89027;452.073;
1.91925;452.279;
2.25193;452.086;
2.25308;452.169;
1.96074;452.638;
2.27795;452.404;
2.27242;452.422;
1.94497;452.712;
2.25701;452.857;
2.26326;452.866;
1.89348;452.929;
1.89496;453.091;
2.22964;452.98;
2.23275;453.056;
2.23079;453.166;
2.22994;453.275;
1.95225;453.341;
1.98404;453.402;
2.28252;453.425;
2.25715;453.453;
2.31424;453.477;
2.27607;453.504;
1.92967;453.573;
1.90543;453.596;
2.23107;453.652;
2.23372;453.712;
2.22929;453.74;
2.23758;453.792;
1.89016;453.833;
1.89251;453.965;
2.28378;453.966;
2.27643;453.967;
1.97213;454.084;
2.30428;453.992;
2.28517;454.023;
1.97895;454.105;
2.24944;454.136;
2.24572;454.145;
1.90051;454.206;
1.89368;454.439;
2.23476;454.33;
2.24012;454.362;
1.97672;454.47;
2.28937;454.456;
2.28719;454.469;
2.0022;454.547;
2.2983;454.552;
2.30932;454.605;
1.92681;454.635;
1.91178;454.725;
2.26336;454.664;
2.25904;454.684;
2.25149;454.743;
2.24975;454.744;
1.90839;454.766;
1.91548;454.834;
2.24923;454.864;
2.25309;454.906;
2.27398;454.945;
2.20831;454.965;
1.9795;454.971;
2.21352;455.017;
2.24366;455.094;
2.28647;455.127;
1.93215;455.241;
2.2617;455.154;
1.9115;455.273;
2.25575;455.283;
2.25012;455.323;
2.26169;455.365;
1.9201;455.447;
1.93934;455.502;
2.24409;455.472;
2.30331;455.538;
1.98128;455.691;
2.30746;455.611;
2.30396;455.658;
1.98659;455.718;
2.28801;455.735;
1.90746;455.786;
2.31649;455.775;
1.90803;455.855;
2.31966;455.83;
2.24179;455.843;
2.24378;455.86;
1.94041;455.944;
2.297431.95943;;455.956456.059;;

2.30731;456.21;
2.30818;456.213;
2.29121;456.449;
1.94943;456.537;
1.93488;456.684;
2.26518;456.616;
2.25663;456.898;
2.25303;456.942;
2.24516;457.003;
1.91122;457.066;
1.91106;457.093;
2.29803;457.194;
2.2207;457.431;
2.30525;457.318;
2.15374;457.61;
2.38028;457.449;
1.99115;457.71;
2.28651;457.711;
1.92455;457.827;
2.26884;457.885;
2.01964;458.117;
2.32558;457.97;
2.28379;458.115;
2.43937;458.345;
2.3403;458.41;
2.51186;458.42;
2.21825;458.46;
2.50287;458.522;
2.40363;458.536;
2.71392;458.74;
2.7804;458.674;
2.7144;458.763;
2.56716;459.079;
2.51238;459.182;
2.56221;459.201;
2.0104;459.249;
2.30735;459.309;
1.97273;459.545;
2.30812;459.351;
2.33672;459.787;
2.333;459.873;
1.99764;460.056;
1.97956;460.29;
2.31606;460.075;
2.29705;460.37;
2.2972;460.503;
2.30432;460.534;
2.06774;460.633;
1.97055;460.662;
2.09792;460.748;
2.33347;460.801;
2.34714;460.955;
2.24958;461.059;
2.34877;461.23;
2.20486;461.463;
2.2044;461.672;
2.04944;462.353;
2.21935;462.863;
2.30818;462.813;
2.19982;462.882;
1.90422;463.786;
1;O=0.525108;W:176.319
2.17556;463.143;
1.74113;465.078;
2;O=0.347824;W:177.058
1.55906;465.483;
3;O=0.700143;W:177.211
4;O=0.875208;W:176.59
5;O=1.0483;W:177.175
