0.874127;386.073435;
0.886107;390.068395;
0.896606;389.583326;
0.900458;389.392622;
0.901759;395.278643;
0.938753;396.209206;
0.971406;392.772676;
0.990458;385.691927;
0.977572;395.026746;
1.008604;380.735892;
1.003098;399.173996;
1.056856;404.880201;
0.996304;389.721508;
1.005069;387.092577;
1.059493;405.454556;
1.058147;405.595409;
1.043289;408.974437;
1.046981;409.705651;
1.078807;411.891538;
1.090416;409.927067;
1.053305;413.050556;
1.062595;412.793602;
1.107570;413.772330;
1.069432;413.943992;
1.053129;405.448173;
1.042235;411.312322;
1.039371;400.347300;
1.056288;414.322508;
1.090868;414.509834;
1.060829;414.520567;
1.014121;386.349311;
1.083724;416.336411;
1.075726;416.459266;
1.088785;416.944756;
1.091187;413.152674;
1.096026;418.002123;
1.073462;408.934893;
1.094948;415.585797;
1.069830;418.400079;
1.082038;419.031431;
1.076207;415.613916;
1.113828;420.022701;
1.039473;402.687033;
1.091349;420.305971;
1.087051;421.600433;
1.134983;420.716199;
1.112961;421.821563;
1.094484;422.454555;
1.014693;395.224755;
1.072212;409.554989;
1.069393;409.766972;
1.085747;422.529189;
1.102061;423.984495;
1.074063;424.200357;
1.099930;424.658293;
1.024076;391.722707;
1.111073;425.067298;
1.103048;425.362472;
1.112340;426.078273;
1.094113;427.230296;
0.950750;360.551382;
1.073842;410.904321;
1.088202;413.831103;
1.101993;427.556903;
1.099865;428.274604;
1.102237;428.532923;
1.102876;427.029525;
1.022262;391.985983;
1.104555;428.638015;
1.121838;428.993650;
1.055729;402.624423;
1.112067;429.085786;
1.099397;427.484513;
1.108975;426.828169;
1.122030;429.346699;
1.106499;429.429889;
1.107897;429.436675;
1.121263;430.015670;
1.102229;418.305449;
1.108710;423.098345;
1.135729;430.221426;
1.143157;431.477238;
1.114356;431.544670;
1.139306;431.596678;
1.087780;416.367633;
1.083310;423.136863;
1.153693;432.167860;
1.163641;432.249898;
1.161531;433.302545;
1.108055;422.284665;
0.990239;379.500862;
1.079339;414.561907;
1.091157;424.135789;
1.101433;433.514472;
1.103486;433.702380;
1.105364;433.728919;
1.131156;434.148406;
1.024885;392.986484;
1.132175;434.727944;
1.078440;427.037999;
1.007000;393.933986;
1.102424;435.298651;
1.066484;414.700520;
1.089308;435.302746;
1.116481;433.962382;
1.118496;435.527225;
1.107721;436.153910;
1.132086;432.325837;
1.123475;436.270413;
1.063462;417.550413;
1.064809;422.723663;
1.110887;436.949732;
1.111120;437.207415;
1.118698;437.478084;
1.047843;407.358653;
1.123482;437.455174;
1.142902;433.036561;
1.085125;427.432635;
1.164338;437.596733;
1.137730;437.856098;
1.028065;396.434849;
1.036045;399.469815;
1.110493;438.567420;
1.135351;435.345988;
1.097591;438.593530;
1.048143;410.150760;
1.055002;414.020426;
1.089457;438.821503;
1.045226;419.706313;
1.084548;438.916983;
1.097635;439.004923;
1.109319;438.924152;
1.032402;411.931731;
1.050218;423.026482;
0.960321;389.968975;
1.027264;420.832527;
1.025866;405.449206;
1.094486;439.269048;
1.041887;413.961402;
1.047830;439.475883;
1.042423;438.479392;
1.021898;415.362303;
1.022285;422.416368;
1.074351;439.676323;
1.077738;439.705935;
1.037611;425.170298;
1.000926;404.408524;
1.056321;430.832727;
1.025634;418.941637;
0.989139;397.372131;
1.050370;436.205049;
1.071512;437.120178;
0.966407;395.844118;
1.065251;439.793626;
1.069818;439.846357;
1.073044;440.390387;
1.087708;440.721544;
1.063890;422.059131;
1.051434;429.803007;
1.062449;426.399083;
1.030615;430.626517;
1.088053;440.964071;
1.083041;441.467483;
1.008608;410.146404;
1.057765;439.274900;
1.050371;429.594251;
1.077001;426.367585;
1.072078;433.684641;
1.085579;441.541539;
1.071402;433.430808;
0.926605;369.339848;
1.032949;415.142437;
1.073036;433.560842;
1.060968;435.170098;
1.079551;435.396190;
1.015925;421.744903;
1.048286;437.933813;
0.915416;378.817631;
1.073621;438.445281;
1.070046;430.805423;
1.058895;441.843931;
1.098698;441.999003;
1.082157;442.179776;
1.023672;418.188366;
1.038480;426.193040;
1.076037;438.595588;
1.053531;420.832499;
0.989135;397.529628;
1.106920;441.965330;
1.011959;416.766143;
1.098125;442.250699;
0.995770;401.867276;
0.903187;369.262005;
1.040911;435.078179;
1.113045;442.289778;
1.019864;414.713685;
1.053100;431.306725;
1.095767;442.480054;
1.102058;442.612163;
0.940125;378.207004;
1.074152;437.485338;
1.067031;432.235053;
1.124840;442.989021;
1.043896;419.011119;
1.097231;443.322946;
1.090430;443.704533;
1.086301;443.850868;
1.005044;417.725919;
1.067720;428.219538;
1.015604;416.533534;
1.087136;438.350809;
1.039122;413.142935;
1.045015;421.164366;
1.070175;435.684755;
1.026875;424.891265;
1.107655;443.474771;
0.984855;408.872175;
1.010263;411.681292;
1.090081;443.941203;
0.982414;407.108403;
1.044983;428.850127;
1.097929;443.999289;
1.105965;444.497658;
1.073593;444.509716;
1.019550;421.213581;
1.115157;444.686170;
1.110618;444.805732;
0.955105;391.231825;
1.076212;441.741628;
1.021618;425.618162;
0.932954;383.412581;
1.046034;433.154752;
1.028798;414.287630;
1.084887;442.647090;
1.089565;444.814254;
1.117550;445.056298;
1.018940;418.009811;
1.040755;428.857759;
0.990449;403.117602;
1.097604;442.459492;
1.090656;445.223428;
1.086113;445.236474;
1.122766;445.466348;
1.080342;445.525803;
1.054791;433.533090;
1.110935;445.645407;
1.095069;442.744581;
1.084546;445.684386;
1.077164;445.757051;
1.100002;445.775340;
1.102554;445.796968;
0.967256;384.155061;
1.012402;413.173894;
1.048126;429.336164;
1.075175;424.910770;
1.068530;427.227688;
1.064728;436.130196;
1.010613;411.289924;
1.031382;417.859036;
1.092543;437.981454;
0.979795;403.953851;
1.058303;428.099613;
0.947855;390.539361;
1.040197;419.388148;
1.080075;441.835436;
1.075025;443.167211;
1.111796;445.817078;
1.032612;424.038750;
1.078055;432.312995;
1.052642;430.187730;
0.903407;358.786312;
1.127678;444.452940;
1.107885;445.863950;
1.105735;445.876928;
0.958125;386.284238;
1.025024;421.479507;
1.112263;445.893520;
1.011232;414.696250;
1.033258;418.521879;
0.991724;389.308172;
1.089797;446.309248;
1.085404;442.906738;
1.097079;431.464703;
0.998795;408.544385;
1.043875;426.311955;
1.044340;426.759326;
0.975250;400.367007;
1.057157;431.842434;
1.093645;433.871027;
1.023808;414.533027;
1.111305;443.895794;
1.099253;446.391648;
1.093418;446.435120;
1.001697;417.579401;
0.968401;394.782848;
1.035582;416.214975;
1.079288;422.076061;
1.029150;416.411103;
1.050799;428.934562;
1.103224;446.493611;
1.073815;435.546775;
1.025618;416.786313;
1.071568;441.682165;
1.055451;417.120017;
1.111795;446.615099;
0.904121;378.773610;
1.000531;402.408316;
1.087485;446.649130;
1.048458;417.133620;
1.026534;420.845810;
1.042952;424.179607;
1.125762;446.737261;
1.100937;437.393707;
1.102074;437.649756;
0.967321;396.136222;
1.076185;438.367367;
1.103844;446.770643;
1.106478;439.678518;
1.016020;417.416703;
1.052979;431.317974;
1.085932;440.980021;
1.090421;441.682463;
1.084123;443.040130;
1.097219;446.739732;
1.098110;442.888307;
1.118510;446.560210;
1.103707;446.988348;
1.071120;446.999161;
1.095917;447.369757;
1.078916;447.409446;
1.050874;427.754872;
1.069990;428.544526;
1.074867;447.432245;
1.076060;444.865508;
0.958995;395.554326;
1.113499;447.442817;
1.115058;447.499890;
1.003598;410.035901;
1.015514;404.718511;
1.010727;417.939072;
1.123621;447.619368;
1.116218;447.866233;
1.103938;443.617728;
1.029937;427.241825;
1.109321;447.936033;
0.969568;390.080046;
1.095226;443.539666;
1.098940;448.044171;
1.121503;442.876434;
1.123068;448.188141;
1.087244;440.031525;
1.103037;448.258257;
1.073861;428.126239;
1.077302;448.362399;
1.105227;441.774498;
1.014016;415.346454;
1.086788;448.385627;
1.057874;419.887635;
1.028505;409.891330;
1.103130;442.622254;
1.021071;406.971581;
1.094713;448.404911;
1.035911;427.171089;
1.091809;448.468864;
1.057021;430.294779;
1.070521;437.821403;
0.975892;396.197301;
0.983235;386.417128;
1.102938;445.386651;
1.105689;448.807206;
0.982334;398.855308;
1.082321;442.448923;
0.969136;397.693446;
1.093295;434.083367;
1.135668;447.079366;
1.111710;448.880264;
1.043106;408.921934;
0.984908;399.766929;
1.091212;435.560513;
1.093271;448.887436;
1.063943;436.077224;
1.055426;431.901441;
1.028974;420.446310;
1.111375;448.902247;
1.019891;420.885617;
1.112560;449.332946;
1.026022;423.155794;
1.051810;432.996477;
1.075041;435.899595;
0.991402;400.743429;
1.054862;440.517047;
1.082455;441.193544;
0.995862;415.911299;
1.076080;443.530657;
1.089623;449.344601;
1.125086;449.370798;
1.108718;449.500999;
1.101136;449.785822;
1.003723;416.830698;
1.064246;434.069953;
1.098287;450.104514;
0.992024;417.974294;
1.024544;415.925771;
1.113670;450.106609;
1.033482;415.428953;
0.967196;394.627466;
0.996214;407.848622;
1.043762;419.428402;
1.102693;450.512491;
1.032653;417.889469;
1.039654;424.196966;
1.093794;449.613501;
1.066399;430.349312;
0.990477;404.522859;
1.003563;410.481710;
1.036092;424.013219;
1.082229;433.731270;
0.899654;367.541449;
1.018009;406.982336;
1.067742;434.263267;
1.000204;402.949137;
1.078000;439.251973;
1.109360;450.673544;
1.118529;450.809506;
1.115779;448.034027;
1.048260;433.982940;
1.125074;450.897242;
1.150345;451.021645;
1.017869;407.645858;
1.106067;451.049015;
0.951010;390.486522;
1.129472;451.148146;
1.073410;440.367938;
0.945077;378.987121;
1.060510;435.661566;
1.073531;440.159955;
1.078396;440.694474;
1.097927;444.665352;
0.990223;415.400168;
1.037413;420.618068;
1.056502;425.650260;
1.104961;446.584854;
1.106755;448.531109;
1.093527;441.499958;
1.122189;451.206453;
1.106685;451.213277;
1.118460;451.242761;
1.022367;416.914725;
1.027477;419.995670;
0.977146;392.230569;
1.032041;421.102738;
0.878034;350.099849;
1.019272;414.796458;
1.093267;443.061410;
1.090511;451.326751;
1.059691;418.515171;
1.073207;431.967092;
1.126005;451.417156;
1.006551;398.596480;
0.995365;403.215303;
0.891409;361.154919;
0.970629;396.829442;
0.962292;385.606250;
1.063528;436.579339;
0.971986;393.563783;
1.074099;432.188519;
1.074591;434.543593;
1.063970;440.102082;
1.083700;439.244211;
1.037408;415.852969;
1.063140;422.114081;
1.058412;433.933197;
1.092678;447.306880;
0.969231;385.741882;
1.033888;423.022421;
1.061299;438.721376;
1.112320;451.447767;
1.111763;449.491930;
1.080056;444.228873;
1.150145;451.491457;
0.941236;383.865792;
1.119976;451.508470;
1.113420;449.746419;
1.067103;433.363993;
0.877169;354.039657;
1.115255;451.565514;
1.092414;451.665684;
1.133850;451.733910;
1.043202;419.619570;
0.945844;388.543444;
1.021852;422.208222;
1.086244;440.625535;
0.965392;383.479176;
1.091258;436.709350;
1.053433;432.189289;
1.067216;429.820439;
1.053170;422.143290;
1.008783;407.692406;
1.036690;419.344281;
1.073281;430.118241;
1.082615;444.991008;
1.081292;440.682832;
1.062316;428.642298;
1.039669;422.168696;
1.001826;408.134462;
1.053496;426.798535;
1.106111;444.370727;
0.945997;385.093310;
1.103466;443.774801;
1.114816;445.736574;
1.000750;398.539452;
1.058850;431.023326;
0.899003;372.287657;
0.948003;390.643973;
1.009291;411.384515;
1.091812;432.671100;
1.065369;428.107350;
1.082406;435.173631;
1.107989;445.576564;
1.003352;406.528571;
1.082221;447.538769;
1.100029;448.257421;
1.116724;449.597827;
1.074074;438.360489;
1.070879;440.037245;
1.047351;433.479846;
1.132772;451.353839;
1.011904;405.899779;
1.027866;416.889062;
1.054691;428.326252;
1.101790;451.737898;
1.117255;452.005129;
1.089049;417.286629;
M0:0.002740
W0;O:0.000274;R:94.313344
1.042928;420.659538;
0.996148;405.610705;
0.941330;379.777923;
1.033780;410.351464;
1.033868;415.740640;
0.976877;402.953673;
1.101417;441.613962;
1.087848;452.050110;
1.097696;452.076590;
1.088718;452.084135;
1.092820;452.386427;
1.100577;452.589648;
1.139390;452.533519;
1.108826;452.635504;
1.083550;452.672589;
1.095457;452.688771;
1.130701;452.914587;
1.100032;452.919842;
1.129085;452.960318;
1.137084;452.992230;
1.121070;453.005713;
1.108877;453.070322;
1.116753;453.095535;
1.109482;453.117141;
1.107169;453.163139;
1.101407;453.202204;
1.110330;453.285784;
1.128553;453.374926;
1.134211;453.501823;
1.092073;453.931885;
1.126952;454.030515;
1.114864;454.039688;
1.119170;454.117713;
1.111075;454.139895;
1.116878;454.159680;
1.098892;454.246701;
1.106194;454.314589;
1.122809;454.369374;
1.125211;454.455306;
1.101750;454.496106;
1.085461;454.671135;
1.135169;454.756017;
1.091531;454.792609;
1.107265;454.989291;
1.144510;455.023359;
1.120667;455.084130;
1.137453;455.194162;
1.118900;455.405048;
1.108538;455.438015;
1.117811;455.438363;
1.116973;455.664040;
1.113847;456.001262;
1.102255;456.030610;
1.098662;456.059203;
1.112131;456.176360;
1.152805;456.188088;
1.105953;456.427548;
1.126922;456.438386;
1.089058;456.606402;
1.145734;456.590927;
1.120199;456.712894;
1.154123;456.739834;
1.140099;457.009302;
1.117993;457.133014;
1.136747;457.228975;
1.147188;457.361546;
1.136486;457.374762;
1.130195;457.432136;
1.119807;457.455941;
1.139472;457.458669;
1.112943;457.774605;
1.119605;457.832380;
1.109746;457.892645;
1.113703;457.919521;
1.145496;457.966725;
1.123387;457.988145;
1.150552;457.991008;
1.159458;458.041546;
1.151652;458.048914;
1.125103;458.098642;
1.120986;458.119748;
1.133390;458.215192;
1.128798;458.253633;
1.128120;458.255920;
1.134325;458.276645;
1.116094;458.290029;
1.126025;458.767377;
1.130635;458.816157;
1.160329;458.818171;
1.135531;458.836245;
1.145717;458.878771;
1.152893;459.152419;
1.136238;459.264251;
1.138175;459.382940;
1.118428;459.727259;
1.158607;459.647205;
1.114125;459.864245;
1.118993;460.013123;
1.130537;460.124910;
1.115760;460.128212;
1.142594;460.173256;
1.108899;460.290302;
1.138332;460.189774;
1.101551;460.312431;
1.185678;460.366926;
1.137535;460.573353;
1.133776;460.680677;
1.125322;460.902981;
1.143114;461.062293;
1.116008;461.255090;
1.112135;461.256057;
1.131460;461.403427;
1.138092;461.539047;
1.150203;461.720342;
1.125936;461.855982;
1.134127;461.891782;
1.147663;461.912229;
1.141895;461.980589;
1.115941;462.154880;
1.137684;462.306871;
1.150261;462.221901;
1.128161;462.424183;
1.128528;462.470813;
1.134896;462.661880;
1.157747;462.662396;
1.126403;462.701270;
1.161307;462.668809;
1.150953;462.875912;
1.108532;463.184512;
1.129463;463.201419;
1.138011;463.269786;
1.183195;463.214362;
1.148841;463.398136;
1.129510;463.443756;
1.139111;463.733174;
1.137556;463.980622;
1.133050;464.005411;
1.166311;463.998117;
1.173155;464.059834;
1.128783;464.195902;
1.118934;464.221234;
1.147044;464.265882;
1.118343;464.341356;
1.147535;464.291572;
1.133580;464.348770;
1.132729;464.555792;
1.122056;464.583695;
1.133543;464.592002;
1.135445;464.638425;
1.126295;464.653573;
1.131344;464.655629;
1.143268;464.687274;
1.177123;464.687878;
1.168289;464.815292;
1.130337;464.823080;
1.165770;464.905330;
1.175928;464.909538;
1.152340;465.010878;
1.137199;465.059425;
1.111666;465.128569;
1.146819;465.214804;
1.135763;465.279611;
1.127831;465.289365;
1.117973;465.365459;
1.120720;465.374609;
1.126545;465.413805;
1.162741;465.444781;
1.117558;465.594118;
1.176224;465.448845;
1.145758;465.640969;
1.146457;465.794756;
1.154204;465.854601;
1.131189;465.886369;
1.131439;465.887480;
1.125610;465.917541;
1.118920;466.153957;
1.159018;466.171483;
1.140956;466.402641;
1.121169;466.443767;
1.138700;466.498034;
1.149661;466.572814;
1.128573;466.738964;
1.129342;466.826513;
1.137166;466.978505;
1.129070;467.007559;
1.139756;467.083478;
1.161528;467.009038;
1.143089;467.290367;
1.157038;467.478849;
1.159118;467.569513;
1.129793;467.735322;
1.120302;467.756761;
1.135489;467.816812;
1.156610;467.817017;
1.164874;467.822736;
1.123918;467.860261;
1.157323;468.023810;
1.142292;468.105698;
1.133812;468.322984;
1.159402;468.426869;
1.161651;468.596070;
1.169101;468.712642;
1.163909;468.788632;
1.158092;469.005135;
1.149483;469.170424;
1.188160;469.204224;
1.149033;469.305938;
1.164790;469.315761;
1.170386;469.334897;
1.170805;469.364808;
1.173893;469.336992;
1.161711;469.375794;
1.161263;469.413599;
1.151945;469.659243;
1.149189;469.724406;
1.136598;469.881794;
1.141582;469.769290;
1.155010;470.118604;
1.143126;470.181626;
1.183944;470.293302;
1.143893;470.319870;
1.143571;470.772919;
1.151564;470.814531;
1.141843;470.878214;
1.163733;470.888413;
1.154933;471.025826;
1.165475;471.423718;
1.151233;471.632187;
1.151378;471.639533;
1.144935;471.669425;
1.147631;471.720710;
1.148342;471.866194;
1.152441;471.934931;
1.158200;471.938718;
1.155715;472.072315;
1.159800;472.096109;
1.167048;472.104316;
1.159693;472.131447;
1.149426;472.499211;
1.133573;472.764620;
1.156450;472.846315;
1.178786;472.979207;
1.180086;473.265205;
1.164494;473.295429;
1.143886;473.756267;
1.177606;473.344739;
1.161203;473.793819;
1.185379;473.853941;
1.151581;473.962841;
1.147814;474.057830;
1.155567;474.129073;
1.167356;474.181189;
1.165789;474.298891;
1.163955;474.378205;
1.167393;474.383541;
1.176983;474.449900;
1.170576;474.547469;
1.170966;474.634236;
1.162083;474.669917;
1.176423;474.827977;
1.141251;474.841956;
1.173704;474.920438;
1.171024;475.152934;
1.171728;475.174067;
1.184236;475.190432;
1.167275;475.337526;
1.155950;475.355729;
1.132519;475.375852;
1.170244;475.389536;
1.181753;475.806330;
1.171349;476.107168;
1.140788;476.128244;
1.193674;476.228781;
1.185253;476.232377;
1.176824;476.645848;
1.175568;476.647367;
1.174657;477.097683;
1.147801;477.144648;
1.171928;477.213355;
1.170737;477.214485;
1.173739;477.279821;
1.162729;477.434880;
1.170588;477.443721;
1.150873;477.481406;
1.160445;477.595968;
1.186882;477.640214;
1.155532;477.719456;
1.188821;477.813065;
1.171547;477.915922;
1.174415;477.987725;
1.192530;478.159812;
1.176307;478.231581;
1.181277;478.332047;
1.169013;478.417282;
1.154511;478.543556;
1.178187;478.654111;
1.174325;478.782901;
1.167400;478.784323;
1.161414;478.802806;
1.175662;478.884423;
1.187328;479.101676;
1.165860;479.253433;
1.207618;479.374855;
1.165487;479.448645;
1.179699;479.486529;
1.157200;479.604874;
1.178183;479.567519;
1.183065;479.792438;
1.212111;479.816762;
1.197965;479.844538;
1.161930;479.866460;
1.153649;480.134793;
1.169874;480.204819;
1.160250;480.499733;
1.194895;480.513557;
1.179315;480.576340;
1.180671;480.798380;
1.167769;481.278069;
1.191398;481.028133;
1.180402;481.314146;
1.183107;481.315857;
1.178322;481.402857;
1.216953;481.527730;
1.190803;481.548507;
1.208554;481.571088;
1.193805;481.906408;
1.157357;482.001070;
1.203789;482.159168;
1.166305;482.325695;
1.195702;482.210610;
1.175808;482.333651;
1.166891;482.389798;
1.194229;482.519473;
1.189867;482.532090;
1.175305;482.872718;
1.216846;483.241954;
1.205322;483.480126;
1.187105;483.559867;
1.175495;484.001185;
1.175080;484.063696;
1.179070;484.072040;
1.197227;484.105446;
1.208686;484.118826;
1.195245;484.173044;
1.166590;484.350387;
1.171672;484.477409;
1.187131;484.484008;
1.164934;484.597757;
1.203464;484.536398;
1.175809;484.662332;
1.154062;484.739730;
1.220692;485.351783;
1.163967;485.888773;
1.232985;485.778793;
1.209819;486.030786;
1.175542;486.182166;
1.185602;486.249825;
1.189387;486.497991;
1.177926;486.570164;
1.206473;486.803676;
1.188074;486.975807;
1.159203;486.988475;
1.207349;486.995564;
1.217493;487.148317;
1.199409;487.232743;
1.183411;487.310342;
1.208530;487.347131;
1.188644;487.552720;
1.203859;487.562444;
1.189874;487.602247;
1.174093;487.746313;
1.188830;487.852091;
1.201251;487.953726;
1.198189;487.988611;
1.184130;488.475009;
1.216288;489.042318;
1.171704;489.107922;
1.177452;489.134970;
1.201071;489.164068;
1.200591;489.308560;
1.192598;489.425574;
1.177192;489.530776;
1.201571;489.630558;
1.217645;489.692231;
1.192890;489.864928;
1.204675;489.920129;
1.184056;489.965562;
1.204160;491.351798;
1.225880;491.393682;
1.196019;491.612934;
1.209649;491.762613;
1.215854;491.778164;
1.220647;492.768611;
1.203484;493.088619;
1.218412;493.281429;
1.232258;493.626098;
1.232271;493.944342;
1.205928;494.437520;
1.204045;494.591497;
1.257043;495.009307;
1.221784;495.162665;
1.220678;495.329872;
1.221894;497.130347;
1.218494;497.560065;
1.226788;497.675399;
1.206692;498.164353;
1.226716;498.323778;
1.223092;498.494348;
1.213535;498.523076;
1.225615;498.523635;
1.245410;498.571731;
1.206259;498.792883;
1.206008;499.330970;
1.219025;499.640263;
1.210686;499.827631;
1.226975;499.993678;
1.201698;500.436810;
1.234465;500.604863;
1.231447;501.243617;
1.212281;501.338854;
1.247588;501.420338;
1.243371;502.112447;
1.238830;502.258110;
1.244947;502.571243;
1.223378;502.669304;
1.233097;502.755120;
1.232789;502.778568;
1.236750;503.372828;
1.268533;503.955649;
1.242258;504.483270;
1.224146;504.548100;
1.235886;504.602396;
1.251764;504.716964;
1.226103;505.552563;
1.258630;505.762330;
1.242676;506.357440;
1.271182;507.469288;
1.236772;508.901573;
1.238945;509.125941;
1.262514;510.301617;
1.250660;510.716822;
1.243944;511.107775;
1.233785;512.525796;
1.240382;513.316589;
1.255272;513.408289;
1.277233;513.613823;
1.255773;514.610554;
1.261874;514.698677;
1.284884;514.931653;
1.276511;515.078414;
1.259652;515.106267;
1.278536;516.310339;
1.265610;516.913041;
1.247538;519.831823;
1.252421;523.782097;
1.266638;522.258783;
1.296106;530.091271;
1.290883;530.874403;
1.261460;532.457500;
1.316341;532.868709;
1.281698;534.927468;
1.290699;535.831923;
1.298181;536.233998;
1.280017;537.645990;
1.284759;539.081161;
1.290969;552.838823;
W1;O:0.000594;R:185.038445
W2;O:0.000577;R:184.579897
W3;O:0.000499;R:184.219912
1.312279;558.323891;
W4;O:0.000476;R:184.233692
W5;O:0.000522;R:184.401807
