0.533663;239.491442;
0.549542;255.433234;
0.699979;289.211067;
0.719030;296.950942;
0.734464;310.942162;
0.749421;319.221153;
0.514356;217.939104;
0.509707;222.787113;
0.639760;290.761475;
0.696830;290.174585;
0.683747;304.978645;
0.687259;307.135666;
0.723366;307.997296;
0.726567;310.652197;
0.729626;316.789953;
0.751749;321.764771;
0.748838;322.464254;
0.855176;319.712606;
0.802377;323.022075;
0.968717;323.112690;
0.843624;323.885225;
0.771139;325.615562;
0.823918;328.356436;
0.800689;330.581033;
0.853892;330.961733;
0.824136;332.454721;
0.855479;333.596713;
0.852640;333.942003;
0.820295;331.802903;
0.808464;334.610111;
0.824317;338.933034;
0.852063;338.935122;
0.697924;259.471545;
0.826803;340.085507;
0.823913;323.700036;
0.912955;340.197146;
0.834042;334.981961;
0.673715;246.705661;
0.836562;320.087582;
0.831887;341.051102;
0.814661;342.397514;
0.863523;343.094474;
0.870976;343.852677;
0.875822;344.477688;
0.784005;344.714564;
0.842245;344.902530;
0.959944;345.207469;
0.852218;346.480229;
0.806735;347.313847;
0.921615;347.037638;
0.883504;347.094598;
0.877500;348.458958;
0.869223;348.821243;
0.834479;351.601025;
0.796958;276.988975;
0.858243;353.147255;
0.902573;355.019585;
0.899578;355.230941;
0.918753;355.305434;
0.917416;355.987330;
0.807983;299.164329;
0.866325;357.137469;
0.965831;356.408104;
0.828155;339.305682;
0.838588;358.014048;
0.941087;357.218479;
0.871253;361.021915;
0.876263;361.274163;
0.848974;361.429062;
0.834197;362.636881;
0.866223;362.957794;
0.905889;363.816577;
0.853520;365.695763;
0.828037;365.909938;
0.902018;366.459584;
0.904526;366.473733;
0.807565;323.209539;
0.872972;367.760837;
0.968256;368.880432;
0.964592;370.318676;
1.030722;371.921020;
0.922277;371.990679;
0.906340;372.197562;
0.951246;372.740376;
0.879948;367.816523;
0.914214;373.662827;
0.854316;373.986268;
0.967709;363.343208;
0.948110;375.069161;
0.777511;305.540212;
0.922640;364.747679;
0.959371;377.649264;
0.926669;377.865604;
0.927357;378.001055;
1.012496;378.240154;
0.982774;378.676278;
0.840068;350.195224;
0.749597;309.689148;
0.899750;378.823432;
1.048699;379.811749;
0.905994;380.055338;
0.990551;380.037430;
0.909129;380.128938;
0.952842;380.603666;
0.686473;279.595293;
0.755536;304.518435;
0.883912;358.843429;
0.950030;382.309532;
0.977389;382.840065;
0.884851;384.278520;
0.982294;383.138715;
0.898194;384.361947;
0.936056;385.263581;
0.931118;386.386355;
0.973826;386.814983;
0.976710;388.529541;
0.936599;388.655947;
0.842003;316.757188;
0.919626;368.221957;
0.926938;369.894122;
0.942565;388.950595;
0.913853;390.660376;
0.997131;390.077276;
0.963118;389.332980;
0.765602;308.706268;
0.925187;391.394860;
0.819845;314.395277;
0.915156;391.566057;
0.899623;393.004613;
0.992339;393.728309;
0.929921;369.843734;
0.965737;394.657139;
1.012999;394.870271;
0.836524;327.186529;
0.945874;395.282510;
0.782874;324.501947;
1.071821;395.919692;
0.932408;362.030435;
0.671704;261.738411;
0.984722;396.398882;
0.965918;396.471030;
0.933000;398.044788;
0.974705;398.024077;
0.994005;398.531378;
0.962725;399.497436;
0.818402;303.304501;
0.973046;400.068612;
0.951378;400.285104;
0.987351;401.171922;
0.986043;402.718974;
1.006909;402.098121;
0.934347;402.810269;
0.912871;349.699798;
0.821689;337.151283;
0.953891;396.297533;
0.965483;402.975854;
0.989928;403.107280;
0.932668;403.130132;
0.868945;346.059854;
1.099291;403.681045;
0.646183;269.832063;
0.924050;355.091782;
1.073991;386.721022;
0.997554;403.690123;
0.933401;403.949427;
1.006243;404.898151;
0.890514;405.270197;
1.088834;405.446522;
0.921105;406.583521;
0.950020;405.950860;
0.883593;363.954718;
1.011649;402.134376;
1.029660;406.621415;
0.961118;393.119081;
0.800959;300.875478;
0.987300;406.781689;
0.747453;316.175915;
1.010340;407.988283;
0.976396;403.890552;
0.932980;408.344424;
1.042938;408.403857;
1.002556;411.009543;
0.809392;342.432161;
1.211103;410.730708;
0.967236;398.565075;
0.943074;390.956285;
0.759485;328.120489;
0.891412;377.011262;
0.985769;376.128650;
1.043276;411.963489;
0.945870;375.846855;
0.960313;412.294195;
1.035278;412.509267;
0.832150;355.081161;
0.749061;304.868107;
1.032287;412.551461;
0.985154;412.620271;
0.933002;413.309893;
0.656068;242.977506;
1.036343;393.497425;
0.921555;366.304187;
1.008833;413.421017;
0.698514;300.761274;
0.955005;364.927888;
0.853291;318.030711;
1.062450;413.796496;
0.923405;370.011536;
0.708497;297.815753;
1.029490;413.976207;
1.098278;415.776877;
0.895476;380.145915;
1.041041;416.492748;
1.204117;416.563220;
1.000539;417.481079;
1.011248;417.702642;
1.100576;417.582666;
0.818860;327.661185;
0.698455;263.749796;
0.806645;322.249680;
1.011032;391.993807;
0.984491;421.502369;
1.017608;418.790130;
1.031196;420.562080;
1.057497;422.762203;
0.661330;271.894984;
1.065435;399.274548;
0.959086;385.124638;
0.788901;320.313030;
0.990864;421.952192;
1.051307;403.686420;
0.968856;401.446243;
0.907219;384.739841;
0.910016;372.474792;
0.994654;423.233786;
1.067244;423.123867;
1.130409;423.260907;
1.086476;423.440965;
0.872217;325.266377;
0.902788;379.455298;
0.977076;409.714811;
1.000920;423.903263;
1.187615;423.520994;
0.981991;395.117083;
0.842879;362.236598;
0.952603;424.118398;
0.957442;373.802282;
0.971119;402.059350;
0.677453;286.847812;
1.067365;424.616202;
1.114391;425.803784;
1.074249;420.800658;
1.059829;425.883958;
0.582940;229.798981;
0.931348;381.502529;
1.016884;426.725247;
1.039399;426.850684;
0.956686;403.540277;
0.970087;398.768892;
1.010980;400.846791;
1.011327;414.433111;
0.857758;356.635572;
0.579719;239.658239;
1.161088;428.789066;
0.884513;369.733407;
1.017856;398.125779;
1.015827;421.667946;
0.849893;352.491935;
1.133380;425.654176;
1.059793;428.896083;
0.858863;354.831445;
0.819858;285.718527;
0.920688;399.068909;
1.042294;429.415639;
1.019198;430.860741;
1.006220;430.902855;
0.922071;383.871589;
0.805288;314.881340;
1.021273;431.589997;
0.812762;343.980822;
0.670225;292.231670;
1.076690;431.705507;
0.897564;383.130852;
1.062958;431.814915;
1.131940;431.792859;
1.127391;433.577322;
0.970619;414.785272;
0.658052;264.083555;
0.885303;373.882302;
0.766867;325.745988;
1.051955;424.675471;
0.956188;383.791726;
1.042425;433.676621;
1.083809;433.653981;
1.093644;434.016600;
0.788576;301.497166;
0.496708;210.284931;
0.876049;339.191561;
0.988324;417.106917;
1.058802;428.471177;
1.006293;434.283733;
1.039861;435.196993;
1.056619;435.855032;
1.202209;436.003390;
1.030423;439.833618;
1.080424;434.250980;
1.072251;440.209997;
0.947857;355.294532;
0.870404;351.877532;
0.986920;413.292002;
1.174027;411.083263;
1.073711;427.586575;
1.119746;440.298535;
1.145383;440.365965;
1.157457;441.926242;
0.984689;393.219823;
0.777218;294.287403;
1.066797;433.924914;
0.920262;381.729004;
1.107668;434.853299;
0.913745;360.063806;
0.889313;346.485282;
1.055203;416.537670;
1.117900;443.647218;
0.981167;398.192276;
1.016362;427.729836;
1.114487;443.780711;
1.080254;410.688031;
1.084381;443.883580;
1.250685;443.804466;
1.025983;445.081999;
1.139431;444.860763;
0.902490;389.210338;
0.680155;279.099067;
0.947082;386.572917;
1.058530;421.052557;
1.019314;440.551131;
1.118818;445.594289;
1.122621;446.161022;
1.122475;445.207015;
0.936023;364.147058;
1.106887;446.388379;
1.115178;446.880530;
1.073627;448.148922;
1.094845;449.571181;
1.079123;449.778369;
1.041752;426.064799;
1.022597;434.294878;
1.132600;450.912086;
0.848556;314.598513;
1.149494;451.624489;
1.149588;452.139619;
1.129073;453.521568;
1.098585;453.679718;
0.948082;375.187566;
1.041540;454.374117;
1.139063;453.742981;
1.114402;454.820527;
1.046444;402.427034;
0.780906;312.317182;
0.931327;331.480394;
0.848238;361.095405;
1.024395;394.937839;
0.524434;228.583668;
1.174243;456.098110;
0.978919;394.759568;
1.141238;456.098978;
0.797507;305.275479;
0.822747;337.848158;
1.109094;446.456576;
1.121279;420.047466;
1.101439;456.496290;
1.015941;391.242185;
1.092490;456.737005;
0.795890;327.651618;
0.925588;375.176202;
1.083009;456.968573;
0.982911;400.337276;
1.187222;457.316550;
1.032437;430.409148;
1.030452;383.852218;
1.206722;457.321289;
1.135921;457.621504;
1.150616;457.646600;
1.087485;457.785144;
1.098289;458.951688;
1.102457;459.237807;
1.130328;460.448824;
0.848334;341.177203;
0.945190;384.067852;
1.069912;460.497598;
1.130878;438.012200;
0.975134;404.542039;
0.915339;382.398357;
1.181302;461.888425;
1.012041;374.972492;
0.938607;387.320750;
1.004324;410.946388;
0.925517;356.973217;
0.777613;313.647247;
0.773411;287.400998;
1.191402;461.893968;
0.795951;342.472398;
0.983258;384.614080;
1.132872;462.939178;
1.386627;461.897577;
1.143378;463.031755;
1.146524;463.474584;
1.147796;463.572001;
0.801700;323.269065;
0.827106;326.885226;
0.701602;292.572388;
0.816677;357.132215;
0.861590;359.515954;
0.884029;361.950976;
0.875996;372.665989;
0.871760;371.577344;
0.820031;346.750422;
1.146885;463.976707;
0.998361;394.248615;
0.831521;344.979521;
1.155276;464.015678;
1.128889;464.042960;
1.090790;464.073025;
1.119831;440.037126;
0.875137;365.260212;
0.774509;313.073017;
1.087325;462.247739;
1.176711;464.456400;
0.765480;309.833017;
0.916598;338.640821;
0.940301;381.394967;
0.795931;342.310318;
1.077146;465.019354;
1.079224;465.196509;
1.177503;465.239213;
1.083358;447.218614;
1.145884;465.392102;
1.035735;433.381788;
1.151496;465.436870;
0.932449;374.836837;
0.927731;389.071519;
0.980440;392.782894;
0.951282;394.636318;
1.066434;454.533900;
1.091237;465.508726;
1.066227;380.097588;
0.696138;295.645503;
0.937551;337.291126;
0.765606;328.714892;
0.600975;230.184824;
1.180242;466.185586;
0.908876;350.839520;
0.788681;337.412828;
1.230727;466.319811;
0.870948;367.421348;
1.045092;408.952534;
1.088012;443.512046;
1.067267;391.946776;
1.108319;466.674263;
1.034813;385.565818;
1.065701;466.762279;
1.078369;458.508788;
0.937274;395.811014;
1.173431;466.928444;
1.011443;408.993010;
0.885467;350.106380;
0.918691;376.153720;
1.084882;408.742699;
1.120048;444.293378;
1.127878;467.151727;
0.715502;301.783306;
1.050557;418.060909;
1.108257;467.980603;
0.695487;269.701987;
0.967728;400.512789;
1.143837;468.102112;
0.918171;358.214793;
1.142876;469.000040;
1.151474;469.049337;
0.973502;404.082022;
0.719585;285.041203;
1.116745;465.486303;
0.936126;407.854884;
0.875566;363.383187;
1.077211;451.222035;
1.116340;469.088992;
1.122518;469.391035;
1.053227;455.615534;
0.894740;363.493790;
0.743759;297.810751;
1.084561;469.433747;
0.781646;302.741161;
0.845801;324.124299;
0.877936;358.158717;
0.930197;351.842214;
1.134520;458.386711;
0.806676;307.653247;
1.185156;469.583948;
0.856097;337.930358;
1.101164;431.503906;
1.042132;426.675441;
0.980231;393.298860;
0.940853;387.827741;
1.089445;438.830421;
1.009656;376.234809;
1.011539;358.393680;
1.160137;469.877118;
1.116577;470.031030;
0.750058;303.715433;
1.107121;447.650244;
0.794314;279.724950;
0.982463;386.094360;
0.864767;346.593205;
1.199828;470.194884;
0.899118;335.468854;
1.166821;470.533021;
1.101989;470.943534;
1.096265;425.987129;
1.161281;471.636232;
1.094707;435.953634;
1.150655;471.975931;
1.230768;471.907630;
0.954631;401.043524;
0.819379;327.903464;
0.593967;233.835889;
1.045827;428.744542;
1.199679;472.042323;
1.149926;472.923717;
1.142653;472.928615;
1.104111;473.256515;
0.878728;358.375527;
1.216908;473.479598;
1.076836;434.792996;
1.137392;474.546883;
1.156594;473.838508;
1.007534;399.496305;
1.181972;475.602671;
1.029603;423.730493;
1.119212;420.003056;
0.933543;371.459684;
0.870949;353.823173;
1.289352;475.626503;
0.856545;352.573141;
1.252421;475.978871;
0.679907;280.204579;
0.958549;383.380672;
0.975362;387.923148;
1.090040;447.593883;
1.161003;476.778476;
1.032349;407.405753;
1.165460;477.023875;
1.234646;477.056752;
0.994751;411.564173;
1.002514;415.644316;
0.812436;306.709203;
1.046348;410.610608;
1.045529;426.774926;
0.970462;411.102637;
1.094636;477.124133;
0.989631;395.191416;
0.878924;357.387889;
1.014469;424.780509;
1.087084;432.031747;
1.186175;477.226970;
1.134946;477.779652;
0.762014;298.925692;
0.990439;346.312398;
0.849135;304.970147;
0.976189;411.524871;
0.744697;301.765838;
1.029055;421.573649;
1.123655;446.606206;
0.484182;186.607925;
1.152841;440.405261;
1.183958;478.053482;
1.227454;478.699665;
1.161867;478.707192;
1.204944;479.193939;
0.778331;301.264004;
1.064481;380.629632;
0.929265;370.180091;
0.955760;405.541702;
1.100608;479.581174;
1.134035;448.596713;
1.137928;480.383803;
1.192213;480.262228;
0.945137;379.469638;
0.767898;305.327119;
1.134508;480.475533;
1.215269;480.681291;
0.772082;302.616240;
1.076527;353.203441;
1.129710;434.393889;
1.242125;472.023214;
1.223319;480.860854;
0.935489;384.703066;
0.840326;313.163076;
1.020072;392.560261;
0.579700;249.127758;
1.092219;429.809056;
0.928510;365.392225;
1.031594;426.332301;
1.083555;481.115436;
1.179152;481.011028;
1.155184;481.123095;
1.120299;441.086938;
0.582302;243.803382;
1.414554;481.514539;
0.905368;376.991137;
0.931662;386.036206;
0.960591;369.102141;
1.038205;432.700095;
1.142821;481.608232;
1.145483;454.802170;
1.131290;481.997058;
0.901562;381.840477;
1.255083;481.820522;
1.095644;448.272054;
1.132312;482.075765;
0.827814;338.091401;
1.281136;482.078132;
0.905304;384.189388;
1.035374;404.173586;
1.197358;482.100173;
0.979958;399.045425;
0.760006;313.470603;
0.980779;394.514233;
1.016566;420.378354;
1.305753;482.217881;
0.684394;282.661778;
0.793887;292.501494;
1.216885;482.228895;
1.208322;482.526842;
1.033498;390.051440;
1.144414;482.819167;
1.158192;483.379202;
1.217468;483.024085;
0.707496;293.038551;
0.566046;230.450989;
1.090237;448.375430;
1.164650;483.454847;
1.187478;483.657300;
1.113125;483.867533;
1.299761;483.645248;
0.952191;395.130224;
1.111605;454.862806;
0.693650;266.125346;
1.193001;484.271500;
0.908593;337.308954;
1.095993;412.513535;
1.196566;484.318843;
0.956719;370.480549;
1.081392;444.525262;
1.123196;472.519722;
1.138189;475.735062;
1.055445;450.188831;
1.070037;452.129624;
0.713061;305.682828;
1.304760;484.423255;
0.887049;382.194513;
0.793904;313.210160;
1.119522;434.858907;
1.024239;437.257455;
1.144517;481.864599;
1.048962;452.122208;
0.860665;340.840616;
1.281035;484.663358;
1.143463;484.789269;
0.958799;400.694501;
1.170432;484.925184;
0.892455;357.616322;
1.214931;484.945715;
1.146804;485.015469;
1.157558;485.290377;
1.027292;398.725968;
0.832984;337.666850;
1.225282;486.168999;
1.210950;486.284101;
1.208362;486.356494;
1.169870;486.478776;
0.871301;336.614327;
0.644478;259.785802;
1.036836;425.775746;
0.467662;195.481116;
1.178961;476.001173;
1.011744;416.695207;
1.129508;446.986827;
1.113479;423.862737;
1.127066;486.547908;
1.241149;486.666682;
1.097000;475.418848;
0.848346;351.557767;
0.949157;410.691365;
1.082347;439.415553;
0.783763;329.051044;
1.154777;486.849206;
1.307865;477.312523;
0.738832;297.575503;
1.273111;486.888558;
0.945267;376.663292;
0.716681;283.174613;
0.984167;391.708782;
0.962409;397.699185;
1.160649;487.369523;
1.209882;487.978897;
1.027501;424.333636;
0.983022;430.462450;
1.199089;488.266336;
0.974772;365.618217;
1.173647;488.309557;
0.834142;344.831193;
1.027016;430.558903;
1.068361;442.306939;
0.769926;318.853171;
1.109196;468.582778;
0.692636;269.442689;
1.174410;488.757593;
1.238844;488.730295;
0.835437;348.030007;
1.024486;381.851639;
0.732626;324.421774;
0.941118;411.860806;
1.032432;418.367719;
1.023050;445.568508;
0.908520;354.795074;
1.191551;457.994130;
0.710077;296.599253;
1.070247;444.550645;
1.082391;455.516753;
1.182600;422.165017;
0.957094;384.719851;
0.504484;204.231516;
1.161675;472.050726;
1.166563;480.087182;
0.860512;321.828887;
0.441761;157.647850;
0.788281;330.932407;
0.817497;342.005838;
0.947833;375.043846;
0.999304;414.446275;
0.817430;353.877347;
1.044079;418.659717;
0.832304;323.590526;
1.168023;488.807390;
0.891232;363.858648;
0.858798;320.450730;
1.087733;444.002526;
1.180322;488.968084;
0.806433;267.660776;
1.200908;489.023645;
0.811011;338.075753;
1.172403;489.153867;
0.748254;311.712678;
0.629908;247.423794;
1.089947;460.085725;
1.207199;489.529804;
0.698960;275.282828;
1.235062;489.684325;
1.323427;489.734776;
1.192076;489.902709;
0.564363;219.132170;
0.767521;306.990106;
0.805213;319.858994;
0.984635;410.817805;
1.073286;436.070906;
1.097836;457.235623;
1.174689;490.210425;
0.865705;364.928579;
1.128442;463.098259;
1.121505;420.473146;
1.121882;473.736682;
0.984107;363.182019;
1.192988;490.246880;
0.786597;297.280009;
1.145396;414.147507;
0.836091;321.974589;
0.865881;365.456568;
0.903811;371.158602;
0.964166;369.491972;
0.802665;322.719123;
1.170145;490.389986;
0.821276;344.405145;
1.054431;440.875986;
1.152262;474.264610;
1.179091;452.175148;
1.022657;428.712783;
1.034064;397.429935;
1.167843;490.603028;
0.826548;345.412479;
0.782712;336.852194;
0.965393;363.268424;
0.599497;237.411194;
1.133295;427.451676;
1.003457;405.208795;
1.076171;451.610615;
0.691188;265.722569;
0.914266;382.372016;
0.943260;401.595057;
0.716494;275.816316;
1.088736;461.024042;
1.103696;428.610947;
1.079909;467.103653;
1.162033;476.663061;
0.829021;335.281189;
0.992320;363.266130;
1.052951;427.339025;
0.973153;400.388228;
0.716012;303.930917;
0.995503;379.554632;
1.089925;463.089093;
0.951287;393.374820;
1.143234;457.416160;
1.207287;483.654935;
1.107935;490.753446;
0.798605;320.025913;
0.949979;328.210120;
1.016274;429.072887;
0.742470;309.720422;
1.059447;418.885378;
1.107260;466.075072;
0.832355;345.144883;
1.232328;490.971475;
0.904359;379.679044;
0.695901;283.656334;
0.976616;409.133500;
0.991896;412.332344;
0.933234;390.622588;
1.146416;491.174776;
1.207923;482.529693;
1.209285;491.576622;
0.865325;327.351409;
0.765458;329.953795;
1.090678;465.800454;
0.859641;314.190883;
0.851417;353.207353;
0.948129;378.970724;
1.068291;472.306314;
1.189920;492.019925;
0.843258;335.944828;
1.118223;467.379291;
0.935703;384.170798;
0.900282;382.072159;
1.047984;437.427963;
1.090439;479.566504;
1.183804;487.425229;
0.912283;378.243732;
0.934829;378.341788;
1.163879;418.119979;
0.857161;350.744666;
1.210769;459.819413;
1.170804;479.968104;
1.165056;463.521633;
1.096534;440.368216;
0.815711;322.731936;
1.142968;444.338089;
0.915578;381.176516;
0.987098;386.291960;
0.951308;397.849163;
1.120730;451.860351;
1.100993;452.146127;
0.673681;263.164945;
1.245623;470.772458;
1.178820;487.692129;
0.908368;365.891704;
1.029374;406.719538;
1.157273;432.148879;
1.060197;433.526757;
1.133631;452.086598;
1.089238;451.420796;
1.229011;477.235967;
1.154864;490.676491;
0.925333;362.105287;
1.056237;421.560442;
1.014910;421.676830;
1.019401;429.644056;
1.058835;435.790983;
1.110594;437.865979;
0.957591;375.443564;
0.947557;367.041315;
0.741287;303.884936;
1.175451;485.176325;
1.201298;487.264817;
0.976178;414.095052;
0.976787;387.550409;
1.230763;492.354792;
0.798358;319.002644;
1.192779;473.411184;
1.145221;492.649235;
0.915027;385.383943;
1.053046;411.834197;
1.089004;459.063497;
1.301833;492.652473;
1.065052;419.531596;
1.070960;428.412960;
0.732937;296.339770;
1.253063;492.912872;
0.906956;390.434941;
0.945202;383.375587;
0.948816;409.857265;
0.982559;415.334362;
1.123482;444.931532;
1.155598;467.980757;
1.036713;422.824919;
0.875133;364.772896;
0.913570;381.931810;
1.375397;493.392970;
1.201603;474.834750;
1.279195;493.470078;
1.150545;493.273080;
1.090436;437.200638;
0.976839;416.862263;
1.030528;409.470741;
0.872771;364.705528;
1.133477;463.699417;
1.177982;493.473206;
1.209172;476.381027;
1.032510;441.391793;
1.071231;427.559403;
0.605591;247.140269;
1.068831;423.030135;
1.079264;456.164655;
1.154609;466.332683;
0.860836;337.193339;
0.936649;366.078719;
0.869193;360.131262;
1.181436;493.475522;
1.207066;461.662566;
1.106203;464.614435;
0.939466;371.515675;
0.601730;244.689538;
1.189250;485.349443;
1.075217;467.061355;
0.607812;251.507344;
1.247726;485.108600;
1.011985;418.988633;
1.316116;484.926987;
0.912770;380.042034;
0.844565;341.833213;
0.942145;392.869194;
1.034580;416.702397;
1.169759;493.557297;
1.083656;460.865605;
1.134480;494.353283;
1.225687;494.398602;
0.826779;362.981227;
0.783734;335.290635;
1.183639;494.416832;
1.241181;494.644246;
1.110059;456.682570;
0.862845;359.634847;
1.226560;495.199827;
1.058108;450.041875;
0.775624;311.527773;
0.856536;359.393633;
0.830549;339.116507;
1.051718;426.801383;
1.268979;488.486239;
1.178776;470.075639;
0.895720;348.039368;
0.961136;363.022522;
0.874543;341.392667;
1.092632;432.155043;
0.849488;363.348055;
1.124437;454.857125;
1.120369;496.399800;
0.862781;341.617324;
1.001674;415.256682;
0.975690;387.210946;
1.196275;497.009665;
1.238521;497.501119;
1.159525;472.288287;
1.212676;466.297131;
1.131339;464.456234;
0.871753;369.798749;
0.908001;370.128388;
0.827143;342.049337;
0.750055;319.944592;
1.221398;497.609887;
1.250021;497.749718;
0.839103;342.321037;
1.155782;447.316549;
1.203432;498.073593;
1.078935;329.314720;
0.712769;291.819974;
1.003514;419.299008;
1.126267;425.822190;
0.805581;349.338737;
1.118554;498.249042;
0.984805;397.026545;
0.984632;430.738373;
1.153827;498.263535;
1.174903;498.992974;
1.224870;498.931326;
1.181444;467.924221;
1.143850;485.793211;
1.166186;486.866368;
0.835186;359.244411;
1.085830;474.544433;
0.762489;281.957211;
1.224785;494.424151;
1.029905;437.145523;
1.077369;424.205281;
1.092600;411.961436;
1.292248;499.030414;
0.917138;356.399921;
1.472135;497.535037;
0.652360;262.177402;
0.938798;380.434274;
0.920032;366.129458;
0.866591;381.189901;
0.629562;225.838557;
1.183423;475.113037;
1.134656;475.161157;
1.176223;480.121059;
0.746093;299.593426;
1.085576;415.037567;
1.079507;464.742304;
1.005150;412.828123;
1.242878;486.819921;
1.142939;452.291861;
1.214795;473.535431;
1.125476;492.239551;
0.772735;320.684390;
1.282800;499.081491;
1.124802;435.355790;
0.825550;354.322298;
0.862403;367.631225;
1.055074;436.935121;
1.163995;499.764700;
1.228922;499.417914;
1.239774;499.920464;
0.605469;237.570213;
1.199259;500.069232;
1.280833;500.137335;
0.629231;256.716129;
0.947533;367.607681;
0.780917;320.249226;
0.998072;386.367015;
1.059266;448.031011;
1.150856;432.665667;
0.997961;384.893183;
1.005286;418.710869;
1.158888;470.379061;
1.228991;491.367827;
1.303558;497.062665;
1.030782;406.892228;
1.206418;500.224144;
1.073149;405.501732;
0.777530;329.505658;
1.050106;427.773350;
1.091674;456.407201;
1.203354;500.305215;
0.733576;287.326311;
1.140542;458.559796;
1.188614;480.420730;
0.714689;306.800722;
1.203508;500.835097;
0.927693;381.669538;
1.182793;500.856561;
0.769523;310.449522;
1.191871;501.003396;
1.151558;456.842086;
1.157842;465.255057;
0.907760;328.904845;
1.277006;501.048433;
1.160958;454.356873;
1.195655;501.157018;
1.045684;460.155158;
0.810877;326.712785;
1.175491;501.568253;
0.981336;413.571096;
1.158485;461.120657;
0.964438;406.700070;
1.034026;419.302796;
1.203569;501.795382;
1.213684;501.850282;
1.122507;452.081171;
1.130110;461.849828;
0.789586;334.611270;
1.400527;477.322823;
1.116831;457.385761;
1.135259;468.917729;
0.569830;223.540112;
1.030962;410.060270;
0.954977;391.680032;
1.122339;469.051882;
0.740706;310.587105;
0.992774;438.819597;
1.079799;399.797603;
1.081938;443.907798;
1.066776;444.375164;
1.165501;477.687598;
0.817552;337.665907;
0.771100;337.137570;
0.614408;260.467679;
0.840760;345.881682;
1.013554;409.533693;
1.212192;487.947063;
0.944157;400.014987;
1.219923;497.639386;
0.984999;404.041930;
0.794170;331.622061;
1.119655;450.998264;
0.737314;297.662849;
1.117260;448.828811;
1.142241;479.617233;
1.354464;501.871650;
1.005637;416.888433;
0.985219;354.221528;
1.319274;502.361686;
0.497375;193.898115;
1.256751;503.806657;
1.282194;504.499274;
0.739000;306.227371;
0.986277;376.259238;
1.173582;493.604336;
0.956173;393.682414;
0.916266;377.691210;
1.024662;383.336435;
0.652647;267.486351;
1.158040;488.189536;
0.755130;316.898255;
1.201451;504.988591;
0.787961;321.365003;
0.933924;380.017553;
0.864340;359.183991;
1.014003;422.490424;
1.007295;440.313511;
0.688528;283.377208;
1.124148;469.924431;
0.956041;374.134007;
0.954913;391.296355;
1.019622;429.849817;
0.973651;414.629425;
1.259994;485.703010;
1.201930;505.229249;
0.950522;381.022976;
0.940214;394.048464;
0.825634;361.943992;
1.040317;431.642290;
0.994726;403.512300;
0.946660;383.388655;
1.104883;465.807345;
1.168869;474.637985;
1.053953;420.860977;
1.156437;477.144930;
1.203508;480.447307;
1.186198;481.718044;
0.810387;344.732467;
0.857661;343.912130;
1.254488;505.293021;
0.949958;344.239787;
0.914195;349.816374;
1.023827;416.120378;
0.948209;369.708910;
1.160844;444.228406;
0.960266;401.857534;
1.194228;505.994452;
0.842497;332.910293;
1.107944;444.661936;
1.161058;470.921087;
1.162528;506.045827;
0.922437;375.274793;
0.960538;398.498449;
0.651542;286.565829;
1.145158;483.898935;
1.276110;506.232506;
1.157754;473.126690;
1.185729;490.446934;
0.924526;365.805772;
1.074842;437.873149;
1.150537;476.876053;
1.063887;427.938986;
0.648342;271.476391;
0.947786;402.108993;
1.261936;480.757774;
0.876854;351.729311;
0.901609;362.744611;
0.877722;306.482104;
0.945197;356.013325;
1.119452;423.690186;
1.167492;494.403553;
1.131609;385.660837;
1.149563;451.475301;
1.159805;482.160557;
1.156848;473.671021;
1.202797;480.963837;
0.644943;276.299311;
0.989367;382.984623;
1.383438;501.347944;
0.850431;347.264812;
0.978863;434.886590;
0.706877;271.540193;
0.887400;351.697310;
1.171120;499.349802;
1.287748;502.363141;
1.270501;505.384844;
0.796447;320.654327;
1.162703;506.119310;
0.982800;413.551785;
1.175623;506.774531;
0.950685;388.623040;
1.016200;422.148838;
1.024831;432.547858;
1.081326;442.802465;
1.114517;448.842988;
0.939296;404.997464;
1.180515;451.120848;
1.223742;501.522031;
1.234785;492.178306;
1.044658;412.837531;
1.146333;482.404329;
1.250303;507.353015;
1.040794;371.763163;
1.083803;426.185512;
1.047760;434.220445;
0.930552;402.908795;
0.849725;355.755190;
1.184887;474.571408;
0.956633;390.447998;
0.875287;346.456411;
1.058793;445.972604;
1.089584;447.705403;
1.149177;420.868233;
1.256933;507.458148;
0.954615;408.437547;
0.886632;351.979592;
0.769473;327.114737;
1.081663;469.501836;
1.266581;507.472125;
1.202519;471.040982;
0.826910;325.560547;
1.214681;507.694825;
1.191762;507.785985;
0.958589;391.701238;
0.751418;296.956167;
0.969808;438.875248;
1.104404;432.160514;
1.292063;500.378541;
1.195149;507.795531;
1.238851;467.861382;
1.199618;508.142915;
0.938020;365.001129;
1.186953;501.938730;
1.226580;508.841106;
1.326469;508.580450;
0.888166;337.993937;
0.937708;347.427724;
0.862710;345.043666;
0.901950;365.865254;
0.885417;370.350941;
0.947592;399.787967;
0.811558;358.096374;
1.026352;424.192611;
0.942252;389.500217;
1.212981;501.502581;
0.871786;370.741967;
1.175289;457.319942;
0.869845;368.489929;
1.247182;475.994918;
1.213410;509.148416;
0.900614;375.142909;
1.147715;427.742527;
0.711172;296.693111;
0.830334;336.847021;
1.120820;394.109053;
1.124662;446.814981;
0.989034;376.266279;
0.803502;352.826388;
1.150180;464.077189;
0.642303;277.856822;
0.992217;403.645390;
1.012088;420.226777;
0.889745;333.865212;
1.110424;452.148900;
0.982212;379.069576;
1.226177;483.841703;
0.949218;379.398199;
0.838756;346.915795;
1.171392;505.329986;
1.073307;430.780124;
0.895268;382.243512;
0.777555;311.873078;
1.251854;509.425464;
1.255020;509.470587;
0.905209;391.103595;
1.197203;510.022066;
1.002481;409.176214;
1.108362;447.829158;
1.004733;428.624504;
1.219999;469.647447;
0.785152;341.704843;
0.977432;419.662505;
1.086627;468.174121;
0.954974;372.194708;
1.156800;440.422638;
1.185351;470.655072;
1.178717;510.065386;
0.968477;403.390090;
0.986922;422.830318;
1.078237;430.359534;
1.037135;430.247220;
0.669642;287.713662;
0.976213;400.207411;
1.103541;435.391229;
1.102429;457.170673;
0.951709;392.010489;
0.841260;353.896065;
0.866775;359.770836;
1.143004;434.323204;
0.958414;382.784718;
1.121367;450.684841;
0.989316;413.324432;
0.726985;304.531536;
1.003586;418.029768;
1.118709;450.849941;
0.763210;324.099741;
1.120483;452.854800;
1.194240;491.175516;
1.287730;510.096082;
0.621861;258.998075;
1.062257;425.649595;
1.097210;458.873536;
0.639073;235.817039;
1.080577;431.084796;
0.732714;284.639277;
0.914385;387.728650;
0.920355;369.850336;
1.019913;425.340732;
0.710949;296.728560;
1.101406;449.011967;
1.344852;510.240502;
0.806084;332.307821;
0.967846;405.003915;
0.995887;437.562779;
1.243957;510.248940;
0.916392;372.881726;
1.125674;462.800469;
1.155339;484.814817;
1.183739;510.273799;
0.999501;368.590287;
1.001833;413.206334;
0.459845;197.400008;
0.970237;424.846375;
1.270304;510.840368;
1.356904;482.230006;
1.103593;465.192860;
1.062242;471.060141;
1.247245;511.230842;
1.282774;511.413740;
1.241323;468.284018;
0.797097;336.707002;
0.942543;391.355051;
1.238702;511.476127;
0.703795;284.135504;
0.730506;327.685680;
1.288606;511.758221;
1.331456;511.655570;
1.232512;511.794777;
0.750717;325.639409;
0.742262;303.362822;
0.940278;391.996484;
0.616456;238.215580;
1.162613;495.192330;
1.300907;512.007202;
0.998864;411.437738;
1.165106;454.081907;
1.190997;485.137981;
1.124994;460.275118;
1.237945;512.201841;
1.114241;448.766078;
0.903542;362.618716;
0.915399;355.761208;
1.049860;388.695747;
0.953072;381.169074;
0.963004;386.797422;
1.049499;418.180132;
1.200988;476.553287;
1.158893;479.011633;
0.880787;347.553322;
1.214938;495.897596;
0.979741;357.993065;
0.961389;384.125826;
1.273218;507.848775;
1.020816;384.500764;
1.098174;403.771400;
0.811756;316.933241;
1.245007;500.964626;
1.358556;512.290715;
1.252871;513.376628;
1.108529;473.563682;
0.929349;371.658125;
0.904908;385.284146;
0.788048;309.919936;
1.193612;490.983531;
1.246830;487.966769;
0.803001;319.248951;
0.842432;290.133925;
1.291016;513.706004;
0.892399;345.996992;
0.958746;381.329189;
1.298348;513.961767;
1.247589;514.123539;
1.054920;468.715009;
0.828721;328.772560;
1.071175;429.969624;
0.794280;325.526895;
1.207249;477.510130;
0.874438;355.741413;
1.230857;496.518705;
1.240151;506.337468;
0.894550;363.920666;
0.997079;388.153654;
1.229146;514.231720;
1.258669;514.514212;
0.728062;288.391476;
0.991421;399.937445;
1.071226;452.431253;
0.899672;331.480869;
1.162776;442.172602;
1.120740;437.103613;
0.610664;250.138334;
1.073114;403.596877;
1.186880;486.371546;
1.163554;514.517692;
0.975364;416.961377;
0.960368;425.785791;
1.070341;405.408057;
1.072319;445.434808;
1.025877;427.386247;
0.983157;402.391880;
0.870608;366.672832;
1.031801;414.542891;
1.031753;431.185379;
1.105584;452.135156;
1.026223;419.961781;
1.150149;485.647582;
0.791132;318.636227;
0.704184;313.202179;
1.181461;493.605886;
1.178523;461.757016;
1.125837;471.467434;
1.210531;497.287891;
1.032633;394.382015;
1.049413;439.733733;
0.876701;316.748811;
1.064217;473.461641;
0.930347;382.226807;
1.342971;514.611944;
0.894774;345.376817;
0.811120;347.399823;
1.059113;424.290319;
1.120879;472.729750;
0.618607;222.202517;
0.721967;277.858172;
0.993820;362.431144;
0.839800;344.847466;
1.186335;469.821194;
0.932779;383.495742;
1.121931;466.546722;
1.326653;502.664344;
0.929188;315.983507;
0.896887;369.482549;
0.953294;401.570515;
1.246021;482.534735;
0.841171;334.670948;
1.109465;490.354628;
1.275667;508.274339;
1.160964;513.906283;
0.951962;350.175966;
1.213628;512.231046;
0.927160;355.205380;
1.233527;514.883051;
0.880517;349.609002;
1.268445;486.328102;
1.199098;503.848660;
1.178463;505.995420;
0.878427;370.227592;
1.322056;505.875725;
1.100926;458.673421;
1.039614;403.760254;
0.731037;283.252458;
0.880631;367.140397;
1.097117;459.527284;
1.133865;442.685005;
1.005433;426.249204;
0.873185;348.454337;
1.214417;474.451364;
1.284350;515.003592;
0.773457;326.598246;
0.422901;174.333442;
1.039992;397.949149;
1.204348;475.602137;
1.160938;502.624109;
1.274063;515.015928;
1.139627;458.179410;
0.940451;366.417864;
1.245545;468.907112;
0.757790;311.508507;
0.663235;268.477613;
0.883167;373.347965;
0.957687;323.989727;
0.861846;360.299848;
1.017446;392.569257;
1.035186;417.292736;
1.205645;484.184659;
0.762768;304.290838;
1.104757;431.627400;
1.247151;503.243237;
1.269458;515.464540;
1.001475;418.244213;
0.912110;266.493540;
0.929163;334.323668;
1.144971;462.554837;
1.240697;516.655418;
1.294189;515.681001;
1.354285;497.217031;
0.935892;372.629039;
1.271917;517.104064;
0.812834;331.913330;
1.019572;426.997955;
1.009549;429.637542;
1.087604;459.652976;
1.015509;424.211256;
1.249008;500.349898;
1.304622;510.192568;
0.861887;360.926889;
0.952012;359.763112;
1.127979;448.167550;
0.970357;407.794441;
1.089777;451.211731;
1.060509;436.153480;
0.907051;367.402782;
1.016920;417.695708;
0.862872;358.899139;
1.127354;475.604948;
0.775141;313.692745;
1.180417;484.401206;
1.170068;490.756768;
1.183407;473.753088;
0.711917;277.525087;
0.971600;373.142160;
0.790398;342.570067;
0.914510;392.895174;
0.807389;311.597064;
1.339410;517.107832;
1.264698;503.076898;
1.291914;517.129302;
0.881418;382.887319;
1.194332;443.610903;
0.816436;336.350732;
1.118079;456.580767;
1.301231;506.650044;
1.220520;517.261698;
0.966237;381.163012;
0.998799;406.952606;
0.615056;242.506376;
0.839967;342.845579;
0.981140;407.561123;
0.770203;303.816292;
1.057111;411.733207;
1.089421;430.285915;
0.625637;272.319495;
1.090753;441.387864;
0.876287;318.828198;
0.919336;364.665837;
1.093658;473.517056;
1.023544;422.817788;
1.172796;483.369257;
1.243329;502.843027;
0.829070;348.791511;
0.913108;381.822946;
0.965727;384.016899;
0.922037;388.275221;
0.817006;327.787257;
0.721240;299.344731;
1.299233;517.332673;
1.275334;517.338396;
1.200841;474.996957;
0.829000;354.852940;
1.268000;517.367484;
1.181233;493.600864;
0.855884;361.871360;
1.326961;517.371840;
1.074546;477.182262;
1.089222;449.088432;
1.274150;517.623078;
0.993065;375.345409;
0.951927;401.943764;
1.172606;517.746366;
0.912527;366.230517;
1.038010;425.049676;
0.899269;371.468042;
1.232154;517.988634;
1.221845;518.068834;
1.305116;518.019821;
0.958023;368.972532;
1.201646;494.430104;
1.366521;518.312482;
0.844123;372.171868;
1.043838;398.434569;
1.314322;511.833008;
1.281028;518.714637;
1.026417;430.555364;
0.883622;368.357547;
1.079710;393.334324;
0.953009;350.540582;
1.033219;390.383822;
1.156846;483.287814;
0.755860;280.823088;
1.220104;495.256953;
1.258704;507.372514;
0.889665;352.657832;
1.064914;437.101556;
0.752588;314.192486;
0.815198;334.161884;
0.957846;381.481837;
0.603891;251.562896;
1.086139;409.235672;
1.032804;432.372617;
1.239194;514.670818;
1.192083;497.658333;
1.106509;428.302315;
0.920533;355.805399;
1.236663;518.755825;
1.194632;502.509601;
1.248227;518.781947;
1.020886;406.857539;
1.173486;443.168684;
1.221481;511.194816;
1.035311;406.096517;
0.887468;354.449734;
1.072151;439.147869;
0.718562;287.842040;
1.022911;428.131043;
1.272587;518.840150;
1.245808;518.841400;
0.872981;355.135455;
1.250867;477.521894;
1.076575;453.370753;
1.142575;471.665301;
1.176615;483.521153;
1.184609;495.940151;
0.901125;347.815663;
1.204707;518.874460;
1.007678;411.848772;
0.889529;296.810847;
1.222189;506.710232;
1.180778;465.964108;
1.363438;519.109047;
1.186358;476.191385;
1.248248;499.765988;
1.328545;519.233466;
1.221268;519.329973;
1.222982;519.494710;
1.030960;416.537724;
1.053820;428.104300;
1.006118;398.797599;
0.877405;359.118529;
1.058625;438.085015;
1.179421;481.157804;
1.274789;510.750255;
1.140159;421.678572;
0.934597;375.943453;
1.031063;412.843110;
0.977932;395.514647;
0.805300;344.595874;
1.019438;420.590110;
1.062930;436.884403;
0.960683;387.390072;
0.760879;299.003561;
1.117889;466.657586;
0.754410;305.999194;
0.780779;300.070537;
1.181944;480.605148;
0.896624;360.955730;
1.020381;395.296341;
1.149982;478.408620;
0.698911;294.235789;
1.315565;496.805609;
0.888602;359.109107;
0.890482;353.077884;
0.930191;378.986747;
1.126916;440.761513;
0.797416;323.142471;
1.091989;469.451458;
1.208219;470.430308;
1.313417;480.757892;
1.095640;407.640498;
0.984664;412.655595;
1.098317;430.909664;
1.193509;508.832816;
0.962061;407.844524;
0.829385;340.314975;
0.727163;311.034710;
1.049416;415.718803;
1.010831;401.898701;
1.061570;450.945039;
1.152245;479.319066;
1.150146;473.133038;
1.149266;489.573448;
1.287307;519.516383;
1.018894;381.835719;
1.229474;494.556744;
1.092578;480.561899;
1.112960;468.412310;
1.159120;491.335096;
1.048914;430.950572;
1.022135;393.169271;
1.163148;498.898254;
1.034135;443.433666;
0.825796;341.446576;
1.122073;432.995205;
1.190310;458.731454;
1.045354;441.343410;
1.083825;436.541346;
0.999383;400.748630;
1.105147;478.747643;
1.020881;376.362824;
0.796804;341.348363;
1.310485;506.483856;
1.044886;379.622236;
1.180531;480.863249;
0.999922;401.856520;
1.165401;473.457129;
1.148682;479.222150;
0.889321;340.187738;
0.823122;368.646992;
0.894833;372.094845;
1.161793;480.342074;
0.827190;340.092748;
0.958894;376.904612;
0.989064;421.327031;
1.237858;519.523994;
0.747184;307.304627;
0.690186;275.617081;
1.153983;466.590062;
1.278067;508.063860;
1.260203;519.813389;
0.867029;365.764570;
0.961009;415.632132;
1.041952;380.918471;
1.207887;487.195779;
1.063555;417.054030;
1.241050;519.920183;
1.226457;519.988339;
1.279663;519.976135;
0.890236;383.518116;
0.958611;393.240116;
1.097797;468.276355;
0.946021;383.402179;
1.019040;419.818329;
0.825109;343.297442;
1.288984;512.368886;
0.808146;336.976203;
1.022214;420.899122;
0.965501;389.574474;
0.865409;329.956426;
1.234404;439.485482;
1.027655;434.289388;
0.604997;213.028713;
1.192117;519.602095;
0.900247;375.732220;
0.877741;369.430481;
0.734219;303.803721;
0.918991;386.881237;
0.794736;340.347869;
1.283498;495.407051;
1.110798;449.805958;
0.806069;330.065553;
1.295316;519.991154;
1.351327;502.078995;
1.147451;434.923339;
1.018505;376.527338;
1.116555;429.664700;
0.965913;394.350058;
1.025133;432.141509;
0.739699;315.955075;
1.060277;462.508869;
0.680059;279.280574;
0.555462;214.152540;
0.933139;353.929486;
0.876203;340.123483;
1.105236;471.373177;
1.109094;479.299379;
1.186028;495.696786;
0.815537;332.570866;
1.369236;508.067177;
1.022063;404.879570;
0.886798;352.412227;
1.129724;446.353719;
0.963547;394.319500;
1.096329;434.938726;
1.164256;490.543192;
0.980462;393.060159;
1.008199;425.664294;
1.195135;490.564786;
1.287518;502.841856;
1.024678;395.091983;
0.991175;407.694685;
0.629295;249.182006;
1.261570;520.155255;
1.360178;520.131257;
0.856585;345.007318;
1.040033;407.821729;
0.788135;331.439304;
0.654587;270.412360;
1.184604;487.139393;
0.980137;398.309311;
1.226238;496.993066;
0.819558;320.922718;
0.837480;333.874655;
0.850526;348.466815;
1.195788;491.537156;
0.977128;384.527984;
0.934720;396.706558;
1.198989;469.221687;
1.191738;512.504399;
1.083251;439.411469;
1.028152;440.838603;
1.147377;477.663392;
0.627915;261.204582;
1.315950;520.638017;
1.332104;520.847639;
1.373376;520.599467;
0.993733;371.995472;
0.948041;382.521066;
1.013693;414.464826;
0.810828;321.643531;
1.001105;418.783768;
1.055088;438.992985;
1.142052;441.242525;
0.763449;317.868961;
0.995609;325.761352;
0.896938;356.982374;
0.950059;399.697416;
1.130040;450.366552;
1.253936;520.890771;
1.217511;520.918266;
0.974626;376.594636;
1.350262;521.076604;
1.144441;487.767846;
1.044866;422.861948;
0.998369;381.541099;
0.951305;379.817017;
1.222681;521.108090;
0.963764;378.346616;
1.019107;417.447574;
1.210091;504.486461;
1.090581;460.058067;
1.180173;489.120024;
0.600386;239.285039;
1.346007;521.143544;
0.669776;270.693678;
1.130986;477.732061;
0.923038;378.271697;
1.012082;429.908684;
1.246094;521.152992;
0.776785;320.058123;
1.321964;471.270261;
1.347485;519.414861;
1.280701;491.067283;
0.977806;405.116820;
1.101541;454.445583;
0.709497;294.135999;
0.815435;315.753568;
0.944220;365.798709;
1.192032;449.406761;
1.182307;504.036617;
0.961570;390.910946;
0.902607;379.368745;
0.954785;358.387026;
0.891580;355.865911;
0.969931;402.068001;
1.145215;476.267786;
1.148959;492.387206;
1.063792;427.853311;
1.273747;521.280578;
1.077529;431.306380;
0.936045;365.192475;
0.895173;382.505481;
1.100020;432.697165;
0.922057;354.209522;
1.194286;454.101569;
1.011105;419.874619;
1.114146;464.093370;
1.152909;454.454561;
0.890245;362.522276;
0.947541;387.256805;
1.253341;489.975939;
0.862849;334.911867;
1.198881;488.891311;
1.001058;412.297857;
1.205452;453.760170;
1.214954;478.909045;
0.858013;323.393920;
0.882786;352.312954;
1.204105;482.909258;
1.057103;422.470048;
0.762368;297.982567;
0.758457;312.488769;
0.862407;349.671196;
0.792095;329.393434;
0.603064;220.627874;
1.188930;488.193697;
0.804000;320.660126;
1.195911;492.125534;
1.126496;493.299804;
1.164765;505.151803;
1.247340;508.055211;
0.983788;344.012273;
0.773649;241.877834;
1.309391;512.739231;
0.959732;411.255807;
1.091430;474.491586;
1.327132;521.355221;
1.304133;521.386412;
1.211191;521.412645;
0.925483;342.385534;
1.233707;521.438903;
0.617300;251.233308;
1.061682;436.333579;
0.958452;396.457330;
1.020728;404.090190;
0.847382;319.095936;
0.783726;286.588885;
1.281129;521.573170;
1.254919;521.615081;
0.933761;379.396591;
0.667191;266.088242;
1.057344;425.034021;
1.093048;429.454743;
0.953758;358.121873;
0.845431;350.957977;
0.756111;323.763628;
1.245399;488.931515;
1.295163;521.677490;
1.016680;427.826998;
1.264153;521.799453;
0.851955;340.271575;
0.904136;357.589266;
0.867877;358.313152;
0.924107;385.863926;
1.059805;417.776180;
1.173967;409.289353;
1.010646;426.184727;
1.161314;455.254555;
1.230366;480.198088;
0.608707;237.460151;
0.988334;396.481651;
1.069862;418.505348;
1.131087;445.724600;
0.971016;413.694703;
1.190907;482.296357;
0.546364;225.297000;
1.267110;508.476328;
1.285020;504.602949;
0.976190;379.101296;
0.965349;407.223116;
1.065589;405.443931;
0.956782;387.633182;
1.126358;444.851283;
0.798540;310.421265;
0.425810;187.774394;
1.097981;454.006391;
0.670799;262.449923;
0.745286;296.485731;
1.112557;442.063961;
1.067096;473.887638;
1.264564;522.236601;
0.732121;308.760714;
1.386153;522.268954;
1.208023;516.029467;
0.822760;355.064066;
0.696263;276.746067;
1.027781;433.904055;
1.027980;395.694604;
1.103689;429.991519;
0.858400;324.046389;
1.330380;522.281162;
0.864282;340.678198;
1.067257;448.031722;
0.917133;365.203752;
1.249791;483.735940;
0.936889;386.347729;
1.130610;454.088336;
1.076714;447.772036;
1.008578;422.864106;
0.884821;344.515151;
1.124737;474.083705;
0.627391;263.389898;
1.039098;428.161710;
0.914735;371.656375;
1.244023;484.414854;
1.289658;522.381494;
0.895687;365.985625;
0.893376;373.444459;
1.057382;429.933737;
0.848571;339.785094;
0.668572;293.016570;
0.919990;381.030479;
1.121384;461.951977;
1.095057;466.555676;
0.683095;260.086788;
1.286222;522.538436;
0.933123;372.269216;
1.032136;429.848633;
1.107102;475.496563;
1.396715;508.853177;
1.190775;493.089486;
0.919459;352.851836;
0.456829;182.892949;
1.263421;522.827210;
1.382306;522.952097;
0.816412;326.535455;
0.914120;367.364997;
1.089388;458.348478;
1.155577;523.066780;
1.189883;480.135656;
1.332741;523.224567;
0.954413;395.240196;
1.010525;411.220860;
0.746689;308.184294;
1.198317;490.001155;
1.252797;523.273959;
0.957917;389.468723;
0.902587;397.875433;
1.095128;446.672450;
0.845458;344.208586;
1.206105;497.832632;
0.920227;385.341799;
1.029129;421.055971;
1.155039;468.145032;
0.881015;364.725673;
0.954411;342.995704;
1.024970;431.592595;
1.068863;433.162956;
0.737840;308.962591;
1.051480;446.800058;
1.328536;511.902176;
0.768790;326.911349;
1.168757;413.797775;
1.053334;390.897286;
0.889368;338.087346;
1.244684;468.869570;
1.153041;471.609846;
1.345520;517.860117;
1.305381;523.457510;
0.830995;328.665981;
1.115533;427.321604;
0.747876;308.540539;
0.994082;420.244940;
1.035840;398.343934;
1.060290;443.289198;
0.753462;298.310103;
1.192927;445.836207;
0.777656;322.641890;
0.917359;367.023513;
1.064641;419.503617;
0.877583;359.823832;
0.829261;348.007095;
0.949919;375.390571;
0.907094;387.785109;
1.000723;414.229212;
0.854280;344.239141;
0.775254;334.739966;
1.220293;488.858380;
0.980003;410.744632;
0.858650;335.689669;
1.029322;429.435300;
0.952876;390.172246;
1.142820;489.592543;
0.789647;316.535871;
1.250096;498.024550;
1.198958;502.155548;
0.822077;315.536502;
0.977360;379.070900;
0.987541;395.284376;
1.130007;455.949894;
0.697907;276.903451;
1.212974;482.386481;
1.186424;513.261087;
1.081519;445.328116;
0.956193;377.184160;
1.211906;498.545591;
1.057171;437.481064;
0.733298;300.804752;
0.793293;322.779320;
1.066635;441.440644;
1.212317;483.563101;
0.953217;382.284412;
1.076017;420.302369;
0.914030;351.907746;
0.849544;337.690523;
1.125271;407.588968;
0.955473;401.695236;
0.965042;418.974299;
1.013312;409.092633;
1.119349;449.037575;
0.685063;290.112282;
1.269901;492.006333;
1.248689;512.321259;
0.935646;391.059899;
1.135685;470.271456;
0.917903;356.297378;
1.279899;520.875413;
1.298949;521.146341;
1.103830;429.479371;
1.300658;523.491363;
1.225056;523.492976;
1.142003;493.050059;
0.782312;333.812387;
1.317478;516.949772;
0.875662;347.474999;
1.282787;516.112742;
1.129392;488.515492;
0.775312;299.165058;
1.054714;448.158268;
1.123835;470.418481;
0.651693;268.509105;
1.248361;523.494020;
0.811827;328.216614;
0.903960;373.137719;
1.044334;454.330735;
0.703131;282.229750;
0.875534;346.138398;
1.172438;490.534482;
0.833932;330.261426;
1.212551;523.836385;
0.919381;391.962286;
1.190343;489.917805;
0.924340;368.643163;
1.088946;459.415430;
0.875275;351.050679;
0.940701;394.615187;
0.934650;380.121221;
0.930745;396.392669;
0.568591;235.175389;
0.972545;406.195403;
1.009130;419.578363;
1.266914;474.261141;
1.083960;457.444734;
1.268020;500.991787;
0.859574;332.279311;
1.162212;505.260246;
1.219400;461.841941;
1.003478;398.697941;
1.078443;406.785237;
0.927061;377.642778;
1.102392;478.598561;
1.141203;485.643320;
1.157917;435.229690;
1.301744;524.011534;
0.933851;373.367372;
0.974321;392.513320;
1.060021;435.493827;
1.072548;443.205334;
1.266642;450.436109;
1.173624;496.768585;
0.797184;314.456337;
1.301166;501.362158;
0.698326;286.963205;
1.248116;472.686374;
0.839849;329.697358;
0.671109;271.992699;
0.891568;374.373330;
0.954367;379.441829;
0.997110;402.617753;
0.811607;354.096677;
0.949845;429.274811;
0.886554;377.135389;
1.088184;452.586760;
1.236127;488.102360;
1.061595;403.998414;
0.954224;392.234671;
0.772224;316.448982;
1.178940;422.159550;
1.053410;454.752553;
0.964031;389.705224;
1.056430;402.070829;
1.078642;444.332422;
0.712106;295.611586;
1.168936;453.594958;
1.239186;488.617795;
0.833953;344.710727;
0.703356;274.761136;
0.868321;348.189662;
0.647270;265.536948;
0.889744;361.862501;
0.776362;313.506074;
1.227799;419.165286;
1.204660;495.518422;
0.798424;327.226510;
1.274292;507.454262;
1.244278;515.836715;
0.902224;358.093642;
1.341271;524.044356;
0.744125;282.158458;
0.975678;389.127979;
0.981577;382.646559;
1.141473;444.669566;
1.217305;472.176729;
1.348578;465.118215;
1.162988;440.158644;
1.094378;442.599018;
1.149338;445.958241;
0.817525;311.359915;
1.292909;479.352612;
1.178553;489.811270;
1.236504;509.438993;
0.853482;355.927165;
0.879103;360.328259;
0.932130;368.826995;
0.615889;235.747726;
1.136501;447.892255;
0.967275;389.005844;
1.218421;484.137618;
1.130342;441.801461;
0.943702;401.404273;
1.113007;472.704772;
1.104664;436.725285;
1.217051;489.769344;
0.871137;361.189058;
1.253093;490.345780;
1.198128;512.853903;
0.790668;316.551635;
1.286427;515.511060;
0.944460;403.294027;
0.871071;348.673316;
0.814358;335.522380;
1.184032;437.595386;
1.081013;422.736038;
1.251408;482.448911;
0.972794;374.391730;
1.035781;429.735759;
1.185255;480.376961;
0.970082;374.833774;
0.903215;382.265320;
0.967628;417.602040;
0.679638;293.199391;
1.165712;449.510436;
1.154068;484.257262;
1.088729;430.706699;
0.999125;414.198518;
1.204113;487.298273;
1.094779;437.714009;
0.641502;270.682423;
1.310629;503.812182;
1.269513;516.346472;
0.595557;216.238126;
1.280508;519.023448;
0.977325;397.647761;
1.395103;523.849583;
0.716884;292.054148;
1.256022;478.431129;
1.399076;524.060855;
1.009923;429.878336;
1.102099;443.872991;
0.950895;407.184412;
0.749356;331.660239;
1.118341;449.719085;
0.857124;339.733159;
1.093195;454.051777;
1.232863;510.506878;
1.230827;524.184240;
1.134110;453.093557;
1.125591;478.830255;
1.097986;455.358543;
0.859848;354.652543;
1.343116;524.184431;
0.888461;365.589120;
1.280804;524.231980;
0.882715;358.693685;
0.939830;380.962352;
0.799026;342.121897;
1.089105;436.021916;
0.692990;288.647707;
0.869406;348.476107;
1.303761;524.396482;
1.033082;448.560199;
1.199392;508.311923;
1.046386;416.975291;
1.150442;415.697117;
0.887626;353.329990;
1.055511;419.479945;
0.796293;327.849766;
0.762562;302.188082;
0.958441;396.752430;
1.069111;434.383697;
1.104593;458.859133;
1.037864;432.651056;
1.007716;417.831740;
1.254526;524.420946;
0.950412;403.052777;
1.143499;466.702405;
1.128999;433.924516;
1.011372;401.415021;
1.182107;499.312110;
0.942762;400.763449;
0.989666;396.119353;
0.718303;303.662570;
1.047832;436.044368;
0.926467;375.985148;
1.193258;503.799477;
0.876927;351.839464;
0.939868;417.337310;
1.184827;506.172923;
0.930480;346.610531;
1.056347;461.937994;
1.208914;450.641911;
1.028168;387.749296;
1.243872;498.872424;
0.706799;276.334221;
1.087865;459.349258;
0.822759;303.435476;
0.978903;410.454946;
0.950456;383.632494;
1.103380;458.356412;
1.256446;501.687687;
1.164165;472.107615;
1.282426;510.330049;
0.832519;332.035291;
0.905527;380.950738;
M0:0.009495
W0;O:0.001184;R:391.152157
0.938660;387.624449;
0.873695;317.911683;
1.047049;404.450502;
0.966515;420.091457;
1.220476;457.084401;
1.189250;500.877653;
1.341109;514.432196;
1.269966;524.421175;
1.251002;524.455236;
1.248697;524.487643;
1.395201;524.705221;
1.314914;524.773471;
1.236900;524.799477;
1.254842;524.837742;
1.249752;524.896790;
1.269622;524.903798;
1.259633;525.510630;
1.379908;525.470381;
1.280201;525.512571;
1.290344;525.523069;
1.378376;525.669419;
1.345216;525.789920;
1.251755;526.168605;
1.365207;525.972799;
1.266672;526.179904;
1.308629;526.268549;
1.348947;526.478494;
1.349305;526.592569;
1.309350;526.767702;
1.364512;526.875569;
1.347030;527.084928;
1.237903;527.205803;
1.258789;527.281308;
1.280756;527.437116;
1.258781;527.451676;
1.197843;527.468043;
1.292525;527.506550;
1.313350;527.668623;
1.274152;528.024196;
1.267365;528.254026;
1.271898;528.577432;
1.325642;528.684848;
1.276469;528.979625;
1.426374;528.864570;
1.269626;529.373106;
1.268511;529.411185;
1.254344;529.519088;
1.395613;529.545455;
1.214581;529.614824;
1.289773;529.587226;
1.270919;529.734839;
1.319501;529.796934;
1.286474;529.824767;
1.247185;530.240105;
1.378984;530.224303;
1.207229;530.463457;
1.332041;530.832039;
1.313958;531.159600;
1.229457;531.205526;
1.262719;531.331912;
1.349707;531.807948;
1.420456;531.517105;
1.297078;531.892078;
1.326677;532.015135;
1.273462;532.141707;
1.269596;532.603089;
1.268443;532.663099;
1.427040;532.959050;
1.352094;533.334012;
1.289082;533.401861;
1.448975;533.923160;
1.292755;534.088269;
1.302428;534.452910;
1.274619;534.461610;
1.383808;534.927555;
1.279233;535.503153;
1.331801;535.778680;
1.270294;535.863599;
1.304946;535.968180;
1.411110;536.644386;
1.316980;536.663087;
1.320277;536.740595;
1.300176;536.750079;
1.293332;536.765517;
1.297436;536.891846;
1.324222;536.963887;
1.322679;537.065067;
1.355184;537.342630;
1.320156;537.562133;
1.434419;537.802197;
1.392072;537.827624;
1.242830;537.889453;
1.339995;537.901497;
1.272935;537.996638;
1.283259;538.282198;
1.372247;538.283638;
1.333767;538.291516;
1.291534;538.448474;
1.285534;538.555831;
1.320104;538.599773;
1.300714;538.652101;
1.263180;539.127187;
1.415562;539.096796;
1.311435;539.243086;
1.286487;539.281167;
1.294209;539.398393;
1.202987;539.601064;
1.323106;539.914891;
1.345960;539.970100;
1.328285;540.182976;
1.369708;540.188209;
1.362550;540.259249;
1.292782;540.296363;
1.296048;540.327276;
1.220391;540.519261;
1.315487;540.380996;
1.325208;540.572090;
1.347652;540.630566;
1.357299;540.708850;
1.338334;540.910101;
1.249397;541.142870;
1.384557;541.554903;
1.368634;541.660456;
1.362037;541.885894;
1.256588;542.350725;
1.301756;542.487287;
1.387314;542.570823;
1.453325;542.696479;
1.285318;542.778627;
1.355150;542.871212;
1.444488;543.177342;
1.303845;543.532127;
1.284814;543.638230;
1.274672;543.752215;
1.385368;544.252196;
1.401231;544.465802;
1.479013;544.486835;
1.333565;544.668714;
1.433737;544.735285;
1.307980;544.831191;
1.330065;544.962935;
1.390978;545.011387;
1.372058;545.038781;
1.457655;545.075157;
1.349707;545.261016;
1.397625;545.283986;
1.282982;545.430459;
1.331618;545.436617;
1.304162;545.612189;
1.323717;545.656417;
1.340676;545.831742;
1.323696;545.859676;
1.389736;545.950657;
1.379915;545.980682;
1.380317;546.011631;
1.317834;546.156570;
1.337951;546.213142;
1.369824;546.332168;
1.313369;546.586129;
1.318613;546.895584;
1.306555;546.899018;
1.269385;546.935258;
1.359278;546.978592;
1.352870;547.119951;
1.331091;547.169155;
1.370143;547.210371;
1.276471;547.358107;
1.319926;547.399329;
1.257712;547.653694;
1.298696;547.808354;
1.229038;547.808395;
1.383826;548.009705;
1.300053;548.081927;
1.260098;548.090471;
1.373040;549.102012;
1.423396;549.230030;
1.433048;549.294858;
1.328796;549.445024;
1.424513;549.319835;
1.349503;549.544862;
1.437930;549.641963;
1.332025;549.721627;
1.277692;549.895688;
1.270927;549.945800;
1.404856;549.898790;
1.325253;549.981855;
1.371558;550.174769;
1.302577;550.414290;
1.342045;550.431729;
1.310774;550.548346;
1.331050;550.665829;
1.333477;550.922288;
1.355503;551.704998;
1.393786;551.891087;
1.279299;551.977975;
1.306461;552.092093;
1.372610;552.179241;
1.360524;552.352989;
1.335261;552.565763;
1.433640;552.468745;
1.350701;553.107806;
1.452151;553.147089;
1.443291;553.218727;
1.363007;553.293060;
1.366840;553.302486;
1.357763;553.327636;
1.328898;553.652335;
1.413584;554.065690;
1.328344;554.113504;
1.327238;554.171873;
1.294830;554.262982;
1.310877;555.027022;
1.487775;554.379845;
1.362957;555.206059;
1.349857;555.212019;
1.399363;555.331938;
1.509250;555.440397;
1.446699;555.560854;
1.343285;555.664131;
1.342304;555.765595;
1.431893;555.745824;
1.344970;556.076281;
1.278109;556.202783;
1.376203;556.517280;
1.412332;556.622768;
1.396550;556.648127;
1.380959;556.667983;
1.341044;556.772812;
1.332126;556.836439;
1.303567;556.880111;
1.331414;557.032319;
1.330691;557.178023;
1.426750;557.143747;
1.405594;557.209174;
1.365055;557.251043;
1.390893;557.276263;
1.499642;557.991258;
1.324132;558.324806;
1.374362;558.036830;
1.320040;558.606845;
1.417973;558.714950;
1.401498;559.036164;
1.385861;559.072496;
1.303375;559.392700;
1.432649;559.503542;
1.461026;559.721717;
1.386921;559.734521;
1.301213;559.846761;
1.378331;559.892411;
1.390983;560.358621;
1.386686;560.604092;
1.383808;560.794955;
1.349168;561.418929;
1.470791;560.836062;
1.366456;561.640059;
1.406435;562.203982;
1.296825;562.426630;
1.356045;562.215643;
1.299281;562.457683;
1.389081;562.555922;
1.343805;562.558375;
1.326701;562.578412;
1.311028;562.792018;
1.398701;562.690833;
1.287818;563.147302;
1.349615;563.380392;
1.544381;563.172258;
1.349354;563.394496;
1.356531;563.942918;
1.342905;564.194318;
1.283663;564.305115;
1.361309;564.422673;
1.344749;564.587982;
1.328933;565.333208;
1.462185;565.054321;
1.334405;565.339248;
1.299937;565.493088;
1.385037;565.589813;
1.345717;565.681530;
1.348762;566.157802;
1.394228;566.248968;
1.469575;566.058163;
1.370325;566.552052;
1.357556;567.062971;
1.403907;566.855525;
1.338544;567.533421;
1.347196;567.722288;
1.374865;567.700283;
1.349366;568.222093;
1.357012;568.383388;
1.362277;568.618643;
1.382730;568.654838;
1.334344;569.725423;
1.382970;569.746724;
1.366905;569.755813;
1.328949;570.464544;
1.397951;570.386140;
1.342706;570.533877;
1.351598;570.595641;
1.288235;570.621336;
1.430049;570.760996;
1.373315;571.207578;
1.400472;571.449124;
1.306262;571.552210;
1.402208;571.467149;
1.455144;571.769798;
1.371845;571.907030;
1.342518;572.756567;
1.285683;572.907591;
1.427389;573.106436;
1.420106;573.204292;
1.442066;573.220150;
1.372810;573.334320;
1.413217;573.880137;
1.521376;573.681403;
1.358358;573.882349;
1.426701;574.213318;
1.431386;574.263406;
1.409775;574.306990;
1.363852;574.625431;
1.466234;574.446892;
1.380124;574.902199;
1.294568;575.059142;
1.366891;575.144282;
1.400454;575.156843;
1.353940;575.917429;
1.495643;575.946517;
1.425850;576.092925;
1.484038;575.967918;
1.497621;576.135256;
1.354958;576.244911;
1.388453;576.375481;
1.366822;576.436999;
1.407948;576.539880;
1.477887;576.504913;
1.426769;576.681594;
1.473164;576.649540;
1.357712;576.875350;
1.427076;577.123476;
1.360880;577.298874;
1.579351;577.199574;
1.355400;577.649721;
1.355218;577.702527;
1.336231;577.827068;
1.341998;578.023929;
1.463182;578.248420;
1.363184;578.541683;
1.336027;578.695530;
1.409517;578.654004;
1.378534;578.934240;
1.411080;579.062545;
1.302052;580.078346;
1.446080;580.078252;
1.406972;580.080965;
1.428453;581.036830;
1.382113;581.037860;
1.415376;581.143383;
1.411265;581.287682;
1.471785;581.413285;
1.493342;581.804421;
1.487171;582.054224;
1.409203;582.117074;
1.487980;582.447610;
1.378095;582.698886;
1.338228;583.062353;
1.462638;583.059963;
1.411380;583.319760;
1.409836;583.389260;
1.519394;583.461384;
1.479760;583.564725;
1.326507;584.154186;
1.447678;583.603626;
1.497228;584.247417;
1.390929;584.498425;
1.339990;584.512430;
1.489001;585.076606;
1.531404;585.724061;
1.467965;585.872379;
1.402990;585.973768;
1.494565;586.184984;
1.466100;586.396703;
1.361861;586.611832;
1.428994;586.679448;
1.486295;586.865781;
1.383051;586.987189;
1.460504;587.328307;
1.422227;587.599572;
1.529441;587.730904;
1.361515;588.202087;
1.502801;587.943553;
1.388138;588.517175;
1.427655;588.520950;
1.466645;588.687470;
1.383550;588.955155;
1.458098;589.125679;
1.406379;589.381362;
1.409523;589.358125;
1.414756;589.510269;
1.484600;589.585489;
1.396889;589.839957;
1.396043;591.589536;
1.417381;591.531805;
1.485271;591.188379;
1.459987;592.265571;
1.442034;592.723287;
1.469786;592.996425;
1.501436;593.071266;
1.515138;593.151360;
1.482871;593.964943;
1.397774;594.168207;
1.392889;594.265058;
1.421350;594.310228;
1.423051;594.384840;
1.453110;594.478271;
1.494719;594.412233;
1.448275;594.607852;
1.374983;594.769413;
1.393973;594.854091;
1.441467;594.863197;
1.408508;594.934904;
1.432525;595.154864;
1.383265;595.851867;
1.553145;596.171603;
1.410732;596.215319;
1.367784;596.402746;
1.365547;596.582950;
1.390330;596.679897;
1.382795;596.848155;
1.482806;597.117464;
1.487230;597.397724;
1.412608;599.067590;
1.491273;598.279213;
1.536011;599.131806;
1.531483;599.145381;
1.462377;599.147939;
1.375186;599.291595;
1.507591;599.329661;
1.511063;599.456917;
1.493228;600.567010;
1.477094;600.837027;
1.430556;601.017402;
1.369370;601.108139;
1.401442;601.767369;
1.472259;601.518797;
1.504985;602.111518;
1.473545;602.157059;
1.407285;603.024529;
1.646770;602.757634;
1.393126;603.164431;
1.512142;603.180527;
1.435018;603.226515;
1.438948;603.301766;
1.460605;603.460732;
1.503131;603.531278;
1.556763;603.952614;
1.427763;604.173010;
1.614228;604.001167;
1.429411;604.436158;
1.500844;604.579604;
1.471641;604.584970;
1.448697;605.192273;
1.417134;605.218621;
1.474642;605.417891;
1.432883;605.558057;
1.562810;606.203944;
1.467843;606.687399;
1.535958;606.845684;
1.465339;607.677995;
1.479545;607.967605;
1.605912;607.824076;
1.474679;609.257201;
1.521055;608.753028;
1.512655;609.280465;
1.537858;609.385394;
1.498712;609.742312;
1.741190;609.529564;
1.492294;610.635462;
1.471825;610.994476;
1.487596;612.091260;
1.593590;612.089085;
1.378645;612.727152;
1.461002;612.783550;
1.440504;613.564555;
1.548713;613.634164;
1.511511;614.085786;
1.453940;614.976525;
1.588928;614.050191;
1.405197;615.004029;
1.450527;615.886503;
1.558457;616.011690;
1.437111;616.263926;
1.522678;617.065456;
1.546208;617.499450;
1.551856;617.547810;
1.468476;617.706695;
1.545737;618.041226;
1.477512;618.138859;
1.491147;618.948008;
1.537422;619.599162;
1.487221;619.925485;
1.568154;620.736029;
1.645711;620.740048;
1.477742;621.247274;
1.655756;620.893696;
1.446180;621.502062;
1.572816;622.141962;
1.504415;622.150031;
1.562434;622.487631;
1.462306;623.032023;
1.456875;623.199316;
1.576496;623.207991;
1.458718;624.438191;
1.540000;624.628416;
1.579267;625.102773;
1.481858;625.838070;
1.538547;625.508427;
1.523554;626.204645;
1.596446;626.345366;
1.448685;626.486893;
1.555996;626.804192;
1.500119;627.247502;
1.525049;628.373047;
1.542483;628.709710;
1.514554;629.260796;
1.481162;629.447149;
1.409388;629.572058;
1.535280;629.976387;
1.635023;632.274236;
1.541764;632.557713;
1.542649;633.002290;
1.433848;633.851228;
1.594924;633.914824;
1.528943;634.418726;
1.489656;634.623283;
1.520326;634.757117;
1.619153;635.466715;
1.522043;635.471906;
1.567161;636.660404;
1.705798;636.485503;
1.517822;636.861012;
1.494560;637.029955;
1.664121;637.552012;
1.497401;637.816319;
1.549016;638.256899;
1.601793;638.065482;
1.507013;639.500402;
1.634579;638.702527;
1.471844;639.778908;
1.581849;639.612794;
1.538889;639.862736;
1.554975;640.602298;
1.519880;640.841066;
1.626724;640.395426;
1.525407;641.066027;
1.518696;641.159227;
1.519409;641.216734;
1.505311;642.916266;
1.522912;642.215167;
1.697093;643.069206;
1.584950;644.968872;
1.733501;645.782759;
1.486709;645.976248;
1.478413;648.177884;
1.645370;646.695853;
1.544473;648.505421;
1.574311;648.988307;
1.656380;649.011374;
1.552931;649.452964;
1.666744;649.013359;
1.521794;649.648873;
1.681940;649.663701;
1.511579;649.941393;
1.537377;651.294968;
1.546038;653.267892;
1.654116;651.539642;
1.535188;654.924476;
1.564337;655.179811;
1.568981;655.206790;
1.584240;657.425723;
1.529276;659.114753;
1.545151;659.969594;
1.621640;658.886607;
1.699672;660.759120;
1.610549;661.323054;
1.542748;661.867792;
1.583681;662.116764;
1.579681;662.766449;
1.613296;662.234757;
1.612092;663.160576;
1.596565;663.221376;
1.748360;664.211640;
1.588553;664.564078;
1.556914;667.328092;
1.670133;665.371036;
1.637144;667.559642;
1.620811;667.807340;
1.604800;667.903056;
1.583764;668.342804;
1.586495;668.584887;
1.697693;668.803436;
1.550236;669.762174;
1.657890;670.135070;
1.785419;670.962238;
1.615678;671.664279;
1.693287;673.015731;
1.634563;673.186620;
1.601820;673.417197;
1.766357;673.772861;
1.631050;673.811671;
1.571639;674.448984;
1.634890;675.267843;
1.716785;675.906450;
1.592805;675.986239;
1.556110;676.301681;
1.712870;676.568570;
1.695606;677.308054;
1.666380;677.668118;
1.664611;678.778475;
1.614711;683.583420;
1.591244;683.814150;
1.617492;688.701111;
1.577777;689.467516;
1.659460;690.154721;
1.609776;690.968248;
1.684369;691.202026;
1.680055;692.351073;
1.652244;693.311821;
1.720146;695.416415;
1.787054;697.327382;
1.687807;698.963169;
1.780469;701.036101;
1.726095;703.614804;
1.774654;705.742156;
1.713112;707.614187;
1.746772;709.870622;
1.685468;710.355152;
1.725530;710.594438;
1.754795;711.135729;
1.662848;711.684496;
1.719158;712.997568;
1.692289;713.409348;
1.709111;713.317452;
1.820865;714.061910;
1.669521;718.769861;
1.683826;721.714719;
1.771642;721.781901;
1.683495;729.285912;
1.740787;724.460904;
1.732239;729.819791;
1.670936;731.447766;
1.716965;732.971803;
1.718671;735.089817;
1.709572;738.802920;
1.808407;739.637026;
1.768044;742.875327;
1.936898;741.028264;
1.752398;744.399778;
1.774322;747.495913;
1.780356;747.576677;
1.820714;747.608653;
1.720739;755.748094;
1.947669;755.040027;
1.895401;756.016011;
1.829501;756.828300;
1.931463;776.050159;
1.838443;788.454532;
1.904914;794.599657;
1.947426;799.628712;
1.836494;804.515585;
1.786802;811.514276;
2.034522;812.731627;
1.941841;813.110957;
1.873139;817.894727;
1.909815;820.477326;
2.053553;841.362402;
2.005955;842.813521;
1.901725;848.069648;
W1;O:0.001660;R:554.112322
W2;O:0.001677;R:555.110187
W3;O:0.001617;R:554.294220
W4;O:0.001668;R:554.819077
W5;O:0.001714;R:553.669007
