0.034706;31.480000;
0.082735;37.692951;
0.088168;36.173036;
0.089127;32.162030;
0.121709;56.491875;
0.204584;50.375440;
0.232771;59.404463;
0.172990;64.271332;
0.174981;62.164630;
0.181210;58.024903;
0.157858;71.400064;
0.187740;79.626018;
0.228486;72.048130;
0.201368;84.868442;
0.207036;91.853242;
0.203453;92.093971;
0.369672;91.317744;
0.227291;92.403771;
0.218175;92.881219;
0.190644;96.668000;
0.227540;100.977956;
0.216935;107.031600;
0.221588;106.067298;
0.368277;101.159267;
0.258301;101.554441;
0.344488;103.556464;
0.299566;113.181874;
0.279056;119.328821;
0.315803;117.317998;
0.296033;125.186244;
0.316939;125.146588;
0.293460;128.142113;
0.311161;129.652241;
0.323675;137.222030;
0.287777;141.876551;
0.361703;137.329145;
0.292449;149.501057;
0.481166;138.972620;
0.448668;146.187364;
0.353254;152.437673;
0.324997;155.988458;
0.451244;151.741750;
0.405805;156.285437;
0.360688;157.870900;
0.353785;158.366718;
0.461624;160.211855;
0.387713;170.492475;
0.486538;166.162994;
0.410037;177.512448;
0.400194;179.697423;
0.540691;173.400347;
0.434657;182.055366;
0.446659;187.893064;
0.477283;190.924866;
0.440972;192.813157;
0.512825;195.000367;
0.778894;180.241600;
0.462388;195.480445;
0.470336;205.580766;
0.483671;208.816943;
0.489735;208.849584;
0.472840;209.050853;
0.556750;209.719898;
0.463706;217.117462;
0.571244;209.892134;
0.515525;220.091604;
0.538692;218.667157;
0.411375;162.967044;
0.514799;224.249719;
0.528787;225.897789;
0.538854;229.632099;
0.528007;231.493525;
0.682446;230.385675;
0.514315;231.704681;
0.569606;235.940338;
0.525268;236.984842;
0.927704;230.483772;
0.585467;242.602790;
0.519689;248.063247;
0.638211;250.495203;
0.515938;244.921781;
0.735153;254.344055;
0.740865;257.425542;
0.622852;262.050811;
0.555055;263.978652;
0.653245;271.585279;
0.714350;269.284301;
0.667526;273.383040;
0.680790;276.731587;
0.899587;273.009405;
0.893573;274.130073;
0.623734;276.851115;
0.462772;174.446036;
0.687099;277.841807;
1.049961;238.740500;
0.602970;266.059165;
0.729962;278.455247;
0.414492;195.829900;
0.254308;92.160876;
0.858551;279.838195;
0.807295;199.343213;
0.593012;282.285244;
0.607325;284.424839;
0.745959;283.796909;
0.563250;224.460520;
0.968983;283.997988;
0.440695;100.352000;
0.441160;210.462295;
0.190088;80.467695;
0.874547;296.434866;
0.738700;279.713022;
1.025731;295.158603;
0.625231;298.705127;
0.225033;51.520500;
0.664762;300.205454;
0.948399;304.870806;
0.874790;306.482638;
0.557169;231.308373;
1.132664;307.384460;
0.876569;309.687531;
1.333602;307.886128;
0.698849;312.034360;
0.805102;309.759001;
0.745967;312.047355;
0.671227;312.140198;
0.764390;313.213742;
0.605789;171.620148;
0.701465;315.163794;
0.793469;313.349984;
0.691543;318.131879;
0.742403;317.536090;
0.890449;320.861225;
0.720483;321.324361;
0.862558;322.643259;
1.165361;320.449050;
0.796925;324.565157;
0.830566;327.013868;
0.431253;194.112733;
0.498946;206.012270;
0.708143;327.611273;
0.369523;129.272320;
0.739654;328.466319;
0.724015;329.862978;
0.798038;182.411040;
0.736700;333.322713;
0.785780;335.069865;
0.796484;336.251427;
0.885662;334.940725;
0.772256;337.375394;
0.883195;339.448068;
1.086539;338.993416;
0.765370;293.321587;
0.798920;337.809386;
0.579914;170.697550;
0.754086;342.060978;
1.086432;339.840939;
0.346481;151.570539;
0.831474;342.659843;
0.751393;342.781618;
0.513277;211.079361;
0.822964;344.415641;
0.403199;190.387842;
0.631143;145.721268;
1.149314;350.773750;
0.693571;241.397453;
0.443949;172.460035;
0.800951;357.997018;
0.898113;353.429201;
1.019403;352.748773;
0.517969;122.053690;
1.221414;351.896600;
0.839542;359.132615;
0.769080;364.584886;
0.732308;168.759824;
0.789960;226.175498;
0.937557;363.958661;
0.280530;111.719267;
0.351471;140.033337;
0.891322;365.197498;
0.511340;200.767395;
0.595191;174.388915;
0.288713;114.257748;
0.861016;366.601245;
0.861719;370.107024;
0.923433;368.005405;
1.345741;315.679692;
0.934020;371.150381;
0.930662;371.346192;
0.280412;119.630308;
1.092518;373.252247;
0.101514;45.202345;
1.213373;372.727470;
1.422940;371.810304;
0.810934;378.699977;
0.834712;373.961742;
0.294101;108.514203;
1.365093;373.643452;
0.395788;141.153915;
0.849013;239.890264;
0.767678;313.976238;
0.733500;330.110194;
0.848460;228.565689;
1.021108;381.977167;
1.013170;383.715888;
0.704717;329.814957;
0.427963;188.872626;
0.865471;384.917767;
0.887188;385.883144;
1.131579;259.788200;
0.305187;85.765639;
0.380786;171.882147;
0.933625;388.274934;
0.994993;389.366883;
0.546952;229.197305;
0.886587;391.793490;
1.051528;393.781313;
0.833992;366.707567;
1.313142;390.619132;
0.843645;285.733096;
0.327054;150.472018;
1.018609;328.744921;
0.195505;76.742611;
0.920043;403.625768;
1.041984;402.226672;
1.053909;366.230446;
1.394686;400.775355;
0.105182;45.770407;
0.994436;406.140389;
0.877987;409.781785;
0.987633;407.381413;
1.024433;351.942481;
1.162999;407.568199;
0.832335;339.225093;
0.713550;276.501811;
0.965754;412.966026;
1.012144;412.392163;
0.884298;414.073668;
0.277555;116.441015;
1.106464;413.754604;
1.243070;413.349870;
0.538841;164.184348;
0.989197;405.912125;
0.721936;322.963642;
0.258802;122.655552;
1.097450;416.325181;
0.876839;417.073745;
1.042142;416.788959;
0.980769;413.818149;
0.971458;417.583281;
0.502428;162.099655;
0.952942;381.820424;
0.922346;424.027705;
0.979271;422.207539;
0.905833;343.305803;
0.393437;159.391842;
1.240474;417.610583;
1.270204;425.521490;
0.936086;266.243276;
0.995648;427.098657;
1.028877;426.726621;
0.403253;190.917358;
1.134366;436.383883;
0.625527;280.803380;
0.915520;263.678506;
1.861791;429.068016;
0.213791;95.660464;
1.258627;436.765056;
0.929401;441.442584;
1.228600;437.662100;
1.018696;441.482878;
1.120438;442.282459;
0.773839;303.059337;
0.521517;205.974774;
1.029124;427.280280;
1.111030;435.583923;
0.567364;260.729315;
1.054425;446.605338;
1.339403;445.221750;
1.219761;450.245158;
0.560154;249.082048;
0.875162;298.753483;
1.116772;450.422726;
0.176580;78.087475;
0.635708;273.552926;
1.525495;382.551989;
0.715181;308.516602;
0.779977;299.568557;
0.689343;308.141063;
0.516420;243.963476;
0.156852;67.981894;
1.052162;450.824929;
1.266767;450.885543;
0.718145;267.015912;
0.513400;230.370535;
1.008836;339.227541;
0.236904;95.710094;
0.842426;305.675219;
0.759264;267.932215;
0.512692;193.316921;
1.226724;453.443978;
0.165596;71.080174;
1.073120;453.448272;
0.446221;184.747727;
0.492965;211.921871;
1.115138;454.607757;
1.270658;455.979148;
0.326662;119.294561;
0.413970;180.062978;
0.860230;291.600144;
0.397981;174.949087;
1.082633;458.557261;
0.680450;285.944110;
1.389719;457.184583;
0.554587;142.969363;
1.126456;458.775991;
1.032151;394.552837;
1.039747;458.832967;
1.053222;458.907088;
1.189707;459.707981;
0.440451;146.728256;
1.190542;460.931207;
0.658920;237.026159;
0.926938;234.804772;
0.166220;56.345674;
0.712395;341.048200;
1.095584;461.810244;
0.579568;192.710684;
1.007008;251.621375;
1.079724;461.932201;
0.321825;126.621517;
0.797067;342.033916;
1.006606;463.660680;
0.991518;464.728598;
1.071597;463.859186;
1.090271;465.179990;
0.214445;51.532911;
1.068735;471.708029;
1.006971;479.393753;
0.603144;278.136499;
1.253099;473.847521;
0.274011;98.993924;
1.076985;326.182534;
1.146797;482.027133;
0.789797;317.359204;
1.298217;480.959258;
1.046540;401.838050;
1.218679;483.005314;
0.826731;295.632159;
0.958419;299.473589;
0.822517;272.599382;
1.233448;484.253399;
0.284883;120.677338;
1.780032;407.660475;
0.954995;417.729399;
1.232416;484.716673;
0.374530;148.373934;
1.985978;484.238141;
0.415173;151.187212;
0.479155;169.034095;
1.021392;487.574697;
0.975304;331.276931;
1.218160;489.711178;
1.156896;490.001066;
1.165625;490.742390;
0.138666;64.250059;
0.935159;235.139553;
1.984126;489.891258;
0.501988;207.209475;
1.068272;448.200568;
1.215866;494.384015;
0.413231;161.696524;
0.454703;197.889111;
1.687845;439.926653;
0.504721;188.613634;
1.495229;438.146855;
1.052958;499.071036;
1.350328;496.432999;
0.562518;257.212386;
1.526087;499.150980;
1.340215;477.388195;
0.874555;285.656603;
0.815440;372.971031;
0.561118;222.693669;
0.635806;278.990481;
1.137617;499.496153;
1.520861;424.351305;
0.255138;98.943152;
1.145186;503.667271;
1.262240;501.325729;
0.286817;133.977591;
0.850527;319.866797;
0.284304;128.239444;
1.529402;500.608143;
0.310064;124.660544;
0.252365;112.574216;
0.951349;451.168599;
1.069655;489.646165;
0.778542;245.109807;
0.518296;237.849962;
1.213703;507.656395;
0.395621;147.383009;
0.497479;187.910758;
0.191847;82.397524;
1.359687;509.252755;
0.202617;55.927823;
1.105033;405.472316;
2.212126;509.139344;
1.184931;509.863455;
0.979323;326.250846;
1.172140;389.518587;
0.555555;258.445095;
1.270347;511.764110;
0.692550;286.609107;
0.951867;334.405782;
1.073981;513.397922;
0.168625;63.169397;
0.903445;421.581754;
1.106237;515.366374;
1.368767;514.384337;
1.064624;330.405642;
1.091115;515.605914;
1.053794;502.619902;
1.153336;516.252342;
1.007197;472.029325;
0.166713;65.526683;
0.753459;328.871286;
1.134367;516.716264;
1.195144;517.039323;
0.682253;169.191171;
0.154554;71.941425;
1.551732;518.899490;
0.694709;217.224258;
0.609734;251.546265;
0.283173;121.874696;
0.527962;152.384256;
1.167921;387.999259;
1.214492;409.279524;
0.306641;91.526677;
0.306076;145.000081;
1.059486;397.315643;
0.340568;140.330307;
1.324631;519.398694;
0.619229;294.688088;
0.457539;182.959949;
1.469651;519.587545;
0.696818;266.985077;
1.228007;522.189018;
1.134503;524.183278;
1.022852;327.699899;
1.279917;526.259393;
0.498069;184.291220;
2.154559;522.968888;
1.136312;330.046591;
0.625635;268.394424;
1.245686;528.926130;
0.754529;348.528738;
1.195269;524.600948;
1.146368;530.143911;
0.646613;149.756968;
1.071394;490.126713;
1.212790;533.562189;
2.074346;532.184946;
0.804603;341.651396;
1.183895;534.193330;
0.159146;67.250160;
0.353516;155.112122;
1.421916;538.648789;
1.591626;537.032705;
0.837680;339.263167;
1.942478;534.965219;
0.191758;69.608466;
0.557519;251.373185;
1.066203;416.974820;
0.691471;312.348388;
0.967614;224.137433;
0.480290;194.676804;
0.885649;421.826474;
0.958970;445.133428;
0.409529;142.077732;
1.326870;491.940324;
1.319339;542.671248;
0.736250;253.318097;
1.445637;539.107662;
0.485822;215.645646;
1.288826;545.191265;
1.136882;535.484134;
0.331734;152.684047;
0.754958;350.479150;
0.295648;127.090124;
1.224550;488.490903;
0.199073;84.818601;
1.365448;549.991245;
0.580160;229.502615;
1.510501;548.164591;
1.308619;553.647067;
0.798839;345.864732;
0.523572;182.385844;
0.747515;326.993622;
0.444174;155.280341;
1.102967;398.580314;
0.116023;38.522501;
1.318127;557.754014;
0.807073;253.844596;
0.060593;52.400000;
1.356096;558.823353;
1.222413;560.008362;
0.180507;77.887973;
0.439218;209.361110;
1.133292;447.064545;
0.957380;453.598620;
1.409382;560.176821;
1.246493;560.589317;
0.288670;125.869087;
0.623191;272.112141;
0.803429;238.639858;
0.332594;130.137158;
0.625029;228.059880;
1.226064;497.302295;
0.828083;365.652127;
1.364105;562.396132;
2.278755;525.872055;
1.546855;562.503020;
0.721978;345.012782;
1.180424;563.634073;
0.338964;99.441121;
1.237962;563.836308;
0.680410;259.676350;
0.219635;92.642239;
0.467712;204.796359;
0.837806;374.007941;
0.270437;98.215106;
0.463418;181.821378;
1.026001;399.264148;
1.194521;533.120244;
0.340830;126.679946;
1.157173;409.989126;
0.556714;221.398154;
1.282613;564.104236;
1.239017;567.318657;
0.696507;254.107526;
0.598658;240.399979;
1.452942;568.204921;
1.369085;571.407398;
0.869328;352.025429;
0.414405;177.348322;
0.852314;246.469572;
0.654796;259.716406;
1.176021;368.436171;
0.742630;288.753464;
0.878364;412.111081;
0.777981;292.110652;
1.159892;554.470148;
1.277600;572.568218;
1.313142;573.676436;
1.232995;494.336955;
0.784137;333.710794;
1.351683;577.240615;
1.384613;566.241429;
2.066437;574.411776;
0.632733;299.785708;
1.283736;577.529124;
0.204378;71.676368;
0.888026;302.051339;
0.917341;364.133863;
0.974947;385.999847;
0.850186;355.880580;
0.312657;102.141171;
0.192862;84.701350;
0.477630;151.240274;
1.229104;578.122542;
0.389100;167.584222;
0.219768;93.166183;
1.412384;578.809193;
2.116537;578.680200;
1.190206;495.017453;
0.984523;466.450801;
1.632544;579.213541;
0.611152;249.025847;
0.754085;223.420957;
1.555687;584.478778;
1.361159;586.072884;
0.442102;176.823463;
0.451899;177.190331;
0.225598;95.503459;
0.144145;56.897277;
1.429543;586.940954;
0.852027;324.118678;
1.023259;281.422629;
0.481197;198.136457;
1.417294;589.382901;
0.686247;236.327016;
0.951631;401.637027;
1.557145;589.844456;
0.347919;129.197090;
0.367612;160.854794;
0.620737;287.650499;
0.946194;447.021095;
1.806040;494.160300;
0.794150;356.959429;
1.360141;572.285978;
1.097669;467.460276;
0.678487;227.089366;
1.401260;594.072535;
0.329755;120.261883;
0.274395;92.804096;
0.198810;93.313654;
0.505246;195.245778;
0.556781;172.501132;
0.353998;154.999174;
1.148154;546.786307;
1.759556;540.926195;
1.222803;540.155384;
0.749977;240.556625;
0.747218;249.693984;
1.172232;488.348280;
1.642050;570.427006;
0.873800;251.008454;
0.190690;86.022000;
1.137310;482.035881;
0.194754;78.453116;
0.579510;257.223315;
1.387733;595.508659;
1.465689;564.051433;
1.530153;594.655505;
0.339936;144.436348;
0.477547;194.651215;
0.417597;173.408303;
0.512601;239.069925;
0.880797;343.188026;
1.684487;445.910362;
0.695327;274.051686;
1.448897;595.615278;
0.754003;310.849209;
1.456285;597.509254;
0.373125;160.023687;
0.460058;190.299612;
1.517908;599.202075;
2.130967;489.242268;
1.677314;600.405139;
0.954725;423.243589;
0.194362;91.084913;
0.921085;349.994641;
1.462298;605.850020;
1.065286;497.740099;
0.125554;60.046754;
0.346507;143.714512;
0.231759;83.217699;
1.419507;581.709896;
1.420483;606.040521;
1.428413;606.307389;
1.442589;610.825129;
0.677010;313.920395;
0.585115;237.337227;
1.209888;278.379143;
1.325822;468.827144;
0.997587;345.637732;
1.178866;528.252060;
1.288530;565.793371;
0.576589;162.942957;
1.185067;291.953936;
1.617070;563.641062;
0.589901;231.090011;
1.296597;611.662307;
0.895112;342.694898;
1.422330;615.213584;
1.219936;568.522077;
1.501441;441.961605;
0.958148;420.945999;
0.211819;92.857416;
0.981487;435.986136;
1.030556;382.485151;
1.319000;513.922863;
1.114058;504.419133;
0.227023;52.422782;
1.445064;616.726788;
1.866037;483.123730;
0.392082;159.834800;
1.798558;618.248149;
0.477550;150.032091;
0.103907;41.760500;
0.155474;56.859036;
1.522106;619.013181;
1.574252;614.429028;
2.482834;568.468872;
1.181284;508.954330;
0.600063;260.870191;
0.474492;133.326374;
1.617146;619.181416;
0.180812;64.651723;
1.402215;621.686993;
0.545863;240.642224;
0.781156;217.042947;
0.513610;240.442045;
1.515315;496.293079;
1.599641;464.326510;
2.105994;624.560786;
0.252636;77.710798;
0.794537;322.014788;
0.610261;284.670828;
0.445352;180.484794;
1.347001;516.405060;
1.297165;518.057420;
0.240528;98.306928;
1.273710;292.195359;
0.387346;173.869254;
1.473002;636.944347;
1.117085;451.305523;
0.946265;377.591770;
1.550131;638.392372;
0.186780;78.021584;
0.220891;93.836094;
1.091539;470.271619;
1.186871;487.400781;
1.359455;596.585474;
0.318682;127.252155;
0.742793;284.983363;
1.378957;638.679335;
1.035341;284.258157;
1.161646;473.250587;
0.853225;369.889158;
0.746168;339.022883;
0.567113;214.816381;
1.308615;551.419216;
1.498498;639.650503;
0.557305;127.808516;
1.050283;466.711405;
0.641829;286.376376;
1.524452;643.063482;
1.550738;643.102175;
0.863483;371.819990;
0.258375;102.096614;
1.074841;471.809729;
1.013720;401.582380;
1.414252;544.548555;
1.073008;470.075641;
1.560108;646.401340;
0.449265;204.728845;
1.205653;420.071556;
2.531126;643.308689;
1.826840;646.436353;
1.012607;481.660000;
1.010044;469.090795;
1.317449;519.432214;
1.400253;524.707201;
0.538513;225.818745;
0.958889;245.000000;
1.535999;646.872596;
0.549187;168.552208;
0.598379;260.553706;
2.232515;597.255829;
0.436296;183.256886;
0.828415;259.614886;
1.357219;310.413792;
1.478858;626.941653;
0.440665;187.505930;
1.690297;648.219608;
0.639893;252.842273;
0.287897;116.105074;
2.221286;587.771821;
0.515975;215.176132;
1.074407;420.807904;
0.988743;434.210622;
0.468269;198.958571;
0.351497;145.788906;
1.461234;432.992634;
0.920389;349.619984;
0.411732;186.173464;
0.938970;423.361328;
1.438214;519.304896;
1.004234;231.129639;
1.064147;414.507041;
1.445412;644.672475;
1.251062;464.571502;
0.845276;367.330351;
0.237352;95.311126;
1.280618;587.517537;
1.637257;650.405898;
0.506436;172.607740;
0.872381;290.270479;
0.717048;229.242936;
0.779173;234.382008;
0.466323;221.713243;
0.696389;299.759298;
0.329547;146.044463;
0.553301;174.015594;
0.932425;302.988946;
1.040837;404.152421;
0.749876;331.721496;
0.088324;33.397434;
1.146775;412.299796;
0.470066;219.404740;
0.283776;104.575585;
1.397213;652.833654;
0.626912;178.192508;
1.255021;585.795429;
1.451240;468.198719;
0.647887;253.890391;
0.473343;200.193261;
0.864753;400.896629;
0.116975;47.702688;
0.641524;262.678544;
0.425081;170.519241;
0.503078;204.973717;
1.916134;439.528432;
1.723412;655.103746;
1.867271;653.189949;
0.373397;162.899401;
1.121498;511.132316;
1.682072;387.200000;
0.638875;200.381060;
0.515061;209.708065;
1.786161;655.488635;
0.191607;74.567616;
1.384439;655.856205;
0.494970;176.479425;
1.175807;500.709772;
1.649979;659.115317;
1.782898;657.670299;
0.647277;269.896889;
1.261361;324.878586;
0.907312;308.461133;
1.471262;661.365691;
0.466209;129.253617;
0.998414;386.559715;
1.490734;662.586835;
1.061370;492.576539;
0.626834;223.920049;
0.384620;175.105740;
2.480553;661.593800;
0.303321;117.887724;
0.978931;283.624423;
0.247042;105.541513;
0.882277;309.937191;
1.018192;315.049643;
0.452933;178.604235;
1.386641;536.114303;
1.020253;352.123707;
1.200400;491.504645;
0.346298;156.635119;
1.422822;657.973920;
1.767799;634.156321;
1.511896;535.725678;
0.406726;154.906343;
0.373316;162.640811;
0.934002;413.760035;
1.641368;376.605448;
1.338113;573.957133;
0.371919;131.793073;
0.822434;342.591227;
0.887812;401.987993;
1.276414;292.866650;
0.862937;281.716010;
1.466606;598.375274;
0.315534;138.679309;
1.438659;640.780418;
1.351707;414.058644;
0.483748;229.710454;
0.551025;243.468415;
0.579331;255.615542;
0.787511;354.265150;
0.574843;266.609135;
0.713674;278.153529;
2.820983;648.791128;
0.668431;201.925352;
1.403696;501.679898;
1.320655;601.883241;
2.015594;636.805537;
1.020658;436.256458;
1.503823;614.471360;
0.575576;268.565265;
1.393214;662.626059;
0.275085;116.031560;
1.448255;663.676423;
0.937567;365.410922;
0.353657;81.378441;
0.965868;408.083949;
0.995542;434.162022;
1.098109;466.424962;
1.486409;670.300856;
0.696412;284.110590;
0.178094;69.071340;
1.602221;670.926453;
0.863634;378.787791;
0.734682;268.820171;
1.246004;513.705227;
0.645916;287.676163;
1.094796;363.196976;
0.315053;145.000339;
0.277291;110.515220;
0.728844;286.110034;
1.803933;671.766326;
0.828358;331.938573;
1.834000;672.014555;
1.763252;672.339946;
0.358540;163.907909;
0.923070;360.341041;
0.382276;151.955876;
0.808414;297.948645;
0.476563;143.641025;
1.557693;427.140288;
1.181140;461.868796;
1.179047;498.494729;
0.803734;224.318864;
0.886267;289.443213;
0.599654;223.571641;
0.346963;152.512881;
1.403586;539.282441;
0.256887;122.469597;
1.434816;535.971457;
0.576172;245.945881;
1.733610;673.068949;
0.942602;439.558357;
2.043143;608.096328;
0.307572;113.148581;
0.841819;195.085512;
0.658117;283.992739;
1.466300;674.964431;
1.022416;368.993069;
0.275854;63.162054;
0.836533;216.482000;
0.481192;187.006329;
0.935682;240.102779;
1.424198;481.843120;
0.529115;240.304061;
0.746699;298.522615;
2.591553;675.256279;
0.760740;303.851648;
0.477503;220.473071;
0.875405;339.370580;
1.108535;497.880685;
0.438871;141.611198;
1.476752;677.574059;
0.900797;375.744042;
1.197972;486.341078;
0.050123;38.049912;
0.138198;49.037190;
1.222626;538.484981;
1.707468;678.497552;
2.252132;604.673300;
1.244331;295.820285;
0.187049;82.472343;
2.050812;678.336878;
0.726230;295.358014;
0.891579;283.207065;
1.043518;497.445074;
0.278144;119.246801;
1.198406;318.339936;
0.360603;82.922600;
0.731256;277.042780;
0.455856;208.540403;
1.535552;679.652695;
1.602154;592.963262;
0.583031;220.298483;
0.848232;306.144543;
0.720886;309.370549;
0.872916;354.182069;
0.989544;433.442115;
0.261903;94.634100;
1.314754;534.806384;
1.031000;448.720415;
0.613312;277.735339;
1.470736;654.312023;
1.076977;245.887488;
0.673610;287.903573;
1.576191;681.612727;
0.789214;307.783558;
0.553226;239.164628;
0.320536;118.190395;
0.869215;386.717519;
0.421974;167.110103;
0.738593;303.679426;
1.397100;547.844966;
1.663101;479.407847;
1.418840;560.581570;
0.759268;327.603812;
1.259650;377.721877;
1.120121;459.462141;
1.177261;402.869764;
0.212644;63.575211;
1.303060;595.395234;
0.317308;148.019548;
1.518068;683.908792;
1.761105;683.719004;
1.474713;518.251844;
1.114539;408.644603;
0.693990;301.088046;
1.232068;475.470381;
0.781365;340.406964;
0.732351;282.930957;
0.631755;294.867215;
1.755072;685.658060;
0.854627;310.898546;
0.569002;228.674941;
0.900073;389.606560;
0.947074;440.099650;
0.254511;66.512287;
0.615883;285.790634;
0.289331;72.899214;
1.270491;497.774214;
0.777775;342.731794;
0.291501;138.463999;
1.442117;560.566152;
2.187150;502.250000;
0.416017;96.942120;
0.845925;363.152629;
1.241366;458.031134;
0.724599;333.092471;
0.460142;161.468616;
2.534136;584.569984;
0.514743;193.551336;
1.602427;581.363956;
0.780193;356.534744;
0.559592;217.377088;
0.210543;91.954750;
1.821037;670.433060;
0.262938;113.832212;
0.886494;262.387290;
0.943550;357.064378;
1.593111;684.905036;
0.559643;200.583590;
1.453647;690.061387;
1.555559;686.424142;
0.729437;316.051894;
0.558297;128.811332;
1.432581;608.566756;
2.225474;690.687821;
1.447735;692.217654;
0.751500;330.137341;
1.513669;692.664140;
1.643661;691.217928;
0.435616;192.152065;
0.895321;339.124345;
1.092638;460.639434;
0.585102;249.241997;
0.721654;290.789964;
0.757918;317.152592;
0.974251;442.659300;
2.051378;470.063168;
1.268521;321.672560;
0.918728;398.982896;
1.153804;537.367794;
0.367157;146.114416;
0.376127;160.773276;
0.551351;240.875440;
0.562736;260.358742;
0.582823;267.312929;
0.590270;187.841674;
0.756277;299.923015;
0.634436;146.154374;
0.381482;158.171718;
2.020803;692.704342;
0.675649;200.599325;
1.131367;516.701158;
1.096058;523.292952;
0.289260;118.495603;
0.317171;128.560237;
0.575928;228.593407;
1.231658;575.354143;
1.381776;537.429115;
1.723185;693.146704;
1.339979;617.291266;
1.057619;490.132206;
0.780522;267.190683;
1.701218;694.318827;
1.572000;698.013328;
1.504215;699.536727;
0.280133;114.417438;
2.196233;694.404249;
0.583268;219.174568;
0.603266;286.934785;
0.800600;218.366838;
0.909057;349.257919;
0.919096;396.740014;
0.433515;171.455095;
0.624712;279.117858;
0.723244;297.897523;
0.710823;313.824340;
0.989956;437.131236;
1.501781;418.280290;
1.116815;454.376474;
0.937808;319.183753;
1.263588;553.711295;
0.610836;264.135464;
1.285252;427.922758;
0.650905;307.199029;
1.196974;550.415615;
0.649996;278.316371;
1.318770;593.320541;
0.790191;281.017807;
1.552259;700.298436;
0.784288;289.987321;
0.761904;304.780209;
0.431083;138.212315;
0.853148;359.973617;
0.444063;207.503157;
0.796245;282.133684;
1.074105;477.313734;
1.134874;462.518497;
1.413349;487.264165;
0.575326;241.778063;
1.187666;348.404543;
0.869163;232.474421;
1.345760;575.738225;
2.392069;702.525202;
1.594320;513.820990;
1.262721;419.187651;
0.880591;288.967214;
0.967199;456.299353;
0.311583;128.088217;
0.252871;95.057550;
1.174602;471.465515;
1.263626;395.671580;
1.279184;536.004906;
0.431701;162.623703;
1.485603;537.738857;
0.552725;236.139121;
0.790313;354.220854;
0.406193;144.108583;
0.306322;107.715044;
1.685113;688.314540;
0.134729;47.271266;
0.382551;167.869868;
1.604747;703.406210;
0.885531;303.624456;
1.653391;704.903537;
1.000976;467.941484;
0.518726;224.518181;
0.573524;243.673799;
0.644282;308.312971;
0.851231;196.782820;
0.805050;343.912175;
0.087757;36.781022;
0.352930;139.152724;
0.181889;78.860157;
0.236587;55.022365;
1.587330;705.760123;
0.294900;94.008273;
1.644200;639.762942;
1.114084;423.177157;
1.992594;529.687500;
0.535767;179.392324;
2.201084;576.849244;
0.732811;337.281423;
0.983573;436.756742;
1.208490;276.937472;
0.899121;387.953778;
1.389923;318.247956;
0.584039;231.960358;
0.667322;213.809260;
1.472329;587.094426;
0.367310;84.914698;
0.950347;304.925841;
0.797080;246.429820;
0.462162;204.870634;
1.036864;400.136863;
0.604409;175.579440;
1.568789;620.283814;
0.252939;66.115503;
1.614572;627.799916;
0.802461;339.260555;
0.263314;121.726480;
1.585973;659.688391;
1.560726;687.911816;
1.667709;689.030662;
0.197292;82.918795;
0.695290;294.886138;
0.815669;270.251839;
0.716352;343.130522;
0.270628;122.735199;
0.769615;261.102773;
0.745641;269.662637;
0.569673;222.921568;
0.737034;301.623140;
0.879767;403.846558;
1.653773;379.877750;
0.288449;128.747463;
1.075095;410.646652;
1.181404;526.541727;
0.800054;235.095513;
0.240993;103.363251;
1.071807;512.314417;
1.188230;559.624735;
1.043412;425.688843;
0.806127;378.550525;
0.240832;112.592526;
1.277889;537.442556;
0.673465;287.493335;
0.427314;200.476574;
1.761360;706.532192;
2.526260;580.543200;
0.498685;199.816525;
0.335989;120.963044;
1.007676;452.109143;
1.379795;394.890678;
1.651922;393.833827;
0.695250;262.747166;
1.129737;384.460069;
1.445652;462.123363;
1.505098;542.150022;
1.500347;641.957232;
0.361857;143.551293;
0.572436;216.915400;
1.156045;531.719743;
0.519274;223.711393;
0.749123;274.186391;
0.609549;272.906486;
0.262761;121.084727;
1.201049;415.584393;
1.431520;603.869038;
0.461934;128.270587;
0.259564;119.562544;
1.428872;630.502070;
0.644324;260.471604;
0.341931;119.229532;
1.580546;707.211772;
1.635153;680.838565;
0.280376;128.893299;
0.806938;323.713902;
0.860122;350.021043;
0.503397;199.752311;
1.219845;434.520329;
0.096247;45.076649;
1.296734;530.540162;
0.796305;363.759469;
1.138907;385.604408;
0.731958;283.088098;
1.083681;444.048960;
1.205281;495.376827;
0.323640;104.625000;
1.450790;455.128812;
0.890018;351.087702;
1.787791;707.738910;
2.065757;555.819250;
0.147680;66.570030;
1.172802;541.647409;
0.232088;104.261387;
0.534174;219.697929;
1.461424;533.736057;
0.263190;107.077428;
0.277706;110.940109;
1.732357;494.271972;
1.684970;708.949300;
0.334386;131.994123;
0.082391;39.365204;
0.287478;114.889270;
1.429594;541.175192;
1.341796;513.944339;
1.744786;571.913476;
1.641459;710.290093;
0.820502;348.183386;
0.951315;388.094315;
0.184799;83.285482;
0.630928;261.045518;
0.529652;221.804631;
0.309171;85.568115;
1.396046;608.346680;
0.140427;61.071662;
1.241716;441.104825;
0.110860;42.672219;
0.892536;301.012286;
1.666462;668.693181;
1.598000;712.759562;
0.275581;90.864966;
0.431646;187.537181;
1.094435;506.224562;
0.668879;283.975919;
1.368006;463.196209;
0.101184;43.605950;
0.551098;213.134903;
2.905373;712.290365;
0.927191;312.042906;
1.536207;706.574215;
0.699811;270.089740;
0.713207;232.670012;
2.009375;713.321152;
1.529016;655.482908;
1.042913;238.094150;
1.023583;434.369812;
1.684737;716.897309;
0.535343;239.490445;
0.335568;122.646251;
1.283562;523.213060;
1.291799;561.178960;
0.566232;251.663041;
0.310167;131.007133;
0.261461;108.218939;
0.352471;161.893387;
0.371218;115.476516;
1.587411;606.645014;
1.575814;705.174195;
0.427795;136.839168;
1.814961;673.958008;
0.695197;300.567350;
1.524953;717.724147;
0.251672;117.592621;
1.422819;431.150054;
0.603808;263.926409;
1.529024;423.540987;
0.820397;266.449818;
0.295814;141.108060;
1.558371;718.183403;
1.081449;498.191251;
1.890626;717.988489;
0.385342;93.796553;
1.020186;445.821621;
0.503318;209.615378;
1.209210;514.424049;
1.315898;490.468870;
0.225331;85.876173;
1.416510;582.663064;
1.258560;492.064646;
0.777123;254.529393;
0.313175;116.514955;
0.757800;173.978055;
0.484267;195.302251;
1.015555;301.708950;
0.439182;164.654104;
0.821017;335.030091;
1.377931;639.288265;
0.859303;354.285361;
0.951124;220.459810;
1.505497;718.454726;
1.749877;645.722779;
0.529081;236.074273;
1.355592;313.632000;
0.701742;309.202316;
1.026986;328.374718;
1.394675;612.549362;
1.192600;332.242762;
0.972421;411.675360;
0.302787;139.225187;
1.702261;718.871081;
1.839565;719.280896;
0.822165;258.819895;
0.886778;285.817254;
0.450481;176.073788;
1.084305;421.401457;
1.424380;643.986455;
1.255121;538.748234;
0.579478;255.033656;
1.181093;423.985148;
2.104586;719.602899;
1.612674;702.558835;
1.552372;699.880824;
0.725474;268.945362;
0.697889;295.555200;
0.593421;193.342478;
0.877511;387.009129;
1.227162;477.113189;
1.269757;577.497063;
1.399273;637.099089;
1.213840;416.084366;
1.084358;441.904665;
1.288067;420.975157;
0.727991;251.868498;
0.644767;197.456896;
0.905733;394.844381;
0.497310;175.663181;
0.636965;274.781126;
0.625000;248.794094;
1.121929;393.893876;
0.921226;424.903173;
1.095071;455.166687;
1.162504;503.641420;
1.061674;373.443289;
0.556058;207.367631;
0.712982;325.325891;
0.483512;208.769458;
0.617486;166.021626;
1.478854;625.073780;
0.540423;224.813534;
0.660819;216.509859;
0.439784;179.664386;
1.053805;446.676910;
0.131833;52.156708;
0.593945;281.628531;
1.175933;473.878534;
0.281704;102.630179;
0.333096;146.332059;
1.485310;495.335816;
0.377306;161.603841;
1.481846;592.708892;
0.260580;96.480348;
0.946927;352.467599;
2.152072;543.583595;
0.447531;102.814351;
1.127813;478.002437;
1.207609;510.882111;
1.320425;582.688849;
0.687645;278.095519;
0.116645;46.335817;
0.779423;328.991295;
0.847917;382.626644;
0.473666;174.441361;
1.199331;546.101631;
1.231860;585.875492;
0.359234;160.786266;
0.190200;89.681497;
1.093142;310.255246;
0.449894;182.032255;
1.653223;709.549210;
1.694179;648.218441;
1.652401;711.249666;
1.003560;396.601058;
0.835985;364.676585;
0.671191;162.832880;
0.982211;356.249474;
0.420239;181.761352;
1.422326;639.980228;
1.724009;626.544564;
0.478400;175.712364;
0.776005;300.113570;
0.417795;171.758017;
0.304943;134.999711;
0.388518;129.793264;
0.405342;192.448756;
1.664005;711.652124;
1.575096;711.679715;
1.673273;719.825618;
0.627462;262.881166;
1.594439;618.665937;
0.627154;253.080127;
0.449435;178.085046;
1.047334;393.989650;
1.391155;597.795233;
1.123113;409.405229;
1.646898;558.851983;
0.305349;140.782609;
0.134120;53.676709;
1.601703;661.953498;
1.456011;519.401709;
1.955098;721.296595;
0.408084;104.985063;
1.080821;476.804922;
0.773721;333.554419;
0.315397;101.830108;
1.359126;406.658006;
0.529625;240.603705;
1.149543;371.896182;
0.818684;368.534841;
0.997521;423.645311;
0.259977;86.313600;
0.886336;318.718643;
1.185605;512.228869;
0.369735;112.506183;
1.562371;703.110039;
0.229756;100.574143;
0.688315;324.635812;
0.739524;291.272517;
1.597323;705.959836;
0.538059;166.741490;
0.566434;241.394838;
1.801922;722.438804;
1.136975;425.922432;
1.219612;442.707078;
0.793897;219.667435;
0.087162;31.997618;
1.086687;377.790619;
0.370082;162.149846;
1.602514;722.452989;
0.415083;155.662224;
2.089334;722.492809;
1.121549;459.418442;
0.255587;87.736422;
1.104372;525.383681;
0.243405;116.018314;
0.729103;259.290716;
1.427593;589.390507;
2.116788;487.090548;
1.863930;653.786125;
0.288973;133.969898;
0.834504;362.477915;
1.325459;555.345026;
0.455338;172.374836;
1.103139;432.965799;
0.530347;226.672019;
0.741387;353.769495;
0.752773;276.815479;
2.204043;570.213588;
0.892806;371.806852;
0.239397;108.485562;
1.487632;660.223298;
0.397309;170.147804;
1.339682;545.822634;
1.245461;547.126633;
0.976836;393.561207;
0.280933;119.300941;
0.817579;195.709210;
1.081946;455.424559;
1.378047;501.692816;
1.309837;571.452571;
0.648763;158.777172;
0.508048;192.520463;
0.212605;92.683817;
0.781765;264.257373;
0.354092;162.083535;
1.488925;632.469336;
0.866308;388.365585;
1.440726;671.477005;
1.771253;663.757996;
0.192909;75.875008;
1.349142;549.763426;
0.186995;83.923448;
0.278092;116.985205;
1.401801;544.798233;
0.482264;214.880369;
0.953353;319.069916;
0.743230;170.562825;
2.156380;723.412368;
0.337309;118.848060;
1.179947;383.892005;
1.352494;492.873410;
0.652698;150.599875;
0.405519;166.610676;
0.923432;264.863350;
0.918257;402.984824;
1.621385;725.706607;
0.398270;148.996793;
1.283551;428.316073;
0.421121;180.475068;
0.772226;338.582326;
1.226287;542.342248;
1.849842;723.795947;
0.321641;100.824625;
1.314636;541.600918;
1.632793;414.369668;
0.294543;114.188595;
0.233327;98.548822;
1.742720;731.132065;
2.479895;730.434641;
0.914278;248.245479;
0.546339;161.297886;
3.096183;725.781250;
1.071012;491.398904;
1.250533;411.533924;
0.788375;375.877080;
0.481704;111.752432;
1.512653;574.444678;
1.506611;617.815125;
1.576995;654.003166;
1.762247;626.960664;
0.130982;34.800730;
0.918113;395.300775;
0.685814;180.108686;
0.601327;140.748167;
1.437560;626.128231;
0.347884;124.930369;
1.444711;642.214045;
1.712495;492.926732;
0.269245;105.394883;
0.339586;139.427657;
0.528250;246.960728;
1.568761;733.198540;
0.668280;188.774331;
0.523000;234.317327;
1.235474;496.294288;
0.210394;76.264866;
1.014740;351.149508;
1.921895;733.219876;
1.573469;733.458253;
1.644169;601.671425;
0.600701;223.176036;
1.659693;736.581179;
0.483667;211.217476;
0.825980;311.224963;
0.780729;344.019395;
0.815048;337.592401;
0.767632;354.771933;
0.774811;356.733932;
0.232697;97.761965;
0.159024;59.057602;
0.457235;199.537943;
1.196775;411.885733;
0.433271;182.554516;
0.183353;84.206705;
0.073024;55.810560;
1.570100;665.978105;
1.838885;642.003555;
1.574752;738.452065;
0.380768;123.230508;
1.917825;738.112978;
0.750707;322.350119;
0.034001;29.160000;
2.076936;740.313493;
0.136353;48.968177;
0.223962;88.509836;
0.315927;137.967420;
1.369299;456.567006;
0.191305;65.459891;
1.721810;740.500744;
1.717410;741.600828;
1.752864;741.159852;
1.722531;741.978508;
0.560488;229.570311;
0.748429;199.186339;
0.568635;272.019981;
0.246110;109.675000;
0.920081;387.446432;
0.928274;389.772336;
0.743714;336.670324;
1.051404;437.709271;
1.077229;453.469090;
1.246090;596.581204;
0.594599;251.558936;
0.311414;120.157699;
1.039630;437.493559;
0.380167;156.185293;
0.260639;99.611251;
1.652728;630.030993;
1.291644;570.322158;
1.975282;742.311018;
0.713523;301.518274;
1.411075;465.542320;
0.777926;345.942708;
1.118017;348.664311;
1.710006;615.948147;
0.478681;229.097666;
0.925693;441.340231;
1.102704;290.499525;
1.737959;742.490393;
0.151556;53.293005;
1.733787;743.475716;
1.398563;565.546048;
1.447463;627.671540;
0.314394;138.109795;
2.490833;647.780000;
0.675654;234.964249;
0.793062;333.612715;
0.658019;297.173576;
2.053960;744.183352;
0.433728;132.707263;
0.991509;413.981901;
0.851950;290.748981;
0.586527;213.857250;
0.205816;89.660011;
1.060493;429.096518;
1.056967;275.347207;
0.442032;176.901669;
1.277463;560.092565;
1.453181;618.524838;
0.426990;156.761338;
1.985294;529.753782;
1.124665;376.203561;
1.009567;402.854863;
1.516681;559.931886;
0.329307;149.594826;
1.154851;553.404586;
0.523301;228.282466;
1.543639;567.657098;
1.526309;615.301709;
1.532028;640.052125;
1.622061;621.761738;
0.927383;352.550270;
0.439420;146.093399;
0.639341;294.403168;
0.573842;238.474723;
1.022327;381.268569;
0.938207;418.351104;
1.259559;480.099877;
0.275483;122.236489;
1.616924;640.461833;
1.242133;491.916924;
1.397813;642.733741;
1.487775;534.122933;
1.080061;395.700894;
0.262055;103.049635;
0.340292;154.558955;
1.301391;423.134182;
1.264595;504.692884;
1.487393;707.175783;
1.917132;523.381023;
0.349162;110.489932;
0.355942;147.128981;
1.955635;566.461700;
1.719686;719.361764;
0.439967;173.216541;
0.679571;195.025846;
0.708445;246.591534;
0.553852;249.041447;
0.495722;206.432632;
0.795307;336.406499;
0.620427;294.432856;
0.491034;219.994176;
1.195018;439.589202;
0.898125;354.421722;
0.375974;139.659112;
0.995107;421.161100;
1.343482;498.957480;
0.232322;61.381360;
0.731712;326.087606;
0.609684;251.432873;
1.018328;385.093072;
0.646537;257.328798;
1.506507;566.192163;
1.669489;560.600074;
0.352665;135.556554;
1.116796;484.295427;
1.345524;640.864430;
0.665177;174.113049;
0.312944;122.490048;
1.083405;488.467904;
1.266339;465.112042;
1.992526;747.062445;
1.449787;629.476131;
0.863924;340.477946;
0.996584;424.105023;
1.758496;705.131909;
0.888070;398.717870;
0.983543;389.353659;
0.276676;134.162000;
0.768383;291.971575;
1.736689;603.910031;
1.798228;747.192159;
1.063308;444.488916;
1.299302;588.901698;
1.739730;524.052234;
0.285017;100.624065;
1.182431;561.299370;
1.520182;719.189433;
0.655052;229.116280;
0.562816;247.483032;
1.777346;747.310613;
0.544021;215.413784;
0.771525;343.013262;
1.000122;376.236510;
0.557898;247.262386;
0.852456;351.474144;
0.364847;141.985454;
1.047266;423.889622;
0.917015;319.650199;
0.568460;217.217528;
0.503737;231.230896;
1.236772;324.400500;
0.639282;282.766428;
1.236733;498.838536;
1.890370;748.106465;
1.083140;498.941987;
0.362857;133.839480;
1.671591;752.359298;
0.176017;65.887948;
0.766253;340.615441;
2.063900;751.700753;
1.075427;444.989069;
1.135973;526.544214;
0.659658;257.480394;
0.272191;62.640700;
0.733411;266.790998;
1.576477;476.214248;
1.136131;466.215016;
1.280752;456.719949;
0.503667;231.534656;
0.776052;269.128314;
0.506157;164.316600;
1.118756;395.958599;
0.247555;107.739578;
0.709229;320.715196;
0.225933;68.232944;
0.747126;291.370739;
1.473813;466.280810;
0.307614;138.376084;
0.376619;147.145465;
1.313116;555.070322;
1.681468;694.291300;
0.322566;130.160192;
0.608974;281.301490;
1.804271;753.723346;
1.629043;754.243580;
0.137454;65.868462;
0.858656;349.701313;
0.164454;72.591236;
2.083375;538.439006;
0.774653;332.064276;
1.656598;755.662016;
1.038378;413.021785;
1.607852;755.995144;
0.645971;148.606650;
0.588863;268.059431;
1.572674;439.070529;
0.603144;260.017429;
1.235707;590.116340;
0.740573;342.734851;
2.299057;756.267264;
0.852841;306.060567;
1.085289;485.952967;
0.644392;238.642380;
0.558163;265.587110;
0.345522;112.555361;
1.475104;662.305437;
0.291703;125.225012;
1.374049;458.468572;
0.380243;132.946739;
2.039199;756.416453;
1.190028;543.644265;
0.503688;227.587930;
0.773401;245.925037;
1.641760;706.953812;
1.693515;757.424502;
1.651410;757.784093;
0.472201;180.849568;
0.972225;439.896119;
1.158017;365.355869;
0.735456;266.677481;
1.407471;626.432965;
0.729077;251.723598;
0.529614;231.362594;
1.285020;508.411919;
0.116982;45.538381;
0.703757;322.158783;
1.579565;673.307828;
0.236142;86.942416;
1.732986;706.100234;
0.175954;64.817422;
0.571375;264.228587;
1.384130;515.234220;
0.892904;348.798248;
1.670560;759.851021;
1.979442;759.758669;
0.822071;327.790623;
0.828211;391.174239;
0.422594;172.572483;
2.620501;735.280075;
0.566920;216.841208;
0.265230;126.316277;
0.803726;344.015333;
1.101890;409.539724;
1.126444;441.889804;
0.938965;375.364766;
1.176742;495.934050;
0.295498;119.971567;
0.447112;158.834600;
1.052964;452.317210;
0.609391;214.132672;
1.698428;760.051207;
1.183146;541.518123;
0.495471;212.946794;
0.984962;269.472248;
1.732796;759.721585;
0.221061;96.354564;
1.713227;761.024338;
1.464791;674.041344;
1.100289;313.350741;
1.109032;430.517883;
0.799113;331.458203;
1.397580;650.373668;
0.789368;340.272339;
0.957573;428.565797;
0.562654;180.830430;
0.608805;253.695741;
0.514205;243.569051;
1.398041;477.957607;
1.369145;526.065432;
0.787498;196.014401;
0.425635;157.348944;
1.002343;428.505899;
0.322573;105.825240;
1.203955;532.880861;
1.166166;265.885636;
1.071292;402.147060;
1.821241;546.935624;
1.105979;449.457566;
0.538894;123.657300;
1.253393;600.347575;
0.448638;165.632029;
0.607349;194.436291;
0.736689;299.256643;
1.698307;653.677942;
0.981501;402.165342;
1.052184;432.834702;
0.924447;279.692686;
1.298428;404.552095;
0.952365;397.991336;
1.095292;434.251180;
0.516556;160.801000;
0.946012;448.116550;
1.048979;443.609877;
0.270711;80.012473;
0.254803;109.941096;
1.020166;471.771600;
1.708290;421.486028;
0.361305;157.717722;
0.758177;204.870234;
1.324336;584.923221;
0.430021;193.447038;
1.465988;624.002026;
1.537714;610.917571;
0.307649;138.082832;
1.698206;715.434860;
1.556601;738.385341;
0.692329;271.579804;
0.919169;308.895788;
0.891395;342.003617;
0.965345;383.549207;
0.705936;163.696950;
1.325002;508.983098;
1.614044;637.591073;
1.122150;465.996896;
1.109075;251.796349;
2.018696;762.418712;
0.608912;173.778352;
0.660580;303.702633;
0.394080;168.028298;
1.616505;706.962911;
1.263682;507.396625;
1.601537;763.081823;
1.758821;763.720092;
0.706390;276.332755;
0.856019;305.032364;
0.104896;43.057676;
0.514219;228.758013;
0.199043;90.213802;
1.283605;295.051480;
0.870967;267.441282;
1.527545;598.491963;
0.240639;60.183608;
0.707337;334.602638;
1.950606;763.844146;
0.262754;109.165785;
0.963786;413.100490;
0.789466;322.974470;
1.405626;596.406827;
1.120260;471.862914;
1.446534;607.862282;
0.949167;427.721770;
0.702090;277.674697;
1.848527;764.392136;
0.779657;312.362961;
0.815474;319.180071;
0.865693;363.576984;
0.836253;375.068425;
2.160479;765.071444;
0.920987;422.358378;
1.023081;487.035524;
0.983639;420.168632;
1.147323;419.275736;
0.807040;295.809426;
1.507597;719.205360;
0.253144;120.996408;
0.142208;67.448640;
0.970635;408.002269;
1.943482;765.516154;
0.711390;336.440499;
1.409126;445.233302;
0.926508;296.947315;
0.965571;308.051070;
0.892217;336.468379;
1.687634;725.629994;
1.790706;611.524404;
1.564032;738.409286;
0.608055;269.439038;
2.172835;730.202517;
0.928871;324.567916;
0.384116;109.559098;
1.758455;700.959379;
1.618715;688.261795;
1.603933;766.740668;
1.737153;765.609914;
0.737360;297.857925;
0.796567;345.048342;
0.727884;317.720414;
0.325075;138.953889;
1.053048;363.954241;
1.190051;541.474766;
0.721978;293.455589;
1.371642;552.704769;
0.672887;296.867352;
1.546396;608.472040;
0.633252;228.496595;
1.090467;422.105110;
0.413286;177.718515;
0.146702;67.751946;
0.491300;188.123826;
1.318695;574.042990;
0.843013;348.159229;
1.655890;626.476910;
0.780428;321.664337;
1.357537;532.838593;
0.640545;240.134092;
1.518992;652.633339;
0.316883;142.083224;
1.237934;398.973633;
0.299769;118.169666;
0.216420;96.987590;
0.223008;90.875399;
1.331286;541.268998;
0.372471;173.279227;
0.566071;244.318334;
1.802595;680.262331;
0.276150;118.363277;
0.750923;333.274065;
2.077374;766.797172;
1.602385;735.424788;
0.525355;149.323489;
0.853390;402.051585;
1.594468;599.976874;
1.038346;426.384903;
0.430469;153.102944;
0.548687;149.058000;
1.705024;729.582589;
0.637299;204.265173;
0.941446;320.868105;
1.729818;767.065200;
0.691573;263.049775;
0.355201;84.757701;
0.557835;192.697464;
1.167277;494.778086;
0.699321;289.847502;
0.386766;141.971375;
0.965343;382.759920;
0.862167;403.314675;
1.031605;456.904453;
2.128921;767.676542;
0.708689;336.959858;
0.785707;343.639973;
0.537921;232.775776;
0.981693;438.675056;
1.858727;564.746563;
0.210046;47.978432;
0.761780;286.311164;
1.160653;517.746594;
0.905563;362.462404;
1.307659;550.432822;
1.164018;528.320368;
1.407387;561.288464;
1.578829;586.094440;
1.472152;599.021008;
1.350485;565.372200;
0.941873;397.337424;
0.471868;193.590133;
0.622398;150.975950;
0.890269;354.881883;
0.350592;157.186081;
1.437828;683.299386;
0.827784;275.282000;
0.479840;199.023432;
0.665288;311.702266;
1.770515;768.146067;
1.841470;735.527006;
0.252872;99.070265;
0.874190;334.296379;
0.442825;174.767448;
0.517198;211.515787;
1.181346;482.853665;
2.237946;768.191358;
0.792903;224.872556;
0.817107;380.293983;
1.096232;389.358715;
1.208856;567.709812;
0.864406;327.063789;
1.136470;409.830031;
1.466327;668.097962;
0.577855;223.912555;
1.097182;491.077479;
0.884364;248.587877;
0.650740;241.610714;
1.659827;675.947556;
0.209421;83.942135;
1.583610;755.295089;
1.071884;455.312152;
0.607977;248.219878;
0.293869;141.467492;
1.595269;634.539142;
1.849597;768.220445;
1.740566;771.217141;
1.833498;769.728847;
0.368456;125.910132;
0.412563;190.889457;
1.145382;502.125581;
0.303804;140.449172;
0.968875;396.461985;
1.366941;650.079615;
0.348486;129.123611;
1.077541;418.032527;
1.118348;475.254157;
1.509467;683.832842;
0.943762;428.310826;
1.543637;575.758747;
1.496962;672.748845;
1.676195;699.530905;
0.760466;361.958575;
0.315791;73.559609;
0.851369;375.153237;
1.090751;338.835143;
1.058477;471.269624;
0.996948;290.864896;
0.989861;368.964050;
0.658701;246.691418;
0.494897;194.009220;
1.304920;607.148484;
0.918803;346.385709;
1.430657;616.961439;
0.653327;235.765808;
1.485417;709.298779;
1.529176;685.771504;
0.201030;73.624988;
1.945288;504.210000;
1.491723;607.398854;
1.786315;771.503356;
0.463010;162.778520;
1.973264;739.333624;
0.555323;205.009212;
0.214039;85.438156;
0.454385;189.098007;
0.372319;151.624563;
0.995599;342.218064;
1.472342;621.654366;
1.555566;620.169408;
0.275287;119.102715;
1.502486;660.237481;
1.561167;683.967208;
0.333911;99.376152;
0.707047;317.171536;
0.688867;282.469086;
1.785898;772.941514;
1.702398;774.706711;
1.924702;774.562804;
1.043177;438.417255;
2.028813;742.858605;
1.905980;774.743578;
0.707168;235.414634;
0.305415;135.157709;
1.085509;321.537233;
0.276950;116.904983;
0.519976;215.519408;
0.208561;93.152093;
0.912997;329.431084;
1.054173;352.391406;
2.053127;722.499419;
2.073704;734.938245;
0.629226;285.052431;
0.611624;191.871128;
1.551998;682.102413;
1.597685;734.244796;
0.941773;406.110644;
0.361037;162.872586;
0.557901;258.071537;
1.257466;293.204787;
1.053941;243.370368;
0.735434;318.351973;
0.346750;150.861513;
1.003462;426.081295;
0.482584;210.919177;
1.518269;594.979397;
1.621930;629.831713;
0.671833;219.461583;
0.619936;275.524422;
1.936469;776.627985;
0.469495;211.923756;
0.874344;399.965868;
0.346635;132.848876;
2.245608;776.260927;
1.161427;480.138327;
1.126230;400.418042;
1.129467;495.519207;
1.226338;517.771824;
1.298279;513.088953;
1.830649;489.065472;
0.936116;440.241143;
1.540333;398.370000;
0.810809;349.448772;
0.568245;228.368039;
0.975253;439.522141;
0.999508;442.139952;
0.395226;148.688830;
0.994886;349.561671;
1.125727;459.282348;
1.419941;548.547932;
1.268001;596.360649;
0.904216;322.612560;
1.310536;603.429087;
0.262244;119.384233;
0.438795;169.508110;
0.145226;64.678145;
1.044042;426.341461;
1.479969;343.155398;
0.908093;392.206870;
0.990508;442.341658;
1.535601;607.713249;
1.494731;630.985138;
1.244735;328.068975;
1.189861;494.045339;
1.622462;685.062734;
0.967201;283.315500;
0.886066;386.814573;
0.216622;92.730013;
0.661825;279.444620;
1.040944;431.502108;
0.801228;380.980647;
0.201247;89.727856;
1.292827;444.283631;
0.977550;410.184025;
0.747164;342.214010;
0.299514;132.458875;
1.364989;562.074073;
1.412034;525.648306;
0.218545;93.758767;
1.258097;510.896596;
1.059457;370.601050;
1.013186;435.856274;
0.925280;270.220104;
1.138473;457.484934;
0.685474;283.878884;
0.245955;102.554307;
0.478259;209.647618;
1.398597;569.229625;
0.381452;150.628228;
0.351243;98.803312;
0.460684;169.116597;
0.282815;110.155637;
0.988943;429.152082;
1.510253;648.416403;
0.241372;87.985625;
1.628694;674.045511;
1.216805;454.204598;
1.857101;702.567749;
1.900814;687.507793;
0.400208;158.898204;
0.457389;163.040974;
0.557925;170.537688;
0.558449;210.646622;
0.666527;235.872700;
2.025620;754.122980;
0.977202;269.486883;
0.975811;379.656102;
0.523518;178.410905;
1.054453;460.010140;
0.176204;68.692930;
0.805945;266.648303;
0.260533;107.564953;
1.153261;458.607387;
1.803410;776.688203;
0.933119;407.606342;
0.246589;89.723533;
0.629232;298.200170;
2.336781;776.932902;
1.149114;324.077144;
0.867552;354.102312;
0.962283;409.970872;
0.309087;131.054026;
0.634892;262.387435;
1.286949;521.993367;
1.286220;432.122157;
0.894579;332.225963;
0.401846;143.099228;
1.314295;556.341300;
1.563903;400.295603;
0.600938;159.593753;
1.982630;776.952631;
1.672324;731.874811;
0.889323;406.847134;
0.620779;253.664780;
0.862619;350.192917;
0.766903;177.724368;
2.220632;777.288404;
1.442465;629.385494;
0.985872;374.861746;
1.645611;777.970043;
0.668838;153.462544;
0.471823;212.534409;
1.983321;778.135208;
0.746159;326.091023;
0.443982;195.537508;
1.336586;593.274247;
0.338047;112.517637;
0.651372;273.300717;
2.434077;561.129625;
1.977755;561.507392;
0.305175;119.913736;
0.346492;160.220615;
0.980941;472.097230;
0.527154;174.285981;
1.173754;409.873610;
0.436312;203.975099;
1.684273;601.444841;
0.774278;274.264509;
1.042520;431.334004;
0.377526;160.396556;
0.578956;200.270541;
0.821682;362.766751;
0.192287;66.367061;
1.922670;704.444864;
1.994934;778.526895;
1.319481;570.671058;
0.473723;116.247159;
0.466704;199.162779;
2.873129;663.552000;
0.520173;203.715294;
0.860039;276.026348;
0.776002;349.521430;
0.964874;458.351347;
1.278992;358.573561;
2.510923;779.132919;
0.697073;293.107157;
1.361211;377.913600;
0.591646;193.788572;
1.068794;479.791083;
0.793764;320.055735;
0.628521;194.737209;
0.830705;365.828936;
0.363201;154.368350;
1.108974;483.692242;
1.254021;495.088811;
1.457186;615.899888;
0.990716;349.553083;
0.987890;355.511609;
1.534733;627.938313;
1.723676;718.114224;
0.902318;414.799487;
0.657042;310.037771;
0.510510;224.933381;
0.750265;310.116602;
1.031019;472.623814;
1.419209;634.711191;
1.767821;527.416996;
0.417533;127.719412;
0.863378;337.758899;
0.639661;228.910823;
1.879244;765.720946;
0.917501;347.800627;
1.946251;779.357450;
1.214028;441.350625;
0.648245;285.503655;
1.003612;461.679472;
1.277830;486.314658;
1.343102;481.220999;
0.479091;121.858405;
0.711778;273.427733;
0.420748;176.477433;
0.558926;252.143772;
0.328271;115.593111;
1.982725;741.005045;
0.134300;54.952482;
0.812548;231.708249;
0.424434;160.651743;
1.263247;290.847700;
0.919013;386.849927;
1.031158;345.124148;
0.360628;171.938242;
1.335358;540.511468;
1.583040;621.200506;
0.362667;144.025011;
1.717334;750.964951;
1.760182;779.373426;
0.871707;356.704040;
0.435943;178.489007;
0.407109;188.081516;
1.176169;416.313970;
1.084306;486.594188;
0.817019;285.509777;
1.328388;603.546250;
1.481152;605.468015;
1.929246;442.720512;
1.269677;494.437078;
0.840317;324.044451;
0.351328;129.496289;
0.414508;188.733000;
1.374358;523.710413;
0.888248;395.689100;
0.455707;171.512347;
2.105344;484.459676;
1.680420;779.520640;
1.554754;599.391871;
0.600341;248.965436;
0.225581;92.717614;
1.081750;401.339823;
2.008767;520.380000;
0.801286;337.743444;
0.989581;432.669932;
1.158170;392.999264;
1.309579;491.070256;
1.672513;560.478609;
1.281069;567.981542;
0.202180;79.629551;
1.272776;471.789839;
0.852140;242.544598;
1.390995;591.020285;
0.211777;90.249923;
0.484906;224.699460;
1.543456;572.538767;
0.750500;298.131710;
0.589761;276.639222;
0.422435;149.798559;
0.344610;163.592775;
0.144073;60.230990;
1.309951;511.300404;
1.270859;533.213315;
0.242399;75.660500;
1.548020;569.973163;
1.729603;780.523764;
0.688830;274.967260;
0.542690;222.885601;
0.738235;169.251575;
0.754267;310.104558;
0.563295;235.772012;
2.489041;780.350455;
0.637785;245.340504;
0.377201;175.275174;
0.127788;58.262121;
1.211275;450.461569;
1.266941;469.442251;
1.190429;518.170512;
1.242192;555.438766;
0.629994;207.615290;
1.486299;632.280145;
0.514536;221.604479;
0.869695;369.779205;
1.264959;346.940503;
0.288278;124.259325;
0.442096;192.537631;
2.014604;656.537916;
0.435196;127.863539;
1.218325;492.164907;
0.396829;183.612137;
1.028298;451.667046;
0.614738;274.495539;
1.542603;595.295071;
1.510641;585.212432;
1.252907;350.158890;
0.924323;359.466004;
0.673037;282.717796;
2.087549;780.529949;
1.166527;303.327142;
1.186141;476.972817;
1.380701;388.457920;
0.279219;99.177239;
0.975327;225.699615;
1.358393;367.881356;
1.188216;476.499565;
0.734582;288.569856;
0.280806;111.831177;
0.216209;91.874124;
0.844271;305.772749;
1.252744;583.766766;
0.274086;82.994038;
1.423330;608.331156;
0.971794;313.883084;
0.300891;120.615657;
0.405640;158.481155;
1.811030;672.835469;
2.019772;780.737727;
1.133290;331.162900;
1.070515;443.407278;
1.066463;505.440700;
0.476374;189.287105;
0.171237;39.400000;
1.245449;544.797467;
0.195699;88.612317;
0.623873;276.498882;
3.035360;778.886202;
0.458632;186.763559;
1.030642;290.170720;
0.146492;65.817700;
0.449810;178.873732;
0.348986;154.798150;
0.323866;133.406732;
0.621221;165.412830;
1.524144;689.008489;
0.302576;112.986476;
1.746841;698.745089;
0.348776;147.597263;
2.047798;664.566063;
1.938396;781.329513;
0.612775;233.248516;
0.927961;264.136950;
0.852376;389.684293;
0.211730;84.689715;
1.005364;405.061855;
0.532976;216.780511;
1.395661;403.863975;
1.490010;590.591094;
0.323920;126.247117;
1.199352;525.975656;
0.975668;424.458332;
1.906194;738.309682;
0.174647;57.235949;
0.393301;176.042811;
0.606874;222.412641;
0.563148;227.390446;
1.516737;718.412876;
0.731250;295.968300;
1.964973;784.387740;
0.605514;265.796349;
1.363508;607.458470;
0.490855;176.875952;
0.329744;143.833357;
0.629577;209.676976;
1.447691;334.854552;
1.094868;504.336448;
1.656478;692.394281;
0.462655;168.228580;
1.778327;687.227190;
0.767701;253.544859;
0.144724;67.482650;
1.045789;421.165499;
0.262975;108.203998;
1.313234;567.959591;
0.467344;192.925757;
0.532750;250.876602;
0.226759;104.382156;
1.769846;406.725725;
1.940614;448.350000;
1.991415;784.515050;
0.200529;89.484294;
1.142607;262.749564;
0.823670;249.205337;
1.295791;326.348094;
1.501774;677.926086;
0.585821;255.790819;
1.116729;519.287321;
0.241960;100.974193;
2.003496;696.931121;
1.762308;784.853684;
0.824462;392.908028;
0.617002;276.924114;
1.401871;631.851842;
0.595005;283.644174;
0.931148;334.998108;
M0:0.008715
W0;O:0.001225;R:391.534300
0.539645;189.949536;
1.070765;461.376748;
1.594935;693.095259;
0.810909;355.433806;
1.805515;784.860039;
2.266577;694.604424;
1.694446;785.219272;
1.788558;786.088902;
1.676634;786.560968;
2.493292;603.097384;
1.852393;786.743659;
1.721202;787.240905;
1.890623;787.915120;
1.660000;789.371747;
1.941659;789.459312;
1.914139;791.427655;
1.774981;793.514834;
1.795537;792.635624;
1.678981;793.782980;
1.812573;793.601084;
2.050555;794.367781;
1.912737;794.379500;
1.890767;794.736428;
1.721347;794.797761;
2.011736;794.385797;
2.103016;794.979024;
1.780819;795.587325;
2.049535;796.190426;
1.704170;796.533496;
1.666642;797.013404;
1.899298;796.981542;
1.891884;797.887002;
2.315745;797.874736;
1.878152;798.295920;
1.777307;798.967210;
2.225468;800.857098;
2.060907;801.954052;
1.869457;804.834611;
2.240654;802.973146;
1.772588;805.086104;
2.480819;804.044469;
1.688447;808.386810;
2.165978;808.378438;
1.717772;809.908727;
2.034794;808.855324;
1.804309;810.615833;
1.912472;812.360885;
1.707015;813.238378;
1.874934;813.645591;
1.801362;816.498561;
1.933126;815.961641;
2.065607;814.625867;
2.051829;816.533687;
1.773330;816.770834;
3.530140;814.380000;
1.839279;817.525268;
1.933435;817.638524;
1.881448;818.182781;
2.001684;818.256797;
1.988767;818.929702;
1.999553;819.676531;
2.107296;821.419043;
2.201247;820.813244;
1.827091;821.426833;
2.806897;820.459815;
2.357390;822.754221;
2.190425;824.457101;
1.881586;825.706223;
2.158858;824.684349;
2.008884;825.881313;
1.735397;827.369203;
1.942583;827.727075;
2.043862;828.566372;
1.814863;830.400545;
1.998902;833.782801;
1.754353;834.182278;
2.870161;831.137276;
3.116671;833.226417;
2.269491;835.813134;
2.012721;835.834461;
2.109394;838.486800;
1.946945;838.497988;
1.791670;840.426655;
2.054791;841.345118;
1.867076;843.047661;
2.040582;842.556196;
1.962728;846.238234;
1.908014;846.401448;
2.549915;844.307243;
2.141706;846.851591;
2.140844;847.202421;
1.904461;847.666008;
1.880060;850.677762;
3.416512;846.895665;
2.694340;847.261451;
1.874456;851.967573;
2.001500;852.637326;
1.967847;852.929724;
3.032013;852.622913;
1.910076;853.682651;
1.951201;853.882173;
2.091670;855.087286;
1.803958;856.938538;
2.184726;855.555375;
2.392231;857.232623;
2.498351;857.116813;
2.368405;858.385799;
3.023608;857.357377;
1.898090;858.829553;
2.258987;859.400167;
1.971761;859.626425;
2.181432;859.414109;
1.891495;860.319851;
2.225726;860.657582;
2.440250;860.997357;
1.919134;861.560230;
2.523693;861.323679;
2.168920;862.665055;
2.980272;861.389940;
2.320887;862.913208;
2.137197;863.215776;
1.811210;864.122185;
2.271372;864.210629;
1.904544;865.250237;
2.331006;864.894874;
1.986427;865.899802;
1.858831;866.224527;
2.225876;866.725775;
1.888561;870.333367;
2.211352;871.677179;
2.149633;871.830809;
2.842358;871.686227;
2.313776;873.240790;
2.876716;872.410919;
2.068134;874.367946;
2.145138;876.665956;
1.967528;880.313287;
2.049235;879.222650;
1.914805;881.076213;
2.099975;882.322200;
2.438631;882.465440;
2.088803;883.743940;
1.933996;884.236324;
2.168382;884.132623;
2.015757;886.244259;
2.020376;886.305602;
1.925615;887.807489;
2.255027;889.855568;
2.204465;889.915928;
2.559047;892.318806;
1.942268;894.580128;
2.419607;893.674837;
2.030795;896.009043;
2.067771;897.748984;
2.439760;896.977424;
1.886875;898.719850;
2.124737;900.063359;
2.441127;901.174749;
2.427110;902.173764;
2.069280;904.562143;
2.446439;904.659079;
1.965979;905.644428;
2.326535;904.680699;
2.071685;905.925856;
2.205448;906.566819;
2.077890;906.732660;
1.909891;909.521752;
2.170664;909.973188;
2.328657;911.788162;
1.953427;912.383682;
2.615062;912.489798;
2.179798;912.920404;
1.916630;913.442104;
2.534251;916.113002;
2.490634;916.153959;
2.297839;916.814043;
2.033629;917.447258;
2.039040;917.696041;
2.425535;917.124842;
2.347148;919.436413;
2.217788;923.107671;
2.548083;920.280077;
2.039913;924.845988;
2.335923;923.570372;
2.151313;926.178725;
2.159411;926.277773;
2.085148;927.314211;
1.945585;929.891087;
2.304729;928.662930;
2.167975;929.918466;
3.551530;926.590000;
2.346743;930.521674;
2.264748;930.885492;
1.955153;933.654259;
2.135942;933.727710;
2.430266;933.625215;
2.650995;938.688186;
2.239231;938.879611;
2.283459;939.585391;
2.427042;939.938958;
2.510868;940.463044;
2.667325;940.738741;
2.067952;941.629779;
2.167845;943.405392;
2.083913;943.686690;
2.576670;944.138132;
2.396373;944.157202;
2.607404;945.805387;
2.524820;947.881482;
2.103183;948.576670;
2.284410;948.065551;
2.291277;950.009331;
2.117833;950.128803;
2.196513;950.782598;
2.223526;951.872667;
2.238918;952.586508;
2.276414;953.652037;
2.416345;953.816803;
2.421530;954.831744;
2.259139;957.375743;
2.217899;963.162242;
2.406505;962.287383;
3.575922;953.948270;
2.876078;963.663494;
2.344502;966.148459;
2.384640;967.009848;
2.226386;969.021447;
2.275016;970.909328;
2.211165;972.017901;
2.221369;973.888273;
2.235026;975.611991;
2.450395;974.487745;
2.274515;976.601819;
2.561192;975.612110;
2.426528;975.784883;
2.154406;977.682542;
2.556397;978.214105;
2.169386;980.311562;
3.015144;977.130882;
2.659503;980.300908;
3.681364;981.791934;
2.623006;982.959905;
2.240663;988.422987;
2.285100;989.942939;
2.232743;992.778685;
2.791482;989.337713;
2.369442;993.261989;
2.078915;993.308298;
2.466564;996.242512;
2.273242;996.650194;
2.174259;997.385521;
2.113063;998.825951;
2.459952;998.971595;
2.575938;999.864918;
2.350596;1000.528070;
2.368369;1002.402592;
2.377894;1004.780221;
2.369981;1006.695053;
2.255633;1007.076872;
2.375306;1007.598439;
2.313781;1012.613461;
2.164586;1016.539093;
2.371274;1013.019594;
2.589345;1015.179664;
2.642459;1016.671726;
2.134520;1018.326803;
2.225136;1019.443149;
2.567868;1017.632942;
2.365602;1019.503990;
2.651169;1019.631046;
2.161065;1023.121680;
2.698359;1021.055850;
2.407348;1023.576081;
2.267394;1029.980170;
2.683434;1024.323619;
2.317137;1030.392789;
2.323848;1031.550191;
2.188731;1033.044435;
2.521155;1032.806449;
2.779144;1032.176167;
2.859023;1034.735240;
3.262549;1034.756577;
2.353039;1035.165819;
2.271915;1035.220325;
2.478642;1038.186157;
2.977834;1037.761035;
2.377163;1041.068823;
2.394555;1041.430324;
2.243228;1042.348222;
2.265554;1043.095789;
2.299020;1046.083022;
2.460282;1046.233002;
2.822773;1046.102856;
2.408564;1055.187595;
2.629391;1052.690623;
2.625628;1055.862775;
2.804897;1059.123143;
2.494686;1060.461874;
2.216454;1060.569662;
2.226806;1062.607159;
2.391023;1061.165109;
2.447151;1063.592667;
2.573765;1070.665215;
2.762152;1068.081911;
3.097544;1067.026186;
2.373389;1075.804236;
2.546334;1071.980641;
2.424232;1076.813596;
2.556767;1077.391887;
2.419709;1079.963076;
2.394964;1081.636228;
2.427150;1091.543327;
2.958765;1078.114300;
2.540706;1092.021087;
2.542285;1094.312181;
2.823412;1096.012273;
2.601769;1098.227491;
2.464959;1099.580550;
2.559117;1104.095748;
2.418410;1104.140915;
2.587239;1108.748809;
2.416971;1110.129946;
2.618404;1109.853678;
2.602199;1110.977940;
2.548010;1114.029402;
3.149938;1110.626082;
2.574329;1114.173085;
2.338033;1114.893154;
2.349663;1119.696120;
2.810447;1120.318736;
2.497963;1122.527644;
2.489017;1125.192538;
2.737956;1127.976078;
2.607221;1128.768970;
2.543274;1129.719697;
2.630038;1129.489342;
2.656796;1129.489293;
3.547981;1125.649328;
2.559639;1137.111990;
3.088763;1131.141342;
2.404378;1141.763577;
2.434292;1146.953143;
2.917783;1137.676649;
2.904514;1137.938530;
2.585279;1148.015852;
2.544074;1149.075302;
2.631811;1149.879054;
2.714726;1149.271756;
2.500002;1157.901177;
2.717024;1157.671736;
2.614287;1161.022591;
2.522683;1162.091838;
2.447263;1170.772389;
2.653864;1172.762898;
2.478172;1176.317401;
2.531795;1177.701411;
2.850894;1182.185317;
2.777731;1182.594978;
2.759156;1185.962962;
3.012422;1189.574425;
2.943087;1192.594261;
2.997180;1192.766914;
2.525542;1193.211117;
2.537212;1196.256705;
2.674294;1194.715080;
2.872575;1198.101561;
2.968935;1196.767517;
3.225595;1198.420418;
2.685086;1205.565607;
2.767077;1208.458893;
3.439199;1203.640353;
3.068207;1209.377057;
3.740795;1213.658770;
3.147514;1216.379185;
2.549279;1218.177954;
2.770695;1219.337185;
2.858474;1224.830864;
2.793648;1225.813565;
2.697245;1233.062281;
2.807847;1229.254463;
2.592922;1239.674393;
2.605682;1240.896951;
3.369986;1247.010352;
2.839220;1248.049663;
2.767901;1253.106448;
3.063671;1249.516996;
3.078904;1259.758538;
2.898097;1260.470915;
2.654744;1265.348123;
2.936690;1264.814406;
2.868491;1273.011198;
3.157468;1266.162680;
3.083153;1277.130809;
2.995543;1278.367110;
2.762038;1288.195034;
3.371233;1281.295088;
3.043948;1289.356196;
3.287189;1295.046953;
2.751390;1296.956110;
3.199081;1299.924068;
3.109325;1304.485211;
3.371030;1305.681940;
2.738922;1306.100075;
3.103335;1313.273377;
3.224529;1309.203722;
3.444794;1319.044122;
3.016048;1319.573451;
3.110427;1320.911534;
3.233275;1320.335518;
2.944809;1321.480634;
2.934400;1326.712960;
2.812532;1335.837182;
3.462222;1331.075764;
3.111828;1342.055677;
3.597956;1347.554922;
3.488328;1349.290786;
2.826286;1350.335559;
4.003658;1348.101138;
2.996307;1360.141874;
3.562100;1361.986339;
3.029701;1371.309504;
4.258699;1361.228126;
2.963824;1371.494259;
3.363687;1371.549688;
3.016000;1373.090459;
2.892251;1378.434791;
3.216691;1379.549014;
3.322967;1379.749057;
3.459650;1382.826908;
3.107229;1394.033122;
3.530483;1393.836708;
2.998465;1398.213281;
3.006640;1399.442387;
3.117701;1401.141117;
3.159139;1409.280920;
3.423686;1404.082924;
3.232906;1411.819192;
3.007424;1417.149145;
3.060383;1436.010477;
3.548081;1418.225504;
3.058823;1436.502405;
3.439245;1446.097316;
3.461576;1454.842732;
3.172328;1456.824074;
3.082250;1468.089086;
3.463170;1466.084927;
3.879472;1462.680897;
3.142379;1472.217277;
3.244655;1472.880924;
3.240833;1482.323537;
3.250809;1482.548908;
3.342737;1484.974787;
3.315689;1489.163285;
3.355100;1503.856396;
3.300381;1506.928269;
3.549407;1512.699565;
3.303959;1538.568516;
3.343466;1539.673930;
3.919479;1518.414136;
3.616560;1558.688899;
3.296193;1568.169229;
3.402646;1581.405045;
3.397009;1601.226478;
3.626504;1605.691799;
3.940787;1610.452251;
3.660247;1631.800511;
3.801073;1617.102330;
3.677061;1634.246495;
3.665295;1638.662811;
4.264890;1637.110039;
3.535475;1687.823011;
3.743733;1720.315268;
4.049519;1707.014255;
3.682509;1758.111358;
4.065976;1761.677586;
4.124725;1795.221414;
4.027060;1830.612857;
3.965085;1835.515015;
4.238827;1838.575933;
4.183865;1844.015248;
3.835129;1855.146628;
3.861071;1869.195864;
W1;O:0.001481;R:593.596997
W2;O:0.001535;R:592.676928
4.081574;1902.247583;
W3;O:0.001563;R:596.203388
W4;O:0.001531;R:593.071768
3.915492;1965.262906;
W5;O:0.001592;R:594.569012
