0.104613;50.647064;
0.106840;50.036772;
0.121574;51.838338;
0.176367;47.428451;
0.180675;56.900496;
0.097918;35.710842;
0.121528;47.025035;
0.109448;47.619494;
0.266170;68.286585;
0.152903;55.500977;
0.124993;61.169440;
0.238826;58.563225;
0.212014;68.963352;
0.243775;59.829392;
0.155278;70.708929;
0.160147;71.315989;
0.281171;70.324800;
0.149897;74.383321;
0.181448;74.753072;
0.163639;77.651854;
0.257692;76.970007;
0.225642;83.988146;
0.244894;92.243653;
0.193126;93.474909;
0.355785;87.097500;
0.187605;78.142175;
0.360987;89.714800;
0.361586;90.478144;
0.202859;95.936567;
0.239263;97.236658;
0.222951;100.738722;
0.255769;99.123085;
0.208324;104.444955;
0.380475;93.688000;
0.255801;108.932564;
0.237414;111.109860;
0.295498;110.156121;
0.442353;108.606454;
0.440615;108.782352;
0.230754;115.710596;
0.440390;111.330846;
0.416416;114.753459;
0.272008;120.360282;
0.321674;118.960694;
0.499518;118.344825;
0.161097;36.800000;
0.283764;121.823286;
0.388615;120.795085;
0.294196;124.935447;
0.437660;125.848188;
0.406501;129.139126;
0.277003;132.306006;
0.441854;131.408975;
0.553156;128.885088;
0.569555;131.567884;
0.336704;147.302947;
0.408853;142.865229;
0.321083;149.198620;
0.579726;134.236512;
0.484440;148.200387;
0.339142;149.756794;
0.321534;151.554360;
0.360382;157.790482;
0.403438;157.411340;
0.354617;159.245310;
0.442063;158.334035;
0.137149;56.091433;
0.666118;155.060480;
0.263912;121.415460;
0.565786;162.706743;
0.344943;164.111245;
0.459377;169.992977;
0.711093;163.216000;
0.387705;89.202141;
0.278218;64.852736;
0.709902;163.903256;
0.574805;170.233441;
0.415098;174.874575;
0.375691;175.331774;
0.372144;176.441318;
0.390143;177.813720;
0.401277;178.555379;
0.716249;174.580273;
0.250918;118.299763;
0.370753;117.079019;
0.382922;180.978062;
0.405468;178.574736;
0.487077;184.067709;
0.423037;186.535451;
0.506161;189.688821;
0.432464;194.328051;
0.579435;194.405047;
0.479729;199.647603;
0.483677;200.561941;
0.470124;206.484430;
0.872003;198.492264;
0.678748;206.910150;
0.497296;113.425200;
0.416499;181.664207;
0.592320;209.319967;
0.760965;179.152832;
0.541857;215.181314;
0.332502;77.693234;
0.881128;209.795395;
0.493430;220.176954;
0.270619;107.636841;
0.762658;218.745841;
0.330885;119.226373;
0.962600;221.101375;
0.498429;222.915005;
0.740839;222.526511;
0.760664;222.751811;
0.655701;206.499095;
0.979698;224.447480;
0.457057;216.729834;
0.561187;229.214274;
0.485183;229.394302;
0.803679;224.558349;
0.506098;230.468982;
0.577686;231.237407;
0.587356;230.860506;
0.563087;215.719852;
0.908340;231.671627;
1.009929;232.232022;
0.365223;146.805812;
0.844980;232.330653;
0.746150;233.963705;
0.609973;236.523687;
1.020595;234.353892;
0.593268;181.061117;
0.818154;237.317429;
0.695259;237.667959;
0.672686;241.517759;
0.526560;242.038141;
0.522649;242.399726;
0.367010;135.437933;
0.543673;242.414284;
0.677484;242.652346;
0.320293;74.499444;
0.527611;247.039921;
1.050857;242.474148;
1.057286;244.713320;
1.052834;246.258688;
0.527404;249.771758;
0.663473;251.200792;
0.502710;232.801617;
0.579821;255.906845;
0.420303;184.522312;
1.074658;252.399541;
0.282284;114.778602;
0.275581;122.038544;
1.111756;254.653496;
1.116642;254.837888;
0.439157;185.565587;
1.000101;229.486536;
0.550795;257.421345;
0.564111;259.483819;
0.602721;262.423627;
0.593813;266.329821;
1.109350;256.824400;
0.529185;233.303470;
0.135463;37.602311;
0.640953;270.556706;
1.149087;266.603656;
0.834188;271.085344;
0.599683;276.909370;
1.188950;272.332985;
0.517893;236.660130;
0.283076;117.110638;
0.727429;278.028109;
1.204976;276.105396;
0.876627;281.109306;
0.633262;282.192023;
0.656440;286.520958;
0.248486;103.595138;
0.782054;291.780086;
0.747894;292.319415;
0.660624;293.362471;
0.451633;216.193941;
0.719171;295.712905;
0.660694;297.906649;
0.420341;161.392877;
0.843769;213.924167;
1.060097;297.649094;
0.479273;109.300752;
0.763781;299.435598;
0.682569;301.414321;
1.307841;298.736355;
0.510123;240.321256;
0.177256;70.593770;
0.941168;302.827564;
0.656409;308.804685;
0.803614;308.016906;
0.228195;95.157669;
1.037497;312.071365;
1.357480;310.831680;
0.879504;313.863760;
1.364055;313.290000;
0.900536;321.578807;
0.956508;322.366313;
0.788514;323.630160;
0.731070;332.392910;
0.887147;338.118100;
1.079708;325.384428;
0.590357;251.119708;
0.393529;161.490625;
1.038926;338.372533;
0.499245;115.555000;
1.471639;338.089788;
0.711912;338.970263;
0.666608;269.301067;
0.759836;344.614913;
0.887122;341.172764;
0.662500;308.561075;
0.858421;327.064475;
0.455176;138.326722;
0.733725;347.680116;
0.772928;285.645411;
0.928992;345.266581;
0.961380;348.546813;
0.671995;298.552769;
0.747998;348.902536;
0.759784;350.653643;
0.726057;339.204138;
0.831464;352.834768;
0.778621;355.129143;
0.808599;356.679843;
1.088937;355.637619;
0.905968;366.391715;
1.049773;357.057020;
0.286458;134.879734;
0.151645;63.837477;
0.838998;370.688666;
0.487596;191.926016;
0.377721;93.474479;
1.562390;360.855054;
0.824117;376.405283;
0.913041;379.194855;
1.052083;384.513179;
1.265700;291.055392;
1.649715;378.389450;
0.922535;210.290850;
0.818456;387.287987;
1.653120;380.009975;
0.484748;216.857035;
0.872237;384.106245;
0.917593;368.923735;
0.884108;387.577938;
0.679710;277.883606;
1.079844;360.768617;
0.275031;97.379897;
0.520245;222.635233;
1.686065;387.898112;
0.355451;162.806500;
0.909562;393.309789;
0.890377;396.802108;
0.399512;175.625147;
0.308153;129.901775;
1.483592;388.272581;
0.657902;287.757519;
1.711224;393.283800;
0.231551;82.284539;
0.810560;186.075540;
1.074819;399.113432;
0.724073;269.369602;
0.531115;226.186462;
1.346835;400.272822;
0.590702;274.201100;
0.745407;171.532482;
1.726512;401.841000;
0.385659;143.748419;
0.935994;320.255641;
0.119808;38.135168;
1.194157;363.165307;
1.092388;404.412938;
1.351692;308.981248;
1.113225;406.536784;
0.832407;217.523987;
0.520725;122.550596;
1.184879;409.065649;
0.349448;147.850062;
0.157198;71.418949;
1.081647;411.284937;
0.818381;338.002580;
0.398260;179.336309;
0.937820;413.379445;
1.255675;412.091035;
0.135296;62.544544;
0.882636;309.070765;
0.510918;220.843210;
1.110006;417.037008;
1.124445;416.492562;
0.671110;306.280031;
0.795139;357.600984;
1.130864;261.796212;
0.544816;220.830090;
0.884096;418.747376;
0.985370;422.787295;
0.513010;233.405829;
0.945280;423.306418;
0.804652;377.464376;
1.314927;424.323064;
0.552831;206.895700;
1.712365;396.031091;
0.297299;113.570446;
1.055500;424.341691;
1.853263;423.344700;
1.123074;399.912696;
0.951313;428.690003;
1.088616;428.396139;
1.190576;425.573889;
1.185332;429.998755;
1.160176;430.922156;
0.565520;238.988637;
0.377541;178.375344;
0.688613;287.396525;
0.844152;345.232462;
0.593704;208.345081;
0.857061;378.193060;
1.076594;343.296491;
1.747203;431.158768;
0.792166;321.504626;
1.206984;434.856675;
0.425064;97.225920;
0.340940;152.115196;
1.354105;435.142032;
0.494926;160.939176;
0.658483;216.573204;
0.276209;117.413141;
0.252412;119.125631;
0.425336;165.234566;
0.953648;443.883564;
1.024847;441.387229;
1.252925;439.076305;
0.753732;347.174823;
1.111778;255.678300;
0.768752;244.165973;
0.881375;251.987133;
0.855679;350.879290;
0.968495;429.213452;
1.111680;443.683758;
0.409904;128.881815;
0.914400;432.822571;
0.193454;90.002336;
1.235664;283.548496;
1.117879;444.798725;
0.366252;90.579512;
1.479992;444.917856;
0.993429;445.724584;
0.424692;154.419639;
0.849403;194.037201;
1.249116;446.016122;
1.068531;447.291168;
0.940087;345.231374;
0.325771;141.775490;
0.871772;361.965081;
1.138861;448.095792;
0.530359;244.953136;
1.103978;452.009066;
0.708863;186.116744;
0.404560;186.995320;
0.874886;318.999024;
0.204790;68.784445;
1.008948;411.955878;
1.984874;452.964096;
1.081600;453.098232;
0.520952;234.440024;
1.074098;455.578179;
0.793437;192.436435;
1.312994;453.699109;
0.291828;70.042516;
0.163270;38.421351;
0.993313;461.106275;
1.099399;461.553991;
0.919115;241.389944;
0.522727;160.028465;
0.974622;461.683926;
0.403328;190.019785;
1.032896;461.963467;
1.272139;462.998407;
0.637545;214.023966;
0.561555;216.775022;
0.740651;169.003989;
0.749441;355.633803;
0.438233;184.029414;
0.523302;201.998496;
1.253881;463.747580;
0.913530;369.401477;
1.092698;464.798918;
1.109014;468.736880;
0.158137;70.404090;
0.913197;371.445283;
1.131199;399.180704;
0.320252;142.830336;
1.054092;469.587271;
0.507112;145.696223;
0.342428;132.496263;
1.247250;418.010547;
1.172040;270.774000;
0.987420;436.003107;
1.125810;482.715644;
1.527582;472.692403;
1.447861;479.959691;
1.388366;482.668827;
0.723642;274.892465;
0.652732;240.088151;
0.668419;306.351548;
1.093481;307.720853;
1.082453;485.679330;
1.057398;487.763738;
0.525863;223.209162;
0.550660;251.813538;
1.400210;488.280711;
1.579806;363.549375;
1.071149;489.438815;
1.051822;499.350800;
0.384842;124.703243;
1.057716;443.095822;
0.504679;116.072670;
1.146019;500.443538;
1.544566;449.929792;
0.305076;122.471147;
0.942489;284.212543;
2.129566;489.895776;
0.597039;232.021884;
0.730890;206.336030;
0.164708;38.825885;
1.283961;295.547066;
1.149721;507.872485;
1.084999;510.304277;
0.822387;385.560362;
1.596164;503.276406;
0.298212;116.553118;
0.852607;230.776113;
1.472116;510.860189;
0.358541;100.218883;
1.177269;514.398812;
1.357342;513.020607;
1.415962;517.343666;
0.804856;226.006115;
0.819850;339.616622;
1.055015;473.041101;
0.496678;175.414060;
1.111854;480.205424;
0.830562;209.808871;
2.270747;523.618752;
0.868475;280.013580;
1.590520;458.807592;
0.168806;73.887953;
1.067611;510.422486;
0.374325;128.209940;
1.207331;527.760929;
1.339204;527.914807;
1.348303;528.275685;
0.150609;52.834425;
0.710064;297.238556;
1.152747;530.434157;
0.992657;358.447352;
0.339351;97.843656;
1.131952;531.041484;
0.648513;306.175588;
1.738984;529.089666;
1.201407;531.600625;
0.457726;105.601419;
0.911319;426.453631;
1.137348;531.622122;
1.152815;534.344641;
1.136008;537.604199;
0.288222;108.888061;
0.965809;387.269869;
0.581821;251.368897;
0.293460;111.591111;
1.920019;438.339572;
1.722034;535.717764;
0.593734;272.448262;
0.591264;276.065630;
1.106641;445.010472;
1.167943;455.611888;
1.105504;510.673025;
1.537341;351.576163;
1.168222;542.291894;
1.511316;540.672466;
0.175284;77.197159;
0.370066;84.786384;
1.304956;298.727500;
0.847600;254.706869;
1.535162;405.834169;
0.543242;238.503803;
0.638263;258.133353;
2.357654;542.332080;
0.131243;61.908621;
0.371773;161.008375;
0.615659;201.866027;
2.004939;460.162316;
1.955681;544.062826;
2.358714;543.169000;
0.658066;276.220336;
0.682849;233.649219;
0.801496;184.895120;
0.714843;312.211181;
0.806139;256.528153;
0.589896;259.904488;
0.420019;130.627972;
0.442121;184.554390;
1.257327;545.932398;
1.183232;548.395002;
0.448763;144.858369;
1.418538;391.140381;
0.399557;186.903695;
0.615482;262.252085;
2.006238;483.013902;
0.191429;52.876102;
0.927519;228.245709;
1.164041;538.760860;
1.171248;549.029062;
0.159590;36.394054;
0.440305;154.586587;
0.414772;103.783411;
1.325537;553.187600;
1.197309;493.567982;
1.287948;555.441484;
0.792272;210.022856;
1.347848;452.775835;
1.192271;556.518092;
1.262676;561.039834;
1.528805;561.083464;
0.197646;66.440651;
1.232572;463.050134;
0.735386;318.019637;
1.485751;555.447560;
0.492083;219.166100;
1.237382;561.714568;
0.444397;101.816181;
2.441729;559.963125;
0.489125;169.984652;
0.746864;309.222630;
0.179515;52.485530;
1.198409;501.730954;
1.431845;562.163512;
0.409502;190.328291;
1.535114;567.077101;
0.387148;129.613758;
1.220954;514.266809;
1.400475;571.624297;
1.913376;566.727679;
0.551592;208.319161;
0.813301;275.825910;
1.071771;426.807699;
0.820176;303.232937;
1.164398;536.386236;
0.389788;119.129788;
0.788328;353.031387;
1.526784;525.149689;
1.548840;574.804861;
0.621773;155.884105;
0.735541;342.343230;
0.439869;177.948499;
0.791058;338.270140;
0.373309;162.604301;
1.175960;456.109863;
1.214865;575.824085;
0.250284;57.141907;
1.479688;577.386713;
0.514584;210.064647;
1.286683;581.109484;
1.080565;468.852193;
1.319306;582.330728;
1.389823;546.626813;
0.225322;106.097766;
1.057781;411.021397;
1.160468;463.785691;
0.251555;57.713011;
1.337586;583.028896;
0.155911;72.486305;
0.385756;164.281344;
1.828388;586.659245;
0.383142;167.040810;
0.817696;320.428864;
0.801180;337.447771;
0.322132;134.582696;
0.843067;366.688322;
1.027115;363.359276;
0.636125;218.768877;
1.021366;443.542179;
0.301781;122.594323;
1.260079;588.724194;
1.425681;587.740054;
1.521629;512.194263;
0.266661;99.383504;
1.000733;430.480938;
1.576661;588.766406;
0.877068;200.495040;
1.258621;479.177762;
0.416501;154.153550;
1.274757;589.267019;
1.080018;487.220867;
0.292624;100.283053;
0.630386;285.909965;
0.465272;164.971174;
1.785801;590.853885;
1.905463;589.790317;
0.498739;232.145276;
0.958370;340.865096;
0.940721;369.451800;
0.530974;243.822322;
1.017151;467.623567;
0.209967;89.249478;
0.567743;254.611931;
0.949285;274.893067;
0.403953;172.221141;
1.136962;454.605877;
0.315642;132.762062;
1.287659;492.791593;
1.254456;508.187989;
0.261228;113.188416;
1.269211;583.016404;
1.162984;552.554824;
0.368678;163.084139;
0.121983;53.569636;
1.531492;536.233677;
0.659004;150.700500;
1.281438;593.544000;
1.417733;590.895907;
0.312425;86.412051;
1.026024;261.573196;
1.380136;595.541748;
0.468930;205.533706;
0.339405;132.380729;
0.643806;219.833641;
0.676035;290.171255;
0.651896;304.447728;
0.937811;425.385926;
0.752962;310.066313;
1.045041;454.483201;
2.578190;595.850492;
0.408817;118.394936;
0.221564;101.181997;
0.806176;221.769133;
1.673465;537.536445;
0.705806;305.148353;
0.543180;199.043471;
2.126415;598.218382;
0.891084;359.301483;
0.948371;336.911276;
0.729804;256.756044;
1.032612;465.125584;
0.328163;154.507271;
0.941453;360.580894;
0.767855;365.571484;
0.241149;88.033671;
0.282846;66.170341;
0.772242;299.822348;
0.810427;359.475249;
1.285100;600.788001;
1.574663;599.783987;
1.426886;601.020666;
0.598719;260.990586;
0.696307;311.395505;
0.564470;215.352760;
0.290954;97.967120;
1.377906;603.829220;
1.442926;601.035733;
0.398835;183.796995;
1.683938;602.517825;
0.344329;153.285359;
0.389338;133.877807;
0.513417;219.257894;
0.858915;322.730669;
2.554713;589.030704;
1.057084;240.961616;
1.032425;474.764343;
0.429670;181.112102;
1.409206;599.134193;
1.340865;404.264074;
1.343530;608.367540;
0.227363;74.590007;
0.589283;142.343872;
0.492594;170.670542;
0.569703;268.041134;
1.286162;610.119423;
0.558463;250.987798;
0.615721;244.155655;
2.647737;608.846355;
1.438679;611.003557;
0.421119;174.150880;
0.973470;436.649428;
0.762166;274.414529;
1.428822;616.207563;
1.593645;614.617616;
0.427927;199.659626;
0.350873;138.860132;
1.303804;536.617376;
0.816022;376.424968;
0.193974;56.615472;
1.326303;617.387358;
1.336095;622.025096;
1.388466;623.489133;
0.183573;63.298102;
1.798338;545.412945;
0.866171;335.812377;
0.231253;103.300832;
2.022019;616.508826;
0.208419;72.113241;
0.842669;362.214627;
0.767778;355.772536;
1.032805;428.879579;
0.964975;398.178202;
1.551115;623.948457;
1.517772;627.796696;
1.061682;488.728424;
1.361545;631.275701;
1.607489;629.163441;
0.370205;103.964822;
0.714110;239.907901;
0.879529;341.868070;
1.592415;633.161261;
0.835508;256.209715;
0.249440;116.860528;
1.477825;634.870684;
1.172436;368.744132;
0.614104;240.564013;
1.413832;635.508574;
0.657954;293.830350;
2.738438;631.847412;
0.275274;104.167452;
0.447984;108.744178;
0.351348;131.822939;
0.946623;334.837872;
1.654155;514.080912;
1.542336;548.968154;
1.189788;445.557159;
0.708826;197.528903;
0.596314;229.937026;
0.434274;145.585757;
0.381854;163.166841;
1.691250;389.145600;
0.265267;126.062183;
2.766752;635.836640;
0.130337;56.556226;
1.760861;607.066196;
1.527250;636.628433;
0.569130;194.954954;
1.977221;498.784655;
0.476931;193.813803;
0.835598;387.859834;
0.669451;280.882735;
0.991405;471.838633;
0.461995;126.667818;
0.954721;310.620672;
0.400314;133.667795;
1.413963;534.451072;
1.538720;592.406084;
1.846777;427.352800;
1.226042;540.131579;
1.001467;350.605560;
1.006938;337.771742;
0.688601;310.975247;
0.989413;412.702006;
0.523188;232.324064;
0.384828;180.165785;
1.441080;529.636029;
1.413762;637.004035;
0.579814;255.887891;
1.154691;500.550178;
0.437118;206.947422;
0.268926;76.211250;
1.109135;268.076096;
0.283056;64.567080;
2.109310;638.706376;
0.962997;441.148202;
0.721504;302.357707;
0.213022;60.157002;
1.598247;638.764698;
0.332260;153.407101;
1.849298;642.263156;
0.708933;255.573234;
1.567522;642.401699;
1.891593;435.490504;
0.888595;221.094256;
0.881375;341.266292;
0.494897;140.470024;
0.935610;404.024605;
0.297495;118.465440;
0.320346;151.679602;
2.750352;642.318526;
0.383148;177.922648;
0.321049;135.457370;
0.603052;258.912067;
1.580573;625.434034;
0.464813;183.084637;
0.636416;292.153332;
1.432907;646.154322;
0.429252;173.176300;
0.879835;358.780606;
0.339590;121.083115;
1.903428;644.776718;
1.497939;647.701635;
1.490816;649.485502;
0.635960;241.573627;
0.879887;208.485575;
0.653496;282.209432;
0.861288;397.970041;
0.388172;121.309733;
1.223126;503.181018;
0.251275;110.589303;
0.954164;423.747478;
0.341832;162.289107;
1.529800;626.012495;
0.523547;239.793502;
0.305047;135.277033;
1.234789;483.844805;
2.342765;652.581765;
1.436103;341.869424;
1.549689;653.030568;
0.544095;255.226234;
1.783571;648.479860;
1.084985;437.817631;
0.576012;266.337352;
0.460652;187.212783;
0.361751;162.457531;
1.537907;653.320153;
0.431764;115.127130;
1.300852;480.855979;
1.343516;609.926982;
2.000074;460.541952;
0.419566;168.100050;
1.130525;407.465919;
0.651160;308.432503;
0.304150;138.401846;
1.395188;653.774031;
1.449939;656.283700;
0.192247;49.640064;
1.963318;655.401864;
1.511101;657.145217;
0.867005;207.378711;
1.396992;657.810218;
0.188683;88.668205;
0.561412;133.724353;
0.569732;247.623227;
2.850840;653.964344;
0.473951;108.963577;
0.949037;328.563381;
0.380539;131.217638;
0.417380;95.883264;
1.267548;298.718897;
1.197966;403.405493;
1.272649;560.919902;
0.605855;235.338810;
0.319427;137.413235;
0.600988;259.604969;
0.729118;329.642106;
1.251802;572.918775;
1.356149;573.557269;
1.406863;644.732088;
0.496752;117.117623;
1.414559;658.727035;
1.549738;657.939108;
0.479090;185.212102;
0.319890;85.766869;
1.064158;476.456866;
1.065710;505.809250;
1.451692;662.943874;
1.739295;632.230774;
1.418914;663.140080;
1.439079;666.286345;
0.581363;220.292386;
0.168657;61.117230;
0.995867;288.691922;
0.484503;214.734983;
2.620347;666.605187;
1.457260;668.832601;
1.557171;613.505409;
0.721101;230.475668;
1.880919;667.128883;
0.581585;132.666778;
1.333882;566.287134;
0.789425;368.687091;
1.116198;413.644662;
0.746878;255.906993;
0.413916;179.681303;
1.046367;445.132882;
1.779507;412.525769;
0.477669;220.230381;
0.171680;65.891499;
0.451354;201.619428;
1.496519;465.674717;
1.439935;601.169398;
0.396747;181.054902;
1.205988;492.881197;
1.952351;541.043154;
1.023033;327.601342;
1.156013;428.613004;
0.303554;117.213625;
1.319731;575.102585;
0.993129;464.853091;
2.171659;497.193000;
0.262757;119.168099;
1.536074;669.732793;
0.307940;144.758723;
0.680677;154.484928;
0.192913;44.497259;
1.422549;670.192637;
0.653982;155.966701;
1.236328;533.145296;
1.088227;425.142920;
1.564854;671.461237;
1.549511;671.516661;
0.662451;311.752910;
0.798782;264.808355;
1.335418;342.078289;
1.544167;550.653869;
0.474406;153.370005;
1.308105;385.605550;
1.427865;634.665036;
1.458168;672.823081;
0.533116;248.564272;
0.247859;77.830799;
1.596204;671.631118;
0.635648;214.245128;
0.954390;396.735859;
0.408509;193.096652;
1.201349;496.522313;
1.276503;373.401092;
0.492888;227.177538;
1.653976;544.375194;
1.821240;644.364483;
0.318009;87.399384;
1.560878;672.933848;
0.257191;67.035339;
1.021907;408.182474;
1.589924;590.934041;
0.691793;286.536299;
0.206210;87.293765;
1.451455;673.316277;
1.542505;672.987916;
1.487222;675.125086;
0.579191;259.623562;
1.751591;674.713426;
0.318177;73.354314;
1.041210;364.226988;
1.114253;380.755801;
1.440608;676.139736;
1.469561;675.403391;
1.467148;679.785312;
0.317964;127.947915;
1.218593;530.067475;
1.380124;514.588417;
0.283263;121.225257;
1.483461;679.868731;
0.947023;316.158897;
1.406354;624.483551;
0.433013;123.665903;
0.577879;133.281200;
2.164441;495.734225;
1.588571;683.087916;
0.378671;118.891126;
0.928179;288.173909;
0.284246;123.100752;
2.043449;682.168587;
1.191983;513.342140;
0.364044;111.820112;
0.613202;279.180061;
0.309041;131.971116;
0.686670;252.987720;
0.115350;50.018906;
1.282633;511.784663;
1.528982;683.751127;
1.299187;445.728469;
0.680068;307.895998;
1.405104;651.838447;
1.483748;685.630517;
0.323337;146.701707;
0.748657;338.735049;
0.840036;381.659728;
1.346384;570.973088;
0.424212;183.916149;
1.290050;593.554828;
0.191816;44.152264;
1.459004;687.808360;
0.565903;184.797051;
1.757435;687.997780;
0.528231;138.549297;
0.780160;352.146789;
0.230125;98.514898;
0.105588;42.108390;
0.573078;254.388899;
2.047356;691.607875;
0.786014;274.075813;
0.772950;361.512860;
1.317696;392.802666;
1.676944;694.903835;
0.431542;121.992785;
1.564548;654.713171;
1.933591;692.656339;
1.482373;697.860081;
0.510838;242.216717;
0.684931;306.435846;
0.505416;178.576368;
1.115007;527.070584;
2.137412;697.881404;
0.395590;176.227543;
1.387567;555.161516;
0.203971;93.112658;
0.730968;318.884363;
0.693282;158.687311;
0.217021;93.849302;
0.740992;328.547938;
1.853255;556.868852;
0.454705;104.903100;
0.509356;229.143874;
0.483389;114.375510;
0.591434;279.349981;
1.524702;478.163254;
0.331665;143.812927;
0.438723;124.454163;
0.909759;237.122984;
1.450162;672.650531;
1.479489;620.875702;
0.709640;266.515089;
0.887766;203.959376;
0.594103;171.005903;
1.405048;438.517708;
0.106543;37.192109;
0.928834;429.557379;
1.588947;699.175277;
0.390035;174.126777;
0.282996;122.072071;
1.514736;706.366481;
0.237580;107.428998;
0.440906;106.929468;
0.860451;406.162834;
3.035462;698.040000;
1.512098;346.956875;
3.029225;698.295296;
0.367380;147.726796;
1.216674;480.129652;
0.809878;234.125285;
1.461357;563.647560;
1.190093;559.452275;
0.727541;316.771078;
1.070715;433.081204;
0.520306;243.753596;
0.157671;72.660718;
2.028582;706.868066;
1.101313;477.043362;
0.340823;158.295753;
0.968206;223.104252;
2.693877;706.612174;
1.483826;572.918723;
1.043374;484.350975;
0.931817;223.359571;
0.881122;421.280036;
1.818914;600.981434;
1.087287;358.504660;
1.510743;643.160429;
1.728530;554.860657;
2.085008;478.519300;
1.657256;492.491185;
1.668917;712.911467;
0.354903;126.272132;
1.149530;293.513295;
1.775168;711.169198;
0.577142;210.917926;
0.648264;291.662607;
0.612832;231.189852;
1.171635;543.212864;
0.255590;110.394711;
1.516985;714.878573;
0.433278;153.056865;
1.633192;557.574946;
0.427258;187.634415;
1.809245;715.026678;
0.331583;112.550662;
0.327172;149.440643;
0.438039;190.866525;
1.629370;716.189794;
0.678052;206.620933;
0.651687;249.256258;
0.332240;135.107858;
1.378003;628.834632;
1.488831;539.789776;
0.722483;296.468198;
0.984460;445.219208;
0.224554;82.048179;
1.555325;717.981237;
0.861475;391.487354;
2.165705;716.458736;
0.842577;398.519718;
0.414167;182.117133;
1.567486;609.794999;
1.643718;718.365881;
1.062250;386.712886;
1.780223;670.481054;
0.099880;40.268774;
0.294171;125.301780;
0.954268;447.155783;
1.248994;449.763121;
0.994225;350.065386;
0.250436;108.642221;
0.782526;242.042106;
0.641595;204.675019;
1.547465;613.188790;
1.054930;261.429696;
0.766119;312.423783;
0.265223;113.347352;
0.320195;138.237612;
2.079757;718.469306;
2.074259;719.057258;
0.323487;139.640774;
0.799907;354.182455;
0.528880;165.959676;
1.386640;615.512627;
1.459397;587.912965;
1.613802;719.695165;
0.944712;347.054365;
1.543554;719.806920;
0.238353;88.176218;
0.858147;388.275565;
0.176453;59.325999;
0.882019;416.301909;
0.229987;91.777811;
0.863576;197.925696;
0.246960;112.941155;
1.606262;614.574635;
0.911975;209.334834;
1.429251;668.154376;
0.219306;101.141958;
1.529856;720.740262;
1.610432;688.934983;
1.580629;706.564957;
0.607101;261.335857;
0.169690;53.185045;
0.291006;121.964723;
1.118926;524.052309;
0.283505;110.144932;
1.660823;448.760519;
0.700338;324.344527;
0.611198;140.550091;
1.533762;722.972710;
1.616453;721.742999;
0.288573;116.919495;
1.040899;450.188228;
0.538285;235.648322;
0.510407;224.985757;
0.617383;171.679278;
0.476282;193.665833;
0.370720;131.562659;
1.061236;269.673775;
0.408570;194.240443;
0.208805;81.096608;
1.188755;479.346425;
0.117826;49.125494;
0.205981;47.864295;
0.196461;92.354248;
2.909605;723.311111;
1.591924;643.758943;
1.662810;724.274030;
0.454880;180.834916;
0.167608;38.506567;
2.381271;548.432500;
1.050874;248.270652;
0.964093;428.954608;
0.649255;164.106114;
1.761923;525.404757;
0.451187;187.135524;
1.814340;724.534044;
1.041933;378.810249;
0.970625;223.821978;
0.828183;364.766152;
1.048454;498.292122;
0.539880;214.641654;
1.403988;606.141535;
0.582557;190.126203;
0.865651;361.157850;
1.136311;488.141763;
0.466141;110.256785;
0.201847;72.584577;
1.323275;360.620337;
2.252041;517.806918;
0.120107;49.842125;
1.203084;491.358733;
0.729432;327.571702;
0.628168;265.653291;
0.598576;282.002746;
1.943488;636.287163;
1.584631;725.950213;
0.219224;83.158610;
1.150670;511.107516;
0.572880;131.030736;
1.545562;730.923192;
1.285306;528.703913;
0.419180;194.033588;
0.483688;155.906541;
0.737433;348.781735;
1.002422;439.901209;
1.238076;283.250000;
2.355107;542.555625;
0.813720;379.587079;
1.605242;730.996996;
1.626938;732.041411;
0.889146;351.993039;
0.380270;177.776998;
1.066453;446.292698;
0.587788;135.000540;
1.058595;260.963775;
0.654382;211.573222;
1.656707;527.620720;
0.118505;27.190600;
0.612002;241.972493;
1.070120;459.852368;
1.043847;463.383438;
0.425430;187.097182;
1.555551;467.368942;
1.542844;578.049490;
0.746260;290.252885;
0.326398;102.769328;
1.165801;492.619306;
0.351841;162.924435;
0.407962;173.987844;
1.376134;618.302018;
0.581532;136.049803;
0.391486;182.792534;
1.918707;742.812951;
0.852337;194.401152;
0.481769;110.001888;
1.014497;233.426397;
0.242597;73.598583;
0.956731;387.975395;
1.585975;522.500270;
0.357876;84.066716;
1.614312;742.820499;
1.198070;390.336856;
0.330458;123.558201;
1.271494;501.440334;
0.279152;63.706500;
0.237777;112.082581;
1.319806;550.868886;
0.541984;222.563690;
1.430724;625.050415;
1.655265;517.065247;
0.346050;79.060983;
0.400425;94.648188;
0.320326;143.502379;
0.420547;190.269751;
0.529446;226.988850;
0.715234;328.101674;
2.127766;579.213329;
0.337151;151.649143;
0.682005;155.428735;
0.569784;230.841059;
1.309646;466.238544;
1.342894;480.156017;
0.428077;175.603205;
0.304290;125.977733;
3.250519;747.295864;
0.426836;168.892818;
1.290751;365.080357;
1.060668;481.683904;
0.867267;361.334227;
0.235532;98.182198;
1.387397;618.869878;
0.473733;219.493030;
0.322946;135.973820;
1.576752;727.891753;
0.810917;374.337188;
1.659260;747.376154;
0.308015;131.038136;
0.818457;331.617740;
0.852787;398.261096;
0.485272;223.783914;
0.229770;107.585237;
1.430103;506.979583;
0.894154;299.579878;
0.668959;151.563632;
1.673546;749.382664;
0.892867;324.636772;
0.203488;95.665948;
1.986196;748.047024;
1.978503;749.522281;
0.568274;193.932470;
1.084736;385.099433;
2.895069;656.065800;
0.953836;389.003000;
1.060486;459.993184;
1.083658;468.339321;
1.220686;326.509988;
0.212285;83.423270;
0.974885;448.375069;
1.236516;528.471031;
0.397414;164.987321;
1.989081;482.106420;
0.647984;177.986112;
1.613860;750.745173;
0.389543;176.806578;
0.460833;185.458077;
2.349480;749.925442;
0.464208;221.674576;
0.481473;193.960545;
0.312982;120.078591;
0.175033;67.048635;
0.310299;122.742541;
0.959675;307.989671;
0.809625;378.812575;
0.315889;104.614981;
2.184634;501.852453;
1.325885;545.853883;
0.718807;304.109717;
1.203433;381.743813;
0.281060;91.952139;
1.421881;580.021279;
0.845281;394.060258;
0.305901;107.220766;
0.238263;54.436878;
0.565542;197.468893;
2.131928;490.010375;
0.578537;232.190455;
2.252409;701.132664;
1.885853;717.995447;
0.568572;238.431702;
0.960201;371.036456;
0.731921;349.359050;
0.283758;65.298860;
1.515692;433.901036;
1.075322;435.161296;
0.202932;95.670406;
1.514001;623.943562;
1.663178;751.859735;
0.418601;168.965256;
0.388752;176.990144;
1.658110;752.087478;
0.316674;111.203564;
0.199888;91.724718;
2.133954;621.519887;
1.036783;234.547648;
1.009008;404.633886;
0.399719;112.868326;
1.180152;418.750644;
1.401071;576.569118;
0.416569;161.200608;
0.943487;216.500868;
1.235691;398.622205;
0.259322;59.774000;
0.267920;86.891350;
1.968125;742.793767;
1.468337;538.296385;
2.217372;754.437723;
0.346904;151.134205;
0.289536;91.263443;
0.417426;191.556272;
1.018187;462.561770;
0.448873;116.029636;
1.771076;725.858550;
0.847703;194.780600;
0.356072;129.542499;
1.655069;755.496034;
2.027766;754.735274;
1.480241;605.961221;
0.320902;100.075395;
0.495260;213.994934;
0.590863;138.624485;
0.256767;105.183367;
0.326342;146.005701;
2.302872;527.456256;
1.522788;705.267242;
1.036090;491.437973;
0.879755;335.171348;
1.923055;743.726596;
2.049583;756.829343;
1.479148;338.848908;
0.785694;334.999266;
0.863872;313.918863;
1.459459;659.836779;
0.571909;222.158817;
0.964626;432.401946;
0.465858;188.410915;
0.293557;90.549500;
2.152099;704.248512;
0.839009;335.749503;
1.371674;628.127471;
1.517110;607.806588;
0.520222;119.567664;
0.746554;350.577566;
2.399370;570.688300;
1.479245;631.098633;
1.450856;664.971989;
0.502614;116.166126;
1.155604;434.942088;
1.211627;469.336066;
0.581931;232.750470;
1.095456;514.522768;
1.165616;534.191913;
0.480845;181.072743;
1.183858;314.028891;
1.599491;757.186856;
1.058348;404.662687;
1.884061;740.976921;
0.321644;85.072184;
0.547641;124.711488;
1.775116;406.835897;
1.102229;515.255792;
0.487657;222.128257;
1.932607;445.798080;
3.119195;718.987811;
1.146431;536.802153;
0.509913;238.205746;
0.594126;204.510142;
0.830150;190.534656;
0.763773;308.665389;
0.774932;323.492438;
1.168641;553.220563;
0.823715;385.310266;
0.389846;89.413240;
0.211864;80.027542;
1.317189;625.283942;
1.474209;529.816573;
0.516066;222.810646;
1.331935;306.705736;
1.850432;723.626721;
0.678245;293.571621;
1.879703;760.082700;
0.177313;78.357899;
0.459257;106.810959;
1.010592;408.922672;
1.102962;524.157202;
1.971868;459.080829;
0.967790;404.133548;
1.198915;551.531301;
0.344281;128.467922;
0.226370;76.659359;
1.543968;475.144811;
0.410135;92.942710;
0.453807;204.721705;
1.308145;435.152689;
0.846231;329.376726;
0.604141;139.762693;
1.288059;472.523411;
1.530636;431.457856;
1.376538;484.366385;
1.388900;646.587228;
0.593100;244.195082;
1.138939;443.199803;
1.124158;506.016094;
1.157940;451.057779;
0.542422;214.542502;
0.675273;252.489597;
0.305782;102.600971;
0.697484;154.598400;
3.053219;695.528208;
0.406938;186.321949;
2.373636;539.706384;
0.126788;58.029886;
1.856243;587.042129;
0.462318;186.440376;
0.460997;216.356753;
0.845961;334.867593;
0.752075;333.423435;
0.764643;356.013169;
2.574118;702.460954;
1.310637;595.410837;
1.319867;535.987125;
0.169488;67.910275;
0.339313;152.061502;
0.588966;229.472336;
3.212575;753.379735;
0.411555;159.792235;
0.526374;162.630290;
0.171990;78.486006;
1.322322;603.357177;
1.340604;626.519155;
0.454139;200.461658;
1.568467;638.608335;
1.503005;613.201395;
0.758785;256.244850;
0.824053;333.326943;
0.411985;195.247613;
1.032326;455.804243;
1.459001;520.190524;
1.528138;678.167876;
1.073329;459.324500;
0.216652;102.122355;
1.507573;693.400172;
1.418834;625.373991;
0.827755;370.912405;
0.602705;239.553147;
1.162579;556.176740;
1.315692;626.055969;
1.040364;306.428350;
0.632287;275.586119;
1.715764;711.995876;
1.068743;274.776460;
2.950727;683.074350;
0.250707;57.567744;
0.313675;93.845566;
1.125806;418.863030;
0.847217;205.571851;
1.224360;405.787784;
0.762095;313.992673;
1.226698;504.993219;
0.524490;147.267777;
1.301008;528.052170;
1.796660;639.393976;
1.540751;676.721908;
1.772209;761.135263;
1.351490;587.695043;
1.579535;549.718578;
1.316451;602.012054;
0.449396;176.909852;
1.653910;761.904047;
1.738115;761.534245;
0.507456;220.459592;
0.960156;330.576417;
0.402755;160.596351;
1.467211;373.954939;
0.741805;251.780277;
0.209905;62.967626;
0.852003;361.583094;
0.292924;100.411061;
1.640695;661.911172;
0.349762;154.056820;
0.562343;250.241304;
1.373888;318.037941;
0.253293;103.102640;
2.205216;763.752569;
1.416331;664.121612;
0.493953;114.307101;
1.783036;655.398984;
0.586245;264.880135;
0.429557;200.972717;
1.825578;449.304195;
0.322591;102.242590;
0.387827;160.186917;
1.290919;500.706597;
0.257762;72.961491;
0.225688;88.944748;
0.473637;197.159317;
1.464602;672.506125;
1.528004;672.344154;
2.014391;668.179058;
0.200141;60.009746;
0.981680;464.280435;
1.057146;414.289611;
0.769285;315.541934;
0.843346;382.820662;
0.974260;363.979969;
0.624414;229.643982;
1.065507;244.528128;
1.188893;542.172031;
1.068891;495.958872;
1.614429;710.685025;
0.828339;349.968083;
1.738144;747.226154;
0.973727;454.504869;
0.344963;119.082316;
1.270150;541.986080;
1.203620;447.599374;
0.241392;96.526979;
1.301113;615.362460;
0.419353;195.080905;
0.238383;85.672477;
1.585604;636.501279;
0.798570;216.436461;
0.850645;278.797101;
0.499891;228.254893;
0.544104;229.074051;
0.463148;209.120299;
2.312951;658.102086;
1.636264;669.939019;
0.398356;163.453708;
0.317547;150.350381;
0.930398;215.069900;
1.942800;643.460259;
0.540063;169.236989;
1.072567;461.172255;
2.081619;734.994039;
0.446652;111.455594;
0.460572;133.372797;
0.469974;171.243364;
0.424701;130.458615;
2.005165;543.085760;
1.467812;505.002069;
0.183940;86.909985;
1.635310;764.657558;
1.482655;403.915650;
0.731565;327.187226;
0.246645;108.845271;
2.104584;767.541996;
1.771447;767.658236;
0.181698;81.516947;
0.312367;124.531789;
0.418847;193.916820;
3.314760;764.564220;
1.680629;389.919717;
0.985260;451.533487;
1.105880;408.224200;
1.481372;523.550296;
0.332083;119.851400;
0.804448;287.260936;
1.789785;768.478180;
1.161765;498.190615;
0.484136;147.005790;
0.200603;91.116765;
0.447407;170.884015;
0.860885;393.728508;
1.916060;769.063045;
0.454532;185.877301;
0.831587;330.523464;
0.955372;380.299182;
0.380445;86.842368;
1.765540;769.527187;
0.720747;291.525825;
2.542501;583.533552;
1.179957;270.262575;
1.657588;769.884596;
1.065369;456.118557;
1.334774;601.650789;
1.319128;480.418418;
1.939817;446.407200;
0.152468;66.530602;
0.213430;55.093196;
1.519462;665.967642;
1.911190;629.276002;
1.699382;703.180228;
0.390868;149.872885;
0.863834;386.389991;
1.034859;347.775400;
0.311704;110.624528;
1.313919;300.321683;
1.074238;451.659218;
1.216911;472.115684;
1.253655;468.115619;
1.164034;493.986604;
1.535344;418.951252;
1.359256;421.781864;
1.231303;498.044543;
0.187675;64.059336;
1.263392;543.391068;
0.349652;154.540975;
0.367629;137.743002;
0.464261;203.334105;
0.670613;259.466148;
0.483845;213.079585;
0.419715;124.504940;
1.055085;381.119766;
1.288458;583.166645;
1.595196;365.857216;
0.661841;151.956945;
0.934784;445.835592;
2.133569;488.658625;
1.308227;477.764940;
0.471030;158.321397;
0.926191;305.160704;
0.576222;190.862524;
1.298889;515.256755;
1.129987;406.027117;
0.806997;359.341452;
1.000676;450.751207;
0.190732;82.272320;
1.418841;626.887980;
0.308740;133.016343;
0.463638;218.423525;
0.544901;242.262529;
2.355792;567.872035;
0.263932;118.641686;
1.231465;504.344061;
1.288227;557.360101;
0.396842;180.691962;
0.483813;188.161897;
0.362512;167.877108;
1.794888;413.635950;
2.096156;644.116627;
0.141026;41.383158;
0.488897;177.281477;
0.737944;253.802159;
0.101059;41.032710;
2.945875;676.578825;
0.247117;56.273833;
1.729482;396.837420;
1.642225;580.239215;
1.734740;752.971443;
0.564605;191.705090;
0.626379;147.277053;
1.627790;770.343619;
0.905690;285.558104;
0.317463;105.394565;
0.162080;76.028424;
1.127129;418.879337;
1.702676;770.896858;
0.225583;107.227488;
0.120722;53.642699;
0.376548;124.838381;
1.722740;774.414673;
1.745689;774.674597;
0.202806;92.637728;
1.885253;771.842095;
0.679597;241.199516;
0.534980;247.371363;
0.310775;117.885642;
0.618424;292.811306;
0.810246;263.312895;
0.877826;398.612396;
0.210948;64.036403;
0.648308;194.237845;
1.692296;749.524596;
1.089654;403.054883;
0.289338;67.160772;
1.182098;481.638266;
0.203834;91.163804;
1.843740;765.687799;
1.870035;569.279552;
1.403570;664.442132;
0.568159;173.122397;
0.453908;105.234948;
0.621815;221.579337;
0.254589;84.340133;
0.847152;402.044762;
0.769746;304.685744;
0.276089;64.891233;
1.888224;778.304262;
1.775250;781.473799;
1.294557;602.833664;
2.033545;781.057955;
0.611518;210.877850;
2.651845;781.417700;
1.116368;500.163077;
0.245595;91.046618;
0.570143;139.762150;
1.897636;563.213946;
1.831930;724.628222;
0.405732;181.771397;
1.976674;649.353604;
1.791007;782.041368;
0.428200;140.070828;
0.707946;163.509668;
0.686539;320.375308;
1.898805;698.071469;
1.012720;399.153149;
0.997169;452.835769;
0.504501;147.885755;
1.158775;427.147361;
0.901023;344.562855;
1.000317;464.537510;
0.472697;222.318583;
0.366387;161.275859;
1.401376;573.449431;
0.555550;129.178800;
1.692090;525.705371;
0.711538;266.285347;
2.116349;782.789668;
0.826522;391.140928;
1.950503;587.983150;
1.035656;447.607451;
1.373807;473.634469;
0.553636;225.428882;
1.154486;367.780115;
0.441998;173.529131;
1.447957;331.156852;
1.442591;626.958799;
1.672719;618.063648;
0.356845;166.530221;
1.037661;406.023209;
0.354531;145.516985;
0.944569;269.611695;
0.193355;67.197857;
0.947041;376.251597;
0.991898;413.205323;
0.209835;86.176891;
0.307892;124.138852;
1.911069;675.646293;
0.385411;171.625281;
0.244396;55.935441;
0.403074;110.080327;
1.943354;678.014441;
1.415676;621.567256;
1.486812;395.016441;
0.168048;75.042208;
0.216311;91.619833;
1.690393;587.284791;
1.861599;782.939459;
0.332859;139.462981;
1.598999;686.368434;
1.423647;337.550257;
0.380772;176.660029;
0.298674;128.224784;
0.907171;376.498163;
1.726942;783.152418;
0.624225;143.063244;
0.451852;176.620616;
2.115086;483.004368;
0.345846;159.331080;
0.589278;257.611370;
0.498779;197.262987;
1.838170;784.266076;
2.202853;783.380962;
0.458790;199.482505;
0.942896;246.147314;
0.571512;247.601175;
1.572698;359.498660;
0.293319;67.892517;
1.253577;476.052315;
0.328820;100.651943;
1.032794;238.476348;
1.374171;646.532543;
2.217252;708.654491;
0.392019;155.168379;
0.163817;73.102744;
1.466157;621.716809;
1.165817;552.413420;
0.884528;270.768094;
2.140943;771.571200;
0.943642;414.632118;
0.966884;444.242940;
2.669192;612.528601;
0.221305;88.974822;
0.920738;342.982257;
0.737599;175.025654;
0.411864;194.120906;
1.396163;634.049232;
0.371206;172.928888;
3.343767;773.310528;
1.719175;784.997987;
1.320222;594.967636;
1.881957;786.183318;
0.216211;92.489175;
0.560172;257.173666;
0.596432;280.678202;
0.347787;88.761678;
1.769007;645.005824;
0.235831;77.922179;
1.233053;473.660028;
0.647705;226.556277;
0.314351;146.475446;
2.216566;786.554362;
2.272803;786.690987;
0.456035;208.251809;
0.598658;166.377837;
0.387630;178.848804;
0.582665;260.464089;
1.010787;465.964018;
0.440913;196.127055;
1.472182;337.767015;
1.091695;494.525048;
1.192292;527.155235;
1.038693;476.191220;
0.385820;89.447919;
1.317375;617.308367;
0.359336;132.207163;
1.219683;279.120170;
1.377904;636.644050;
1.340847;573.493859;
0.272885;99.696392;
0.932453;391.753188;
1.114579;366.224395;
0.345573;102.767510;
0.294305;124.426502;
1.396936;649.035026;
0.318599;147.599721;
0.571359;268.347168;
1.735463;787.469654;
0.802803;287.015245;
0.208462;47.739375;
2.030638;551.403451;
0.865026;292.331929;
0.325777;149.369538;
0.349264;110.972307;
0.201044;93.882378;
2.845248;667.804947;
0.293737;74.997478;
1.240801;559.851746;
0.242201;107.421060;
1.405672;552.994944;
0.387243;131.146948;
0.454154;191.012622;
0.351633;159.401576;
0.336248;89.143298;
1.834331;787.491255;
0.370461;160.888231;
2.015263;788.313607;
1.844019;788.384681;
0.240943;102.479686;
0.750215;359.245489;
1.224307;279.726264;
0.645847;255.369714;
0.455327;209.459384;
0.294760;121.214654;
0.707143;331.345921;
1.743325;789.357048;
0.525760;204.251620;
2.505512;576.365625;
2.390977;748.649114;
2.784387;640.315449;
0.128404;56.340640;
1.247893;414.898318;
1.524080;349.014358;
0.417387;175.828400;
1.297553;490.732150;
1.266140;513.296252;
0.482237;172.745016;
0.898287;293.608130;
0.224734;95.497372;
0.565342;233.105277;
1.858548;568.354605;
1.203155;514.230277;
0.969390;399.059315;
1.119711;525.728459;
0.269329;93.688966;
1.151946;480.279261;
1.278316;454.173714;
0.266042;115.345183;
1.424651;579.144636;
0.803511;269.738411;
0.187173;73.288866;
1.169957;522.849892;
1.324196;572.032356;
0.238756;80.897609;
1.390462;580.310633;
1.348040;582.503860;
1.458170;597.588324;
0.997517;449.024196;
2.363842;538.216778;
0.459951;198.598562;
2.055067;663.497683;
2.364099;569.904955;
1.381131;431.225314;
1.449768;541.061907;
0.326727;154.366867;
0.419164;166.316493;
1.570463;725.001775;
0.650757;235.776990;
2.160041;498.369838;
0.678334;266.834367;
0.749795;301.203885;
0.312094;87.699397;
0.469916;196.615405;
1.125267;508.204822;
1.215069;515.373912;
0.273843;123.676278;
1.628251;651.559315;
0.459249;141.950443;
1.785597;695.364800;
1.339541;309.071028;
0.559387;190.092951;
1.744041;715.350371;
1.736940;752.041779;
0.641983;306.789363;
0.723189;337.286948;
0.894509;424.927788;
1.433787;637.523099;
0.382194;166.763453;
0.290370;110.048944;
1.984000;767.663948;
2.153077;790.937644;
1.740968;791.057388;
0.797541;340.716565;
1.814874;419.612400;
1.236502;443.543563;
3.292744;757.221872;
0.225350;81.471237;
1.260349;572.587341;
1.673825;507.621536;
0.249131;76.905871;
0.657750;153.410455;
0.246622;105.932287;
1.443109;631.581912;
0.396515;187.722545;
0.233098;94.482227;
0.341248;142.562271;
1.226310;447.234680;
0.337024;148.645882;
1.929725;791.746356;
0.418252;193.109276;
0.906289;384.888120;
0.401057;168.000196;
1.057306;496.691714;
1.252615;401.805970;
1.150294;268.087678;
1.450152;693.043383;
0.791415;367.754875;
0.155290;70.654152;
0.919006;435.932542;
0.573162;132.098000;
0.433526;112.148233;
1.426447;623.377845;
0.670665;302.204132;
2.132467;491.855900;
0.593655;201.358807;
1.688829;794.119085;
1.788830;791.891286;
0.496599;204.713533;
0.499990;206.245455;
1.762892;714.610114;
0.662758;307.619564;
0.305632;80.222158;
1.483912;622.729341;
1.192137;436.617984;
1.699055;794.400127;
1.330264;480.353800;
0.444126;208.412910;
2.239024;585.559987;
0.913711;383.196125;
0.375156;145.869079;
2.108447;796.930410;
0.979369;433.286639;
1.192422;412.613806;
0.435495;190.719523;
0.643764;146.001927;
1.060685;435.738576;
1.331937;368.135844;
0.784423;207.882015;
1.789258;797.627125;
0.284536;109.381340;
1.291216;512.544234;
0.389355;88.060896;
1.889808;431.499552;
0.365985;138.573877;
0.485666;128.964004;
1.711980;798.598784;
0.461522;193.532030;
0.795609;195.340243;
0.413143;184.703090;
0.600169;174.011967;
0.643860;261.907215;
2.175575;798.663560;
0.414026;95.276925;
0.870021;400.892082;
1.070192;454.224023;
0.694524;228.248575;
1.665045;738.835048;
1.689261;799.421524;
0.136038;57.932872;
0.760760;225.377603;
2.049636;772.723203;
2.308155;679.573833;
0.555436;238.984038;
1.568009;403.181281;
0.511492;175.298844;
0.855733;363.784559;
0.405717;191.748608;
0.488980;207.667521;
1.035864;457.417427;
1.281538;526.397112;
0.425123;176.078680;
0.455041;206.290338;
1.400889;566.487787;
0.384912;153.116359;
1.715548;781.163370;
1.991926;733.997009;
2.141610;490.372987;
0.559228;244.183812;
0.296286;87.561435;
1.405856;576.932451;
0.543631;248.396112;
0.360147;82.389872;
1.014454;309.081270;
0.337196;133.269865;
0.715112;310.777268;
0.872171;321.926917;
0.432400;145.443986;
0.742347;298.210832;
1.118974;403.506634;
0.868232;413.184952;
0.833524;262.408509;
1.792482;455.818447;
0.966687;373.403364;
0.805217;352.727702;
0.656020;252.474195;
1.420652;592.022571;
0.553036;260.142804;
0.664554;277.633370;
0.299844;77.318484;
0.329473;96.851649;
1.620090;672.541351;
0.413238;94.560984;
1.159041;541.551240;
0.551826;215.226951;
0.788495;369.897428;
0.590311;273.054789;
1.467018;693.435757;
1.479540;706.138798;
0.259665;65.108746;
1.782536;742.751267;
1.329649;560.442641;
1.103584;478.632099;
0.259499;70.554980;
0.614856;280.325950;
0.185326;83.882003;
0.768714;346.030573;
0.312083;71.360500;
0.343178;163.067438;
0.988657;308.547669;
1.325927;302.750390;
1.348560;568.602324;
0.595554;168.078905;
1.427077;563.532939;
0.604293;257.259000;
1.089789;493.440726;
3.403314;781.761600;
0.399085;139.629060;
0.585239;135.224397;
0.641488;237.980926;
0.670254;308.585969;
1.142118;500.952831;
1.160046;430.428452;
1.097745;378.638069;
0.438285;100.117941;
0.346073;152.831399;
0.151066;50.409523;
1.298344;481.238480;
1.432942;653.887926;
0.369284;149.010192;
1.411997;647.572048;
0.613636;214.076874;
1.584210;691.343912;
1.322196;588.652212;
0.753515;330.701671;
1.566709;681.929474;
1.544220;357.188716;
1.329798;440.556761;
1.683334;392.590024;
1.434822;439.953243;
0.329056;143.147009;
1.896771;800.962328;
1.733221;662.779399;
0.729085;344.645230;
0.848144;394.605773;
0.639240;300.169531;
1.051183;430.613522;
0.585986;214.760619;
0.325432;120.684268;
0.209967;69.917231;
1.163071;546.020845;
0.193254;87.709400;
0.261064;106.513996;
1.249320;568.222049;
0.141422;52.451389;
1.455042;501.184543;
1.587424;603.500013;
0.177452;80.980765;
0.514698;148.398520;
1.286271;454.726534;
2.171364;621.398197;
0.385311;168.805187;
1.712399;802.122198;
0.276740;83.053864;
0.571842;163.722790;
2.034543;803.419560;
2.236042;802.241735;
1.016131;233.079525;
0.175689;82.452455;
2.473771;569.250792;
0.332592;139.886242;
0.153512;50.086670;
0.462765;213.522981;
0.602298;257.923351;
1.573869;682.817004;
0.406745;181.560474;
2.265435;517.920611;
0.670708;240.501718;
1.301594;592.510631;
0.336585;112.964619;
0.379651;151.682172;
0.418510;166.347886;
0.187717;77.756149;
0.806287;185.569100;
1.911673;596.787605;
1.967156;806.033264;
2.390876;803.667975;
0.739848;273.513013;
0.250791;97.256619;
1.140095;497.857366;
0.278200;112.814933;
1.080243;309.104544;
0.330439;139.861377;
0.462024;193.677355;
1.641710;670.798995;
1.811984;782.433306;
1.849470;806.469439;
2.096206;742.771329;
0.936153;274.653758;
0.803353;255.826123;
0.200128;57.086848;
0.252343;109.217993;
1.000036;389.573642;
1.710492;612.256557;
0.129696;55.107174;
1.297372;601.746661;
1.544750;723.032590;
2.080097;478.826116;
0.257790;68.723476;
0.195913;91.711766;
0.349902;161.913756;
2.134618;651.359637;
0.402246;176.955421;
1.887575;739.948031;
0.613785;279.147038;
0.751541;316.029476;
0.681255;293.403745;
0.213668;97.940382;
1.074531;434.983135;
1.247410;288.904288;
0.898119;229.228906;
1.332507;569.667546;
1.678389;532.821920;
0.313494;136.212005;
0.790439;266.483943;
1.303348;432.297986;
1.790386;650.331864;
1.215496;564.673895;
0.609071;220.928948;
0.450350;103.193088;
0.450640;147.105099;
1.656494;688.097076;
0.300763;124.533188;
0.324836;148.929851;
0.282579;135.617856;
1.809375;413.412758;
0.225136;104.762523;
1.760881;695.310575;
1.773911;806.870248;
0.783518;361.023905;
0.858882;394.586863;
0.961932;404.952244;
0.864406;389.270971;
0.211043;60.430398;
0.903604;409.388254;
1.132305;404.791077;
0.526193;199.272837;
0.324632;74.973364;
1.468296;687.425105;
1.718314;441.755829;
0.175426;63.736765;
1.467240;601.301622;
0.492193;208.403813;
0.456298;205.118171;
0.150202;54.646847;
1.560992;724.362369;
1.129433;260.544420;
0.668520;284.367720;
0.148909;64.420992;
2.440087;663.504368;
1.940791;664.314390;
0.738696;308.952542;
0.317779;143.195662;
0.473744;123.408384;
1.214050;288.860629;
0.449262;178.125288;
0.593225;208.220365;
0.346659;145.114214;
0.405320;176.496239;
0.332039;140.290943;
0.400377;155.677570;
1.119298;300.155075;
1.060282;465.966800;
0.577787;230.938572;
0.285712;127.158028;
1.943119;638.708112;
1.104600;491.561054;
1.584239;743.578707;
0.567882;129.226241;
0.429364;180.669591;
0.467247;203.999342;
1.732656;761.521950;
0.738102;306.013715;
2.133719;754.022220;
0.400463;176.493105;
0.350839;165.350050;
0.105969;47.206133;
0.950690;449.355179;
1.145582;482.728697;
1.493871;393.800684;
0.691149;238.805109;
0.652730;247.236216;
1.386501;654.811980;
0.328412;121.549023;
1.640692;710.542930;
0.758938;324.273612;
1.314801;563.512734;
1.549008;684.813264;
0.238393;98.776537;
0.758794;326.863304;
0.367289;84.310271;
1.852903;809.282988;
0.488775;216.405288;
1.877841;809.990401;
0.356530;88.261362;
0.180801;81.235015;
1.366179;432.261120;
0.545888;218.030558;
0.232651;93.788362;
2.466026;810.917795;
1.131106;392.226290;
0.526204;171.408467;
0.333369;128.590074;
0.237381;94.714638;
0.481767;213.877134;
1.034710;355.723499;
1.750515;502.862811;
1.912355;696.235693;
2.225017;674.296842;
0.623612;266.987104;
0.699739;159.952320;
0.965928;405.071291;
0.120987;50.413854;
1.039462;472.023251;
0.284382;125.144548;
0.729784;340.599652;
1.111306;426.811734;
0.528574;233.289659;
1.075580;481.490946;
0.421162;107.352735;
0.303830;126.794553;
1.225746;538.198101;
1.521000;718.473894;
0.512709;196.044611;
1.726594;811.369398;
0.280138;128.753677;
0.376621;150.250075;
1.666485;779.956120;
1.103921;445.427133;
0.479732;221.482830;
2.464728;766.269490;
0.729678;240.379502;
0.711376;280.029867;
0.351554;164.884693;
0.951706;434.659954;
0.652803;292.180885;
0.798026;354.006738;
0.178969;66.424036;
0.627732;280.595054;
0.258926;88.436618;
0.309858;132.714342;
0.805311;285.199310;
0.507839;234.262370;
1.567799;658.945655;
0.117609;30.234634;
0.643864;260.935142;
1.977642;496.266627;
1.792271;812.263336;
0.525752;217.163084;
0.643054;301.973122;
2.360773;811.889415;
0.459540;190.360649;
0.770423;324.579226;
0.533115;244.010863;
0.803601;278.752567;
0.214683;85.998429;
1.051675;241.722896;
0.692319;303.774608;
0.278571;64.115309;
0.221576;98.102037;
1.364229;566.870975;
0.399075;177.380166;
1.493004;345.778692;
0.116591;26.780416;
0.995118;363.937455;
0.171407;39.521948;
0.442172;210.829887;
0.687830;280.323706;
1.706127;651.001960;
0.864860;320.384458;
0.744446;334.575006;
0.720406;324.968746;
2.771657;631.975520;
0.982117;381.941046;
0.123297;51.631767;
0.351676;161.971803;
0.959523;218.314968;
1.203333;499.339898;
0.233976;77.674530;
0.304262;98.879428;
1.800878;812.763284;
1.073575;434.461554;
0.956817;443.001128;
0.312520;128.562266;
3.501538;797.543121;
1.347326;575.822985;
1.713626;813.111557;
1.546186;606.074516;
0.558350;259.406235;
0.281538;75.200060;
0.813376;222.364047;
1.760078;813.185679;
1.274543;291.559408;
0.967298;421.307923;
0.514672;202.289954;
2.340972;816.554884;
0.334208;145.940423;
0.947020;415.448418;
1.486348;342.745200;
0.864283;300.734519;
0.945842;416.042384;
0.620471;273.660087;
0.397884;123.822871;
0.782775;178.660616;
1.337850;495.768525;
0.812925;360.163967;
1.965295;449.956537;
0.500951;113.977984;
1.491655;514.412740;
0.479713;207.436093;
0.442931;105.102640;
1.212457;518.816148;
0.176493;67.215381;
0.552465;171.919841;
0.234274;95.117260;
1.119349;437.065220;
1.158580;521.355174;
0.769224;273.308179;
1.028955;473.144867;
0.150146;34.078720;
1.304166;532.353444;
1.316050;598.342741;
0.920413;211.257200;
0.333403;153.394988;
0.424929;173.012880;
1.407621;602.385430;
0.590615;252.810841;
0.800732;350.811362;
0.763487;297.269612;
1.751844;607.005399;
0.854029;374.568093;
1.842829;816.830358;
0.738754;282.035046;
0.986064;393.021818;
0.584556;272.623009;
0.627012;299.429059;
0.297099;140.360806;
0.935499;385.205796;
0.887122;369.010703;
1.334946;603.858804;
0.996712;434.664866;
1.641143;697.765611;
0.375098;165.432695;
1.743246;780.391152;
0.334810;77.513220;
0.195491;91.968579;
1.557986;690.874633;
1.453786;337.039605;
0.796779;373.081730;
0.804219;374.226839;
0.928108;414.362459;
1.069707;271.726940;
3.195095;738.644816;
0.715047;314.156094;
0.307526;124.857997;
0.564126;201.394867;
0.937935;438.912672;
1.191248;347.445924;
0.225304;55.993529;
0.803716;342.505501;
1.170495;443.889641;
1.113085;521.355732;
1.197429;478.590076;
1.294095;592.664441;
1.340900;628.602498;
1.614266;527.727277;
0.518366;118.076400;
0.418730;166.685142;
0.310679;101.634376;
0.785199;179.854400;
1.685781;794.187773;
0.530113;222.784003;
0.755848;175.171572;
0.548446;249.518544;
2.342093;782.462191;
0.781350;258.507986;
2.638837;772.518055;
0.685401;309.846924;
1.086012;376.162941;
1.350672;311.975550;
1.038291;387.324922;
1.241938;485.201403;
0.337755;126.984059;
1.249680;521.318002;
0.441696;197.773070;
0.826106;190.527161;
0.405923;191.133900;
1.667230;635.448702;
0.317841;149.868682;
0.807779;284.836675;
0.298540;106.660346;
0.833578;342.405755;
0.619881;265.544459;
0.664967;223.144287;
1.591924;613.270808;
1.557670;728.614143;
0.308015;87.122202;
0.322468;102.636480;
0.504915;184.665327;
1.990713;818.265113;
2.050295;809.540605;
0.435244;192.172255;
0.134847;54.255966;
2.289830;806.269672;
0.815393;223.845540;
0.788867;283.244832;
0.758058;325.260432;
0.308980;141.547161;
0.904162;378.086981;
1.086124;506.541792;
1.162599;505.457959;
0.367398;147.077608;
0.663874;178.928860;
1.270758;576.495704;
0.284164;132.410650;
0.388011;182.775693;
0.773727;338.921717;
0.881519;390.038035;
0.816069;374.413314;
1.015983;415.630950;
0.361175;144.253336;
0.375624;152.714407;
M0:0.009279
W0;O:0.001199;R:389.829238
0.519245;244.045383;
1.719079;820.112475;
0.337721;77.249700;
0.726053;307.821765;
1.059505;242.742996;
2.179153;821.275577;
2.293934;821.334504;
0.904286;379.147995;
1.350255;310.586157;
1.383334;456.663090;
1.829768;750.334101;
1.741614;822.322804;
1.810490;822.600649;
2.272812;822.584916;
1.887146;822.878378;
2.451475;822.753270;
3.584611;821.684800;
1.984955;825.619209;
1.910673;826.167917;
1.759918;827.161855;
1.995721;826.688676;
1.875956;827.578230;
3.589012;825.511936;
1.800935;828.160289;
1.823596;829.875851;
2.634607;828.484219;
2.122386;828.496740;
1.882610;830.347889;
2.186088;831.824035;
2.292596;832.756421;
1.806562;832.957935;
1.782295;834.642237;
1.983877;836.562154;
1.940834;836.724549;
2.997021;833.417631;
1.926557;837.234375;
1.807190;838.072604;
2.297525;837.555201;
2.200804;839.355208;
2.295927;840.142840;
1.817616;840.184742;
1.819117;840.192148;
1.867460;841.677679;
2.087929;843.925181;
2.432609;842.742105;
1.828707;844.553626;
1.994778;844.501249;
1.948683;846.673080;
1.909064;846.714212;
1.893909;847.539640;
2.167840;849.274514;
1.836642;851.938419;
2.057054;852.201636;
3.375777;850.607925;
1.959892;852.282449;
3.698941;849.374424;
1.915515;854.023541;
1.856366;854.153077;
1.839407;858.400258;
2.511804;856.966492;
2.208484;859.051045;
2.526608;860.494678;
2.551986;863.984551;
1.827756;866.790370;
2.187474;864.112984;
3.758142;862.838400;
1.937729;867.117372;
2.194767;870.198126;
1.844786;871.859348;
2.584879;870.416873;
2.129075;873.535491;
3.778329;869.088114;
2.401394;874.749583;
1.903352;876.021975;
2.429481;875.310605;
1.862031;876.400543;
2.076708;876.756766;
1.932545;877.300629;
2.830095;876.796661;
1.879825;878.416444;
1.981642;878.459612;
1.900631;879.810262;
2.057743;880.482313;
2.649949;879.070069;
2.046969;882.584019;
1.893886;882.987708;
1.950156;885.064814;
1.889312;887.023608;
2.363165;886.015715;
2.595003;886.290664;
1.971978;888.267774;
1.935665;888.399445;
1.913786;888.527886;
2.168166;889.432120;
1.909075;890.449525;
2.195926;890.204127;
3.029809;889.171450;
1.987995;892.294609;
2.566993;890.441410;
2.024710;892.387194;
1.922919;893.798169;
2.044359;894.038871;
1.893066;895.520297;
2.180676;895.705942;
2.046995;897.468233;
1.921683;897.722694;
2.079754;899.606283;
2.036620;901.415568;
2.055515;901.495712;
2.517718;902.663748;
2.541413;902.824453;
1.911547;903.075235;
1.939781;905.979827;
2.081554;907.874729;
2.270139;906.356194;
2.152062;908.132368;
2.031073;908.882365;
1.984012;913.989556;
2.673613;910.351912;
3.326846;908.954045;
2.456613;913.363434;
1.942145;915.533301;
2.318592;917.544974;
2.244642;919.991590;
2.235280;921.916654;
1.973494;923.558177;
2.866623;920.925234;
2.573868;924.979345;
3.313185;922.999928;
1.954300;926.732669;
2.245703;927.448925;
2.254436;927.683983;
2.178825;927.980219;
2.139029;928.795398;
2.171720;930.399984;
1.970510;933.104256;
2.716769;930.685690;
2.344776;933.049741;
1.978518;934.445950;
2.048497;934.505645;
2.046133;935.009345;
2.102109;942.136735;
2.202360;944.990086;
2.123836;945.964997;
2.937876;943.793777;
2.221160;947.696994;
2.299546;946.436540;
2.121050;948.224381;
2.029764;950.135736;
2.142652;950.064067;
2.262401;953.777990;
2.755576;953.391805;
2.010280;954.791349;
3.160990;953.628148;
2.205541;959.710649;
2.411151;958.551586;
2.520635;964.255111;
2.773392;962.207931;
2.079766;964.623208;
2.448460;964.740967;
2.598719;965.217229;
2.579134;966.443065;
2.180211;967.940276;
2.421436;968.878440;
2.534576;967.273448;
2.054276;970.142150;
2.039777;971.715096;
2.793993;970.351777;
2.473168;972.713923;
2.630187;973.088318;
2.140965;974.991398;
2.910177;972.834185;
2.834040;973.920903;
2.145508;975.794635;
2.115235;976.248183;
2.210789;977.126377;
2.714150;977.979787;
2.731658;977.587998;
2.695734;980.814124;
2.301231;982.136889;
2.442581;983.142672;
2.271762;985.446590;
3.161217;984.056771;
2.459849;984.114462;
2.426652;986.125036;
2.741259;986.091641;
2.241391;986.400963;
2.305800;987.758538;
2.299337;989.780461;
2.540481;987.496070;
2.126947;991.965875;
2.340154;992.105173;
3.333486;991.149362;
2.120079;993.167406;
2.240808;993.265031;
2.280289;993.384936;
2.722400;992.987624;
2.117019;993.434029;
2.271158;994.123401;
2.341159;994.179625;
2.338620;995.063588;
2.127225;998.009257;
2.179100;998.596530;
3.260765;996.453428;
2.960999;998.467045;
2.191433;999.142020;
2.187432;1003.624805;
2.428209;999.750737;
2.124277;1004.015465;
2.538784;1004.604260;
2.297036;1005.962800;
2.124158;1006.499796;
2.162704;1015.270275;
2.299581;1011.947061;
2.473718;1016.622845;
2.536299;1016.701987;
3.423276;1016.263597;
2.780479;1021.248910;
2.286484;1025.556042;
2.735265;1024.739020;
2.513814;1030.346389;
2.508189;1030.459674;
2.194644;1032.571969;
2.316807;1033.856979;
2.492904;1032.798104;
2.328217;1034.233286;
2.266753;1037.533217;
2.282106;1037.929695;
2.196416;1038.207468;
3.020916;1035.147395;
2.372128;1038.211080;
3.632918;1035.975503;
2.337984;1038.277657;
2.191634;1038.451654;
2.430627;1040.259406;
2.834086;1039.865078;
2.422598;1040.858890;
2.961832;1040.613220;
2.535399;1041.014829;
2.197076;1041.017277;
2.434323;1042.279408;
2.444206;1042.659307;
2.281360;1043.431893;
2.851973;1043.567618;
2.476846;1047.365762;
2.950658;1047.438949;
2.844827;1049.373738;
2.513294;1054.156609;
2.905154;1053.670642;
2.612917;1055.698297;
2.834007;1056.176288;
2.535061;1057.156546;
2.450154;1058.175698;
2.259166;1058.301987;
2.314106;1060.359818;
3.679059;1057.831339;
2.817232;1061.600105;
2.762720;1062.356770;
2.337858;1066.692580;
2.892328;1066.132362;
2.280480;1068.760763;
2.444073;1071.024708;
2.249253;1071.634045;
2.703463;1072.765812;
2.814566;1073.270425;
2.295580;1073.865424;
2.951243;1073.795268;
2.827918;1074.236384;
2.846377;1076.068707;
2.828761;1076.503604;
2.578791;1077.076383;
2.800818;1078.102102;
2.365554;1079.458190;
2.375533;1080.546923;
3.071477;1082.224946;
2.418700;1082.557907;
2.635915;1085.470693;
3.105856;1082.526204;
3.019587;1089.628147;
3.744208;1090.642019;
2.392556;1092.791560;
2.437407;1093.350155;
2.380553;1093.353234;
2.336874;1094.045559;
3.870735;1093.351820;
2.592722;1094.553222;
2.529018;1098.681908;
2.827618;1098.803003;
2.315592;1102.025823;
3.312725;1101.431574;
2.554936;1104.456490;
2.382522;1111.417703;
2.912317;1110.135581;
3.426909;1104.098849;
2.354328;1112.345878;
2.520170;1113.750934;
2.481134;1116.676959;
2.836345;1116.418593;
2.421289;1118.879832;
2.379461;1120.045867;
2.698984;1116.926967;
2.743865;1124.338337;
2.415394;1130.856036;
2.421204;1132.921721;
2.465067;1134.148409;
2.426246;1135.085016;
2.905688;1133.901053;
2.408934;1135.858346;
2.385291;1136.900543;
2.514981;1144.330038;
2.654451;1147.822877;
2.671881;1149.723781;
2.921894;1152.401008;
2.855815;1154.359426;
2.451666;1163.524445;
2.692726;1154.948288;
2.913476;1167.040624;
3.014802;1166.644917;
2.758852;1169.525196;
2.707014;1171.727646;
2.769344;1175.063257;
2.884632;1174.295681;
2.495157;1176.683673;
2.793741;1176.708097;
2.560739;1185.753450;
3.393747;1180.597699;
3.044991;1189.191859;
2.517415;1189.440955;
3.256350;1186.131409;
2.806571;1189.680308;
2.550473;1189.831470;
2.777480;1199.289059;
2.769271;1199.418889;
2.710336;1200.894218;
2.980983;1199.711243;
3.054142;1201.275228;
2.645316;1203.955988;
3.359794;1201.945648;
2.623024;1205.118410;
2.533808;1208.503720;
2.821296;1205.806176;
2.698930;1213.546567;
2.693962;1218.073754;
2.706761;1219.014374;
2.649092;1221.289570;
3.206808;1219.450352;
2.975902;1222.613747;
2.906615;1225.442441;
2.578315;1226.228631;
3.874844;1223.438716;
2.653017;1226.949779;
2.812041;1228.896234;
2.938367;1230.332527;
2.585447;1233.820949;
2.816892;1232.288607;
3.365984;1236.476670;
2.906441;1238.692363;
2.844202;1239.150497;
2.601700;1243.134774;
3.565208;1243.056239;
3.827590;1243.349763;
2.802133;1252.473156;
2.630503;1256.742693;
3.791050;1248.022371;
2.907564;1257.559079;
3.085856;1256.859774;
2.751973;1263.572843;
2.966904;1264.429612;
2.831570;1266.870278;
3.249826;1273.071882;
2.677513;1274.544394;
3.794369;1274.485685;
2.688131;1277.241383;
2.708922;1277.913489;
3.054814;1278.779791;
2.831999;1284.678554;
3.019431;1283.787282;
2.832078;1288.009016;
3.028804;1289.404464;
3.054225;1296.244534;
3.154788;1296.678211;
2.824319;1306.004804;
2.944473;1307.931971;
2.976567;1316.466978;
2.810947;1318.111158;
4.084791;1309.922595;
3.120386;1319.980943;
2.923204;1322.722377;
2.777570;1323.701965;
2.862908;1333.015720;
3.337414;1332.256825;
2.814217;1334.809396;
3.155974;1334.418984;
2.790245;1335.625550;
3.138438;1337.485959;
2.998912;1341.466686;
2.940444;1347.047749;
2.985927;1348.510193;
3.189617;1347.090765;
3.030155;1355.831840;
3.322358;1355.909121;
3.071952;1356.594663;
2.931513;1356.652210;
3.065503;1357.447492;
3.199847;1362.380176;
3.368263;1360.770147;
3.042215;1363.473453;
2.861036;1363.710918;
3.108312;1363.558320;
3.249060;1365.275623;
2.898839;1371.605555;
3.231228;1367.743661;
3.160723;1372.637678;
3.427187;1377.968283;
3.694689;1381.188407;
3.060266;1382.925373;
2.935150;1385.259495;
3.640284;1383.557783;
3.090224;1387.052717;
3.055727;1387.507586;
3.169724;1387.554000;
3.445792;1388.043973;
3.422782;1394.809025;
4.098911;1389.466119;
3.624593;1406.023680;
3.595708;1409.747626;
3.301769;1410.615657;
3.223737;1413.888669;
3.309086;1423.323927;
3.151680;1425.861319;
3.269744;1426.986387;
3.255756;1427.277384;
3.661763;1430.509723;
3.106094;1436.084911;
3.068798;1436.491295;
3.105660;1437.930917;
3.458561;1440.695279;
3.357830;1442.321389;
3.227522;1448.854566;
3.660520;1448.030453;
3.316823;1451.245782;
3.228153;1454.967099;
3.152787;1456.043951;
3.205156;1458.023593;
3.135761;1469.127411;
3.286763;1471.888940;
3.361164;1497.594760;
3.617633;1487.034442;
3.758987;1502.318516;
3.151348;1503.601744;
3.308351;1519.216995;
3.549355;1521.174505;
3.707108;1538.219475;
3.670632;1546.784883;
3.312394;1554.847531;
3.645073;1561.999700;
3.421523;1578.485577;
3.660423;1586.154520;
3.390251;1589.427319;
3.865517;1596.376663;
3.880083;1597.663639;
3.671641;1601.561990;
3.440688;1608.925829;
3.742470;1616.661933;
3.425274;1620.659291;
3.846631;1625.377879;
3.821213;1630.716195;
3.483924;1631.701598;
3.437129;1632.494045;
3.569773;1667.889672;
3.733665;1667.368680;
3.752551;1675.774865;
3.672611;1697.125413;
3.589320;1703.849321;
3.564779;1704.344603;
3.727133;1707.287533;
3.938464;1704.977928;
3.621383;1717.116159;
3.782944;1723.911715;
3.684888;1729.457560;
3.689926;1735.574730;
3.796674;1741.071980;
3.660401;1743.321349;
3.873835;1761.024180;
3.893038;1765.018701;
W1;O:0.001526;R:603.809617
3.853670;1769.466752;
3.849787;1853.454023;
3.933585;1922.139614;
W2;O:0.001644;R:605.608499
W3;O:0.001617;R:605.010472
W4;O:0.001623;R:605.817427
W5;O:0.001598;R:603.861221
4.082528;1932.645243;
