1.15753;451.916;
1.23382;473.649;
1.18958;460.824;
1.17443;443.035;
1.21287;458.509;
1.02423;391.199;
1.1553;442.262;
1.14385;441.373;
1.04363;402.941;
1.17821;463.061;
1.13473;444.274;
1.12256;417.268;
1.20292;448.984;
1.28129;482.753;
1.1614;437.868;
1.15062;446.457;
1.21452;472.937;
1.11926;435.968;
1.14511;436.471;
1.1643;444.37;
1.18686;448.316;
1.19345;467.939;
1.10252;433.535;
1.21118;474.478;
1.16895;454.163;
1.21605;456.044;
1.2159;450.817;
1.17323;450.774;
1.21275;452.556;
1.26885;473.034;
1.10874;423.769;
1.1561;440.549;
1.15002;437.525;
1.11936;426.067;
1.19117;468.214;
1.17271;455.714;
1.18909;463.442;
1.14689;436.667;
1.16519;449.301;
1.19301;450.143;
1.20571;451.873;
1.11335;432.886;
1.16125;445.54;
1.14253;440.655;
1.21357;464.564;
1.17601;454.105;
1.31576;492.088;
1.13667;419.018;
1.14027;433.618;
1.20691;452.463;
1.17639;438.491;
1.16315;440.424;
1.2202;460.805;
1.18779;442.334;
1.15244;440.208;
1.21737;451.044;
1.17096;434.991;
1.22312;461.493;
1.23723;473.729;
1.20417;464.032;
1.19255;452.513;
1.21069;461.664;
1.26537;485.795;
1.16414;444.592;
1.13045;428.28;
1.16589;439.383;
1.16467;445.969;
1.19928;452.955;
1.18997;452.773;
1.22476;459.498;
1.29854;484.873;
1.2389;464.895;
1.23919;463.931;
1.08658;418.926;
1.19274;461.158;
1.19853;463.197;
1.2552;478.66;
1.20482;463.689;
1.21442;454.001;
1.19378;449.574;
1.14521;441.69;
1.11997;438.937;
1.11207;426.676;
1.20729;462.002;
1.19565;463.316;
1.09947;424.69;
1.22559;457.287;
1.2789;478.472;
1.22096;463.449;
1.22139;466.723;
1.21072;450.785;
1.22644;457.509;
1.2099;463.653;
1.25387;479.546;
1.16834;435.622;
1.29399;476.292;
1.19214;452.59;
1.17067;427.666;
1.1666;434.068;
1.23616;465.307;
1.16046;438.387;
1.18328;443.252;
1.19537;448.384;
1.22182;470.113;
1.15534;442.314;
1.17641;450.23;
1.17151;443.783;
1.13408;429.481;
1.31132;488.986;
1.19565;449.639;
1.27905;483.677;
1.29106;480.999;
1.17814;448.608;
1.16436;440.259;
1.15837;434.436;
1.33314;502.966;
1.26722;477.514;
1.14606;427.816;
1.1504;438.412;
1.20283;470.744;
1.19968;457.927;
1.16919;445.252;
1.23168;459.809;
1.21438;451.188;
1.15116;435.934;
1.17472;441.446;
1.14451;446.141;
1.13872;432.186;
1.17243;450.057;
1.21682;458.31;
1.17415;433.485;
1.16831;434.125;
1.14792;432.81;
1.13961;438.157;
1.21943;467.094;
1.19192;453.343;
1.28406;479.67;
1.31895;489.592;
1.27568;479.139;
1.22513;460.712;
1.14706;437.942;
1.17126;441.845;
1.14631;432.743;
1.17247;436.362;
1.18688;446.025;
1.21439;453.906;
1.25215;472.248;
1.2023;457.946;
1.1225;428.249;
1.18435;440.488;
1.23501;464.646;
1.14034;429.486;
1.08096;419.047;
1.17743;447.705;
1.17095;438.523;
1.17445;451.576;
1.24152;462.541;
1.29906;475.83;
1.21118;449.9;
1.0592;401.173;
1.19854;457.444;
1.24015;464.396;
1.14444;440.422;
1.17642;438.503;
1.16735;437.916;
1.21147;456.472;
1.22454;464.934;
1.19146;459.14;
1.20535;452.659;
1.22;460.434;
1.2076;453.133;
1.25643;473.523;
1.18699;443.366;
1.16279;438.423;
1.16025;452.612;
1.19675;462.725;
1.20838;451.615;
1.1966;456.684;
1.16277;445.589;
1.18567;456.792;
1.15067;431.915;
1.26721;481.639;
1.24029;467.149;
1.27219;469.544;
1.27081;472.382;
1.1156;417.824;
1.12429;434.767;
1.27342;480.921;
1.23631;459.719;
1.11077;419.262;
1.13043;439.654;
1.17454;448.462;
1.20248;450.693;
1.11983;427.035;
1.16386;449.951;
1.24526;485.823;
1.15442;449.864;
1.13583;442.291;
1.10524;428.801;
1.14884;427.19;
1.28317;493.64;
1.22314;472.002;
1.15135;438.623;
1.18281;451.297;
1.18969;443.267;
1.20475;457.473;
1.18595;455.241;
1.07634;417.509;
1.09406;422.773;
1.20498;472.142;
1.18893;452.273;
1.25689;472.029;
1.2187;460.008;
1.18244;447.333;
1.10891;428.79;
1.16247;451.824;
1.1661;442.932;
1.21762;455.474;
1.30897;494.963;
1.13157;426.08;
1.214;466.991;
1.17287;451.763;
1.2118;452.373;
1.24121;454.255;
1.30732;485.09;
1.15032;429.611;
1.26733;470.422;
1.20714;455.532;
1.26221;469.317;
1.16686;440.072;
1.17764;441.646;
1.13749;425.265;
1.09125;425.003;
1.121;418.501;
1.16163;439.678;
1.13947;438.113;
1.26923;465.905;
1.28402;483.209;
1.16606;441.279;
1.19035;459.285;
1.20336;459.783;
1.24032;475.674;
1.12371;419.451;
1.24675;475.336;
1.2998;485.125;
1.16554;434.383;
1.17784;453.667;
1.19967;455.912;
1.23152;461.141;
1.29464;486.918;
1.14244;428.641;
1.11525;421.602;
1.16671;451.016;
1.2141;463.502;
1.13678;423.806;
1.18498;449.222;
1.21263;462.112;
1.29072;476.772;
1.21781;466.347;
1.23549;471.121;
1.15137;440.826;
1.22418;457.495;
1.20847;454.847;
1.17166;447.77;
1.19811;460.4;
1.11893;430.674;
1.1271;438.09;
1.17174;458.556;
1.19701;455.18;
1.21596;457.925;
1.1766;446.133;
1.20724;451.694;
1.18817;442.149;
1.25801;476.439;
1.09394;418.481;
1.18564;441.289;
1.24934;472.43;
1.13696;441.441;
1.22024;457.118;
1.21312;451.224;
1.27918;482.172;
1.23263;458.833;
1.23463;463.628;
1.17796;442.134;
1.10807;430.43;
1.22667;461.969;
1.2121;456.098;
1.17851;438.946;
1.27902;475.235;
1.15049;434.996;
1.17104;441.482;
1.20859;456.988;
1.15442;431.414;
1.23065;473.023;
1.19955;456.007;
1.14026;429.42;
1.16338;438.654;
1.23726;469.56;
1.21248;446.536;
1.2509;472.475;
1.13698;437.431;
1.22312;457.929;
1.29001;477.588;
1.10739;422.12;
1.16958;429.341;
1.20491;433.047;
1.22328;455.545;
1.22398;466.146;
1.15497;436.324;
1.22163;465.098;
1.16966;451.875;
1.17542;448.812;
1.19863;450.969;
1.13532;437.153;
1.21332;462.548;
1.18464;445.004;
1.17635;453.827;
1.19621;456.45;
1.13497;437.257;
1.20122;457.439;
1.10389;425.818;
1.21622;460.098;
1.254;471.378;
1.15428;443.082;
1.18886;453.219;
1.25544;479.238;
1.185;453.805;
1.22693;467.95;
1.0833;417.449;
1.1436;423.497;
1.22778;467.697;
1.16595;452.346;
1.11691;429.157;
1.16587;436.685;
1.29757;498.089;
1.24641;475.707;
1.23167;465.695;
1.20766;470.816;
1.20374;463.509;
1.22309;465.505;
1.20843;452.684;
1.2046;457.7;
1.24843;479.794;
1.06701;406.92;
1.17398;453.146;
1.20688;468.195;
1.17823;443.9;
1.26105;480.395;
1.22987;467.337;
1.2112;454.223;
1.19683;442.916;
1.20145;450.659;
1.09016;417.89;
1.21226;464.405;
1.16564;448.529;
1.09008;419.765;
1.22606;472.006;
1.21551;457.337;
1.19174;440.972;
1.19348;453.544;
1.16125;447.947;
1.16483;442.86;
1.28319;477.475;
1.16695;426.424;
1.25911;472.433;
1.22625;470.642;
1.1784;446.734;
1.09999;422.011;
1.28093;500.015;
1.20545;456.887;
1.2998;486.301;
1.10581;421.95;
1.08704;420.479;
1.08453;427.906;
1.15317;447.22;
1.1095;431.742;
1.23249;461.641;
1.29662;478.263;
1.17009;436.192;
1.17792;449.253;
1.1366;435.729;
1.1887;456.986;
1.13679;437.662;
1.15517;433.706;
1.2024;446.589;
1.16945;449.301;
1.16839;447.352;
1.25147;491.312;
1.13427;437.464;
1.21338;458.105;
1.22801;470.642;
1.19241;448.346;
1.22619;466.197;
1.21499;468.412;
1.25501;483.897;
1.11718;431.602;
1.21943;458.116;
1.11525;421.292;
1.11463;427.388;
1.1183;445.069;
