1.27763;450.186;
1.20884;450.186;
1.35204;450.186;
1.22883;450.186;
1.44054;450.186;
1.44078;450.186;
1.21529;450.186;
1.44024;450.186;
1.224;450.186;
1.44043;450.186;
1.4406;450.186;
1.44012;450.186;
1.2192;450.186;
1.44029;450.186;
1.21873;450.186;
1.44027;450.186;
1.44151;450.186;
1.22542;450.186;
1.44041;450.186;
1.32595;450.186;
1.33459;450.186;
1.44215;450.186;
1.21742;450.186;
1.44098;450.186;
1.44054;450.186;
1.22446;450.186;
1.4407;450.186;
1.44108;450.186;
1.21753;450.186;
1.44133;450.186;
1.22104;450.186;
1.44703;450.186;
1.44257;450.186;
1.21508;450.186;
1.46392;450.186;
1.22368;450.186;
1.44086;450.186;
1.44588;450.186;
1.4406;450.186;
1.22131;450.186;
1.44046;450.186;
1.22448;450.186;
1.44068;450.186;
1.4407;450.186;
1.27776;450.186;
1.4423;450.186;
1.24175;450.186;
1.45098;450.186;
1.44902;450.186;
1.4506;450.186;
1.22834;450.186;
1.45511;450.186;
1.23213;450.186;
1.46344;450.186;
1.24312;450.186;
1.46883;450.186;
1.47093;450.186;
1.256;450.186;
1.47423;450.186;
1.47951;450.186;
1.2576;450.186;
1.48611;450.186;
1.26628;450.186;
1.48857;450.186;
1.4945;450.186;
1.28453;450.186;
1.50246;450.186;
1.27835;450.186;
1.50465;450.186;
1.506;450.186;
1.50908;450.186;
1.27786;450.186;
1.5124;450.186;
1.28705;450.186;
1.51662;450.186;
1.51797;450.186;
1.52055;450.186;
1.28385;450.186;
1.29853;450.186;
1.52559;450.186;
1.52822;450.186;
1.53026;450.186;
1.30048;450.186;
1.53243;450.186;
1.30639;450.186;
1.53586;450.186;
1.54055;450.186;
1.31521;450.186;
1.54086;450.186;
1.54263;450.186;
1.31494;450.186;
1.54477;450.186;
1.30082;450.186;
1.54505;450.186;
1.54621;450.186;
1.31515;450.186;
1.5503;450.186;
1.55446;450.186;
1.31779;450.186;
1.55901;450.186;
1.32517;450.186;
1.5609;450.186;
1.56127;450.186;
1.32879;450.186;
1.56774;450.186;
1.35306;450.186;
1.57095;450.186;
1.57077;450.186;
1.57253;450.186;
1.32682;450.186;
1.5701;450.186;
1.33585;450.186;
1.56918;450.186;
1.56916;450.186;
1.32859;450.186;
1.5718;450.186;
1.33539;450.186;
1.57362;450.186;
1.57817;450.186;
1.58056;450.186;
1.33947;450.186;
1.58411;450.186;
1.34573;450.186;
1.59093;450.186;
1.59601;450.186;
1.37289;450.186;
1.59719;450.186;
1.35696;450.186;
1.60045;450.186;
1.6032;450.186;
1.36549;450.186;
1.60185;450.186;
1.60222;450.186;
1.35111;450.186;
1.6024;450.186;
1.36334;450.186;
1.60403;450.186;
1.60634;450.186;
1.36203;450.186;
1.60626;450.186;
1.60629;450.186;
1.3596;450.186;
1.60842;450.186;
1.36846;450.186;
1.61151;450.186;
1.61288;450.186;
1.61637;450.186;
1.3958;450.186;
1.36385;450.186;
1.61688;450.186;
1.61606;450.186;
1.61558;450.186;
1.37107;450.186;
1.61446;450.186;
1.3664;450.186;
1.61712;450.186;
1.61907;450.186;
1.37659;450.186;
1.61965;450.186;
1.62298;450.186;
1.37823;450.186;
1.62372;450.186;
1.38013;450.186;
1.62647;450.186;
1.62697;450.186;
1.38676;450.186;
1.62882;450.186;
1.62975;450.186;
1.39235;450.186;
1.62808;450.186;
1.3776;450.186;
1.62754;450.186;
1.62675;450.186;
1.38326;450.186;
1.62928;450.186;
1.38461;450.186;
1.6324;450.186;
1.6328;450.186;
1.63499;450.186;
1.3814;450.186;
1.63472;450.186;
1.39529;450.186;
1.63601;450.186;
1.63594;450.186;
1.63675;450.186;
1.41202;450.186;
1.38194;450.186;
1.64028;450.186;
1.63656;450.186;
1.6372;450.186;
1.39343;450.186;
1.63764;450.186;
1.38487;450.186;
1.6473;450.186;
1.64237;450.186;
1.39187;450.186;
1.6748;450.186;
1.39387;450.186;
1.64397;450.186;
1.64894;450.186;
1.39853;450.186;
1.64642;450.186;
1.64638;450.186;
1.40727;450.186;
1.64839;450.186;
1.65234;450.186;
1.41023;450.186;
1.65307;450.186;
1.40844;450.186;
1.65353;450.186;
1.65267;450.186;
1.39689;450.186;
1.65186;450.186;
1.39803;450.186;
1.65198;450.186;
1.65168;450.186;
1.65321;450.186;
1.40596;450.186;
1.6524;450.186;
1.39416;450.186;
1.58762;450.186;
1.59909;450.186;
1.44351;450.186;
1.64802;450.186;
1.60881;450.186;
1.62098;450.186;
1.55509;450.186;
1.4797;450.186;
1.39477;450.186;
1.63709;450.186;
1.62883;450.186;
1.62931;450.186;
1.37796;450.186;
1.63017;450.186;
1.37921;450.186;
1.62921;450.186;
1.63194;450.186;
1.38164;450.186;
1.63222;450.186;
1.39124;450.186;
1.63274;450.186;
1.63821;450.186;
1.40477;450.186;
1.64617;450.186;
1.64255;450.186;
1.40928;450.186;
1.64304;450.186;
1.63955;450.186;
1.38569;450.186;
1.40079;450.186;
1.64041;450.186;
1.63992;450.186;
1.64241;450.186;
1.44376;450.186;
1.398;450.186;
1.64481;450.186;
1.64539;450.186;
1.64517;450.186;
1.6443;450.186;
1.4334;450.186;
1.39775;450.186;
1.49805;450.186;
1.65936;450.186;
1.65036;450.186;
1.65033;450.186;
1.39903;450.186;
1.64758;450.186;
1.40118;450.186;
1.64595;450.186;
1.64626;450.186;
1.39205;450.186;
1.64649;450.186;
1.64891;450.186;
1.39293;450.186;
1.40436;450.186;
1.65012;450.186;
1.64991;450.186;
1.64932;450.186;
1.40051;450.186;
1.65007;450.186;
1.40952;450.186;
1.6588;450.186;
1.65907;450.186;
1.66067;450.186;
1.41632;450.186;
1.66678;450.186;
1.40087;450.186;
1.64831;450.186;
1.68815;450.186;
1.39316;450.186;
1.64897;450.186;
1.66518;450.186;
1.39688;450.186;
1.40157;450.186;
1.65061;450.186;
1.65056;450.186;
1.65154;450.186;
1.40901;450.186;
1.64876;450.186;
1.50668;450.186;
1.6156;450.186;
1.60692;450.186;
1.39388;450.186;
1.33456;450.186;
1.57521;450.186;
1.57651;450.186;
1.33708;450.186;
1.57418;450.186;
1.574;450.186;
1.33127;450.186;
1.57639;450.186;
1.33463;450.186;
1.55261;450.186;
1.38064;450.186;
1.58783;450.186;
1.58701;450.186;
1.60558;450.186;
1.3726;450.186;
1.37543;450.186;
1.60665;450.186;
1.6095;450.186;
1.64803;450.186;
1.63394;450.186;
1.37357;450.186;
1.38371;450.186;
1.61421;450.186;
1.61308;450.186;
1.61309;450.186;
1.35942;450.186;
1.36214;450.186;
1.60932;450.186;
1.60973;450.186;
1.60993;450.186;
1.6099;450.186;
1.36392;450.186;
1.35819;450.186;
1.60573;450.186;
1.62019;450.186;
1.37928;450.186;
1.62149;450.186;
1.62181;450.186;
1.39998;450.186;
1.63013;450.186;
1.37607;450.186;
1.6252;450.186;
1.38409;450.186;
1.62653;450.186;
1.62536;450.186;
1.61958;450.186;
1.36428;450.186;
1.37384;450.186;
1.61662;450.186;
1.62051;450.186;
1.6242;450.186;
1.62341;450.186;
1.37685;450.186;
1.38208;450.186;
1.62876;450.186;
1.62833;450.186;
1.62591;450.186;
1.65806;450.186;
1.46258;450.186;
1.50354;450.186;
1.54682;450.186;
1.5212;450.186;
1.70581;450.186;
1.71481;450.186;
1.70543;450.186;
1.70575;450.186;
1.44649;450.186;
1.44392;450.186;
1.74429;450.186;
1.69754;450.186;
1.7137;450.186;
1.43319;450.186;
1.69619;450.186;
1.46902;450.186;
1.58586;450.186;
1.45731;450.186;
1.68456;450.186;
1.70596;450.186;
1.70333;450.186;
1.69832;450.186;
1.43879;450.186;
1.41999;450.186;
1.67644;450.186;
1.67648;450.186;
1.67713;450.186;
1.68106;450.186;
1.41785;450.186;
1.4266;450.186;
1.68283;450.186;
1.71451;450.186;
1.68369;450.186;
1.43325;450.186;
1.69273;450.186;
1.42869;450.186;
1.44402;450.186;
1.68787;450.186;
1.6874;450.186;
1.68522;450.186;
1.68326;450.186;
1.4296;450.186;
1.4056;450.186;
1.67067;450.186;
1.67048;450.186;
1.67184;450.186;
1.41965;450.186;
1.67296;450.186;
1.42596;450.186;
1.67954;450.186;
1.67928;450.186;
1.42421;450.186;
1.68107;450.186;
1.6847;450.186;
1.44119;450.186;
1.4597;450.186;
1.69584;450.186;
1.69798;450.186;
1.69505;450.186;
1.68958;450.186;
1.43129;450.186;
1.42134;450.186;
1.67104;450.186;
1.67073;450.186;
1.67101;450.186;
1.67167;450.186;
1.40916;450.186;
1.41908;450.186;
1.67887;450.186;
1.68742;450.186;
1.44778;450.186;
1.67596;450.186;
1.69574;450.186;
1.45749;450.186;
1.45381;450.186;
1.65336;450.186;
1.68935;450.186;
1.69728;450.186;
1.69436;450.186;
1.43507;450.186;
1.41978;450.186;
1.6833;450.186;
1.68273;450.186;
1.6831;450.186;
1.42703;450.186;
1.6824;450.186;
1.42706;450.186;
1.6761;450.186;
1.41696;450.186;
1.67672;450.186;
1.68047;450.186;
1.6823;450.186;
1.44666;450.186;
1.43458;450.186;
1.68978;450.186;
1.6888;450.186;
1.68491;450.186;
1.68204;450.186;
1.43091;450.186;
1.42032;450.186;
1.67764;450.186;
1.67714;450.186;
1.67738;450.186;
1.41921;450.186;
1.67857;450.186;
1.44183;450.186;
1.50745;450.186;
1.63662;450.186;
1.40292;450.186;
1.64202;450.186;
1.63764;450.186;
1.49964;450.186;
1.6345;450.186;
1.45395;450.186;
1.69163;450.186;
1.69582;450.186;
1.69413;450.186;
1.43997;450.186;
1.42034;450.186;
1.68218;450.186;
1.68018;450.186;
1.6807;450.186;
1.42222;450.186;
1.68057;450.186;
1.42957;450.186;
1.68415;450.186;
1.4338;450.186;
1.6882;450.186;
1.69249;450.186;
1.69381;450.186;
1.44993;450.186;
1.4532;450.186;
1.70101;450.186;
1.69819;450.186;
W0;O:0.700645;R:126.11
1.69422;450.186;
W3;O:0.350578;R:126.605
1.62827;450.186;
W2;O:0.175408;R:126.912
1.40329;450.186;
W4;O:0.525652;R:126.734
1.33689;450.186;
W1;O:1.0508;R:126.828
1.38472;450.186;
W5;O:0.875756;R:127.073
