1.110400;459.181860;
1.110859;460.503169;
1.111369;460.748083;
1.117169;460.801173;
1.117365;461.841650;
1.128465;464.018679;
1.135110;463.143257;
1.128774;460.864064;
1.139097;462.813086;
1.134994;461.757137;
1.132013;460.367433;
1.155796;464.633721;
1.122355;459.786678;
1.125087;459.872523;
1.124137;459.707958;
1.124195;459.616797;
1.128475;459.557070;
1.124989;459.248502;
1.116416;458.668150;
1.122847;460.056378;
1.121528;459.030348;
1.123014;458.441332;
1.123125;458.117603;
1.121078;457.991535;
1.116296;458.114632;
1.116210;457.975145;
1.121096;457.874081;
1.130207;457.833733;
1.118334;457.265646;
1.124947;457.284349;
1.116189;457.093002;
1.116461;457.066237;
1.128629;460.954558;
1.114814;457.002653;
1.125326;456.973174;
1.120327;456.964895;
1.113174;456.889715;
1.114894;456.591976;
1.121296;456.774352;
1.114381;456.562760;
1.111972;456.059146;
1.118205;456.536784;
1.109569;455.973132;
1.118686;458.345288;
1.135020;461.463323;
1.116594;455.956857;
1.115718;455.956036;
1.120931;455.895273;
1.119474;458.410305;
1.113274;455.809808;
1.110974;455.691055;
1.117277;455.675054;
1.115646;455.642407;
1.108968;455.595825;
1.113487;455.842876;
1.112574;455.584010;
1.117150;455.502357;
1.114186;455.446956;
1.114297;455.251007;
1.116205;455.196865;
1.114915;455.855141;
1.111488;454.864400;
1.119039;458.117364;
1.115580;454.834194;
1.113937;454.804756;
1.113102;454.742669;
1.112999;454.710817;
1.114189;454.724573;
1.118938;455.282550;
1.113366;454.708976;
1.112626;454.647508;
1.118927;454.678079;
1.112764;455.718202;
1.112351;454.634844;
1.120768;459.545171;
1.111676;454.546707;
1.112113;454.329870;
1.114132;454.469677;
1.116772;455.610939;
1.114065;455.322602;
1.109502;454.308938;
1.116649;455.240671;
1.112008;454.163574;
1.113933;454.225085;
1.118028;454.135871;
1.120111;455.658254;
1.116098;454.026260;
1.125961;457.431347;
1.113614;453.967371;
1.113339;453.964931;
1.112243;454.744331;
1.108869;453.908598;
1.113288;454.205691;
1.106423;453.716295;
1.119848;457.885112;
1.111698;453.792170;
1.108971;453.651942;
1.112322;453.660716;
1.108810;453.635020;
1.118160;457.826878;
1.119415;456.941688;
1.140457;465.077670;
1.106959;453.574815;
1.102263;453.550240;
1.109895;454.684295;
1.111200;453.572940;
1.118500;457.609640;
1.122361;453.537374;
1.112175;453.499386;
1.111405;453.469077;
1.112273;453.452936;
1.109874;453.425151;
1.131608;462.862595;
1.109783;453.276357;
1.112116;453.199397;
1.111990;453.165824;
1.122594;455.471988;
1.111562;453.090525;
1.131530;461.059382;
1.115298;453.055844;
1.114858;455.538493;
1.120861;458.673523;
1.115284;454.964508;
1.108912;453.037480;
1.107705;452.979818;
1.105279;452.912896;
1.107032;454.468796;
1.105306;453.832920;
1.109191;454.455664;
1.109965;452.866430;
1.110589;452.876561;
1.103924;452.856638;
1.110704;452.731105;
1.112817;454.084442;
1.112201;453.275259;
1.119617;455.127040;
1.129909;459.308535;
1.114677;452.711764;
1.108751;452.637869;
1.111604;452.654311;
1.109045;452.593767;
1.109671;452.421429;
1.114011;452.465872;
1.128265;460.074947;
1.100208;452.279716;
1.108570;452.404196;
1.113957;455.943880;
1.102594;452.099957;
1.108046;452.169201;
1.124087;452.278501;
1.102712;452.072962;
1.105732;452.075222;
1.124606;460.633200;
1.133854;463.785892;
1.124993;460.369901;
1.106720;452.054888;
1.114977;454.604861;
1.103911;451.998352;
1.109112;452.034995;
1.119712;453.477106;
1.109115;451.985782;
1.106537;451.976455;
1.098208;451.950769;
1.100242;451.924138;
1.106365;451.930631;
1.108501;451.923409;
1.121280;459.786943;
1.128069;462.882263;
1.117567;458.521711;
1.106251;454.022887;
1.120189;457.448755;
1.116638;455.273330;
1.107689;451.880277;
1.106551;451.847614;
1.104891;451.787180;
1.104221;451.676544;
1.106477;451.696081;
1.107952;451.676273;
1.112876;451.655333;
1.127359;459.079222;
1.100197;451.533093;
1.100454;451.469060;
1.106882;453.739746;
1.118282;458.740270;
1.103206;451.459564;
1.104177;451.437874;
1.098215;451.363737;
1.107902;451.589219;
1.106131;451.391504;
1.102115;451.293223;
1.109649;451.270214;
1.115784;451.260960;
1.107730;451.223623;
1.103864;451.200388;
1.104280;451.194206;
1.121519;456.684023;
1.127221;461.671794;
1.105903;451.168415;
1.099327;451.154092;
1.099360;451.071860;
1.104131;451.151676;
1.116610;459.201385;
1.100255;451.043048;
1.107722;451.050046;
1.101158;451.028147;
1.119642;458.460305;
1.100194;451.012046;
1.104491;451.006798;
1.116333;455.774714;
1.114045;454.944640;
1.099852;451.373244;
1.107410;453.596072;
1.102663;450.920141;
1.111491;453.341103;
1.106282;450.946803;
1.126111;456.213006;
1.102114;450.803322;
1.102219;450.791104;
1.104614;450.912742;
1.115588;456.305909;
1.113490;452.777212;
1.102439;450.762283;
1.099619;450.759124;
1.097472;450.754905;
1.110255;455.673560;
1.107256;454.292469;
1.117488;459.147435;
1.119468;458.779736;
1.100383;450.737115;
1.101766;450.730702;
1.096764;450.687255;
1.100959;450.710403;
1.102017;450.650937;
1.127474;461.230868;
1.106148;450.606572;
1.109089;450.600885;
1.103922;450.569198;
1.116359;450.635311;
1.102772;450.536811;
1.132078;461.276094;
1.102479;450.519339;
1.108342;452.892129;
1.115671;454.912638;
1.113748;453.770380;
1.104411;450.518221;
1.107422;450.518103;
1.103906;450.959400;
1.108124;450.502766;
1.113468;452.856127;
1.116963;456.971042;
1.115897;456.275045;
1.106360;450.500515;
1.106926;452.604060;
1.105310;450.635322;
1.109807;451.760983;
1.115187;453.441032;
1.126742;460.410548;
1.119770;452.077861;
1.105149;451.676219;
1.107819;450.570336;
1.106073;450.488053;
1.101657;450.447748;
1.105978;450.458288;
1.127743;461.398763;
1.098342;450.337288;
1.108187;452.946571;
1.112822;455.338771;
1.098717;450.329703;
1.127893;461.797684;
1.123999;453.792214;
1.098879;450.320588;
1.104026;450.672301;
1.102286;450.323489;
1.113254;455.557371;
1.106045;450.286746;
1.109079;450.302943;
1.094441;450.263555;
1.104804;453.650809;
1.109574;455.280198;
1.099757;450.261330;
1.100581;450.198556;
1.137704;466.300243;
1.114571;457.143026;
1.111519;456.539236;
1.107983;455.392368;
1.101489;451.145382;
1.109583;454.648982;
1.099519;450.187060;
1.106058;453.444196;
1.102979;452.663703;
1.100465;450.212455;
1.105409;451.976374;
1.101802;450.180761;
1.098921;450.155199;
1.106163;452.004861;
1.108838;454.068658;
1.106319;450.144504;
1.120201;458.830522;
1.123184;459.439876;
1.106770;452.607998;
1.097797;450.114527;
1.106085;453.041844;
1.100247;450.078414;
1.112008;453.869918;
1.105470;450.108145;
1.107729;450.073333;
1.102915;450.463069;
1.105185;450.065352;
1.103006;450.045314;
1.099664;450.044369;
1.118211;457.633492;
1.126012;460.978046;
1.102043;450.025575;
1.110982;454.611566;
1.107560;451.480821;
1.111960;454.034017;
1.104687;450.021327;
1.100623;450.016659;
1.108250;452.900940;
1.109539;452.119840;
1.110281;451.880727;
1.118698;454.826217;
1.113437;454.151444;
1.117017;454.344874;
1.096106;449.931049;
1.097164;449.881696;
1.101412;449.929904;
1.107160;454.448275;
1.104526;449.954567;
1.106950;453.741191;
1.098039;449.870179;
1.103344;450.990379;
1.099958;449.845500;
1.100465;449.813803;
1.103442;449.797921;
1.102230;449.780621;
1.105177;452.538696;
1.111190;454.454569;
1.109406;453.323157;
1.104995;452.062199;
1.102804;450.221629;
1.107003;451.535435;
1.099791;449.736673;
1.104399;449.778764;
1.101704;449.718640;
1.110207;452.316695;
1.112044;450.966368;
1.117733;458.107267;
1.098791;449.708729;
1.105032;452.337164;
1.108136;452.612691;
1.116316;455.850383;
1.121797;458.452181;
1.128121;461.034573;
1.102478;451.560816;
1.100177;449.707816;
1.099532;449.697736;
1.097311;449.669231;
1.101829;449.664079;
1.100447;449.661898;
1.105031;450.856362;
1.101303;449.658477;
1.115477;453.860765;
1.106059;449.654458;
1.119254;456.235329;
1.107144;449.628018;
1.108596;456.273781;
1.096580;449.621115;
1.100764;452.144508;
1.101807;450.719526;
1.117923;456.249188;
1.108418;453.216703;
1.095894;449.602816;
1.099673;450.089845;
1.099113;449.560992;
1.098020;449.484099;
1.100057;449.516092;
1.113621;456.703409;
1.101087;451.574281;
1.101624;449.480002;
1.100898;449.465652;
1.112480;454.936919;
1.120942;458.387880;
1.134647;463.457770;
1.107200;452.347551;
1.103795;449.807265;
1.108619;450.408569;
1.117599;453.612892;
1.106889;449.629877;
1.099905;449.451176;
1.098657;449.441680;
1.106127;453.277826;
1.104813;452.896700;
1.113793;455.197025;
1.102304;449.417733;
1.126790;463.093421;
1.096027;449.397718;
1.103617;449.587026;
1.098187;449.372900;
1.113749;454.668178;
1.119866;455.029405;
1.127752;460.710068;
1.104568;454.341968;
1.104399;454.080637;
1.108097;454.277486;
1.105288;453.513400;
1.094816;450.059705;
1.106765;451.808749;
1.116261;455.033810;
1.109280;449.662045;
1.106414;449.247534;
1.112157;450.995828;
1.109423;449.357068;
1.106228;449.245612;
1.101102;449.126764;
1.104591;450.659041;
1.104173;449.091368;
1.110534;452.732790;
1.128790;459.830236;
1.126581;457.074396;
1.101722;449.087761;
1.104519;449.090088;
1.108496;451.739867;
1.115019;457.535490;
1.097351;449.082471;
1.098268;449.059025;
1.105174;449.055110;
1.111004;453.120897;
1.107270;451.599393;
1.117259;457.830556;
1.119942;456.448731;
1.119315;454.192282;
1.168211;454.025716;
1.169935;451.099904;
1.172848;450.585248;
1.178620;452.969514;
1.180807;456.747483;
1.188552;459.707906;
1.113238;451.220967;
1.105639;449.228120;
1.119218;454.097648;
1.125242;457.513003;
1.136857;459.465340;
1.144135;462.970828;
1.109757;451.435163;
1.116879;451.660742;
1.110020;451.037715;
1.109324;449.009347;
1.129487;458.179068;
1.119136;453.741185;
1.103608;448.994736;
1.109886;452.113657;
1.108222;451.175147;
1.100462;448.968505;
1.104489;448.972627;
1.103541;448.927505;
1.106253;449.960705;
1.113436;452.349587;
1.107307;449.303704;
1.103771;448.917910;
1.121194;456.857083;
1.123797;456.861383;
1.100534;450.663100;
1.108803;452.396451;
1.106259;449.255099;
1.116184;454.104717;
1.118866;456.228525;
1.121612;457.288169;
1.098208;448.913841;
1.100110;448.886110;
1.105401;450.000268;
1.117239;454.851516;
1.113404;453.357225;
1.117402;454.671294;
1.101729;449.031630;
1.103825;448.874252;
1.109884;451.305483;
1.101760;448.859093;
1.104727;448.857535;
1.122873;460.680064;
1.099592;448.841963;
1.102059;448.818945;
1.097678;448.784761;
1.104936;451.032648;
1.114508;454.474158;
1.107285;450.274290;
1.104853;448.762277;
1.108283;450.444572;
1.111824;452.023395;
1.107903;448.748864;
1.118592;454.787650;
1.103384;448.719823;
1.102155;448.684132;
1.102491;448.672346;
1.109463;451.225429;
1.117286;455.506995;
1.122254;453.226862;
1.128888;460.467172;
1.104987;450.585139;
1.110715;452.252944;
1.107467;451.672991;
1.101059;448.634713;
1.103339;448.640666;
1.128286;459.218382;
1.107190;448.593639;
1.114347;448.602206;
1.119962;454.173365;
1.114628;448.583821;
1.114347;448.574710;
1.130854;454.064430;
1.107875;449.107707;
1.099826;448.549098;
1.110518;448.558546;
1.108607;448.542273;
1.128225;458.580405;
1.129104;457.897068;
1.107091;448.515287;
1.109276;450.986840;
1.112961;452.002731;
1.105563;448.496129;
1.106483;448.484741;
1.118304;452.313852;
1.104153;450.385906;
1.104070;448.456908;
1.115728;453.527894;
1.102454;448.448977;
1.133269;461.889339;
1.135721;461.869747;
1.105706;449.032075;
1.107801;448.431744;
1.113997;449.965879;
1.104599;448.417362;
1.129600;456.752477;
1.105688;448.415755;
1.112191;451.078483;
1.119923;456.575170;
1.103296;448.414036;
1.114823;454.059804;
1.106318;448.386372;
1.111678;450.755553;
1.103631;449.675145;
1.110899;453.238864;
1.111882;453.106057;
1.115164;455.275141;
1.117344;454.298189;
1.114343;452.523049;
1.107641;448.380823;
1.108490;448.341588;
1.116690;451.789753;
1.118403;451.259788;
1.121278;454.651621;
1.128432;457.325971;
1.103612;450.303961;
1.105455;448.337450;
1.112232;450.883399;
1.120980;454.638596;
1.125965;457.543903;
1.134269;461.490418;
1.100306;449.312640;
1.104183;452.742921;
1.114562;453.929072;
1.100870;449.896431;
1.124106;460.576270;
1.123601;459.395358;
1.104898;450.831420;
1.100771;449.444682;
1.111917;452.814962;
1.118346;454.744241;
1.124699;458.720385;
1.125148;456.032174;
1.100065;449.350279;
1.101529;448.838383;
1.109796;449.584886;
1.103471;448.629250;
1.120028;456.501891;
1.121792;455.979064;
1.103384;448.602284;
1.111136;452.331110;
1.107671;451.448045;
1.109547;452.257767;
1.102779;448.331779;
1.132373;459.832319;
1.096967;448.324557;
1.099144;448.322077;
1.103162;448.861498;
1.113344;454.002467;
1.119480;455.898825;
1.102345;448.283030;
1.095694;448.278245;
1.112914;456.771850;
1.108184;453.220939;
1.121537;457.378321;
1.100393;448.271915;
1.134227;463.892155;
1.100384;448.249175;
1.096564;448.241319;
1.117071;455.905830;
1.112894;454.370327;
1.117599;454.674238;
1.122872;454.783258;
1.111399;453.854133;
1.099590;449.953602;
1.107996;452.567301;
1.097573;448.227209;
1.099685;448.991398;
1.113771;452.201341;
1.104303;451.943984;
1.103313;451.918651;
1.110490;452.678671;
1.114913;456.275938;
1.113537;454.585825;
1.119040;458.033871;
1.103483;449.923017;
1.105260;450.133328;
1.111338;451.957662;
1.115012;452.666815;
1.127361;460.551655;
1.117702;449.655586;
1.098701;451.208115;
1.100454;450.133220;
1.094889;448.205727;
1.106424;450.741103;
1.097050;448.194829;
1.119630;456.197505;
1.098955;448.784389;
1.103568;451.983888;
1.114232;455.808059;
1.100690;448.182210;
1.106967;451.093723;
1.098579;448.179598;
1.108781;450.627897;
1.118809;457.660773;
1.117831;454.376764;
1.120027;456.823250;
1.118191;454.179577;
1.134255;461.261277;
1.107753;451.474809;
1.116149;454.452935;
1.107112;450.414826;
1.114487;453.566200;
1.114424;452.900767;
1.104035;449.235612;
1.103486;448.267867;
1.102852;448.139614;
1.107020;448.908620;
1.113036;454.691759;
1.122131;456.532686;
1.124755;456.898542;
1.112444;451.748034;
1.105193;448.125336;
1.105121;448.100917;
1.119811;453.759873;
1.124112;456.196720;
1.122518;454.601541;
1.098539;448.094312;
1.097521;448.081602;
1.103154;448.090153;
1.108500;450.798421;
1.115705;455.018454;
1.124561;457.639363;
1.105691;449.677971;
1.106685;451.056597;
1.101557;448.081130;
1.107132;449.485877;
1.100345;448.069174;
1.118239;457.950012;
1.106934;448.030172;
1.110694;449.120708;
1.106131;448.004244;
1.117808;452.598077;
1.121598;452.998330;
1.110174;447.989736;
1.109840;450.444709;
1.107982;448.317614;
1.104841;448.137795;
1.122864;454.394042;
1.106799;447.986603;
1.137337;459.963105;
1.114065;454.173120;
1.118948;455.258318;
1.122242;457.263095;
1.113668;453.189656;
1.107206;449.658649;
1.111754;450.641803;
1.106685;450.665758;
1.113010;452.852877;
1.100391;448.541566;
1.121246;457.466338;
1.108020;449.588353;
1.127231;458.839131;
1.112607;453.285535;
1.111607;453.083295;
1.117715;455.591406;
1.109071;451.995209;
1.109803;451.504294;
1.114144;451.632345;
1.109759;451.178335;
1.109721;450.983619;
1.117131;454.169336;
1.122670;456.461137;
1.121643;456.069930;
1.129493;460.682508;
1.103760;448.705717;
1.103249;448.346386;
1.100871;447.971283;
1.113308;450.683913;
1.121136;455.399291;
1.107467;447.984353;
1.109900;452.269806;
1.107172;450.978518;
1.120075;456.850492;
1.110008;451.751690;
1.121224;455.937277;
1.119829;455.785666;
1.101308;448.870474;
1.100594;447.992919;
1.115304;452.881529;
1.116520;454.724733;
1.122293;457.090732;
1.131839;460.284933;
1.112071;453.643524;
1.102892;447.970407;
1.099281;447.951536;
1.115010;452.265043;
1.117528;453.370603;
1.139760;463.102364;
1.104675;451.311546;
1.105568;449.361767;
1.106209;448.655379;
1.121892;456.347274;
1.101923;448.387864;
1.134699;459.168481;
1.111462;449.461505;
1.108607;447.947068;
1.105684;447.934754;
1.121731;452.611145;
1.134567;459.779176;
1.122635;453.295403;
1.107139;450.636777;
1.103604;448.415261;
1.109952;449.411822;
1.102221;448.148001;
1.127271;458.133219;
1.104538;447.933887;
1.107446;453.095477;
1.105918;450.458595;
1.102265;449.146534;
1.101552;447.882487;
1.120327;456.993134;
1.132874;461.041408;
1.103481;451.468363;
1.122415;458.755238;
1.121017;455.821096;
1.103627;449.799706;
1.118644;455.269555;
1.119177;454.041003;
1.100331;449.329614;
1.099044;447.878776;
1.109510;452.403028;
1.118184;455.356242;
1.113550;451.285642;
1.116701;448.323924;
1.100032;447.878637;
1.104462;449.573280;
1.104577;448.803082;
1.102699;447.864065;
1.101860;447.839965;
1.131800;460.893637;
1.099457;447.834230;
1.110378;450.381549;
1.102616;447.831869;
1.119553;456.223180;
1.120093;454.715607;
1.119279;453.888684;
1.095092;447.829304;
1.112495;454.312910;
1.113393;456.055143;
1.125585;458.546703;
1.114465;453.259164;
1.098918;447.812732;
1.108328;454.423391;
1.114177;453.865982;
1.100727;447.808856;
1.110178;452.604265;
1.112345;452.157864;
1.134554;462.185114;
1.091431;447.798904;
1.100974;447.798849;
1.098209;447.792678;
1.105517;452.699542;
1.121714;455.846359;
1.132585;462.990708;
1.116534;451.942946;
1.103770;447.766051;
1.121076;455.908646;
1.135558;461.385007;
1.102969;447.761705;
1.133764;459.277096;
1.110507;451.740165;
1.112870;451.667739;
1.111713;449.633216;
1.107227;449.629268;
1.121132;455.715727;
1.131766;459.485615;
1.116850;453.239453;
1.114833;452.069570;
1.107259;449.138823;
1.118136;452.699496;
1.128586;459.087950;
1.129234;456.606283;
1.102139;448.363659;
1.104927;449.949324;
1.098618;447.752649;
1.113963;451.754310;
1.118857;456.285339;
1.115989;455.279645;
1.105528;447.749585;
1.114168;454.325715;
1.112425;450.653614;
1.123973;455.882571;
1.129815;456.052095;
1.123790;453.505928;
1.101138;448.960640;
1.107243;451.138887;
1.098830;448.639778;
1.098673;448.273331;
1.118397;454.944202;
1.119327;456.950305;
1.100880;447.743864;
1.105133;448.169822;
1.101658;447.714988;
1.111747;450.982284;
1.106300;447.709687;
1.125333;454.010072;
1.105737;448.180394;
1.112804;451.798149;
1.119095;454.921431;
1.114494;451.377021;
1.107560;447.689739;
1.131159;457.792999;
1.109910;450.824006;
1.107807;449.948515;
1.118262;453.623790;
1.120362;454.703530;
1.128232;456.431845;
1.134635;459.836758;
1.103039;448.179572;
1.100918;447.686991;
1.101178;447.684022;
1.110145;451.360905;
1.121655;454.736147;
1.125006;455.900952;
1.097308;448.753507;
1.098005;447.652530;
1.104714;447.646657;
1.117517;454.126440;
1.127187;459.923134;
1.126951;459.276502;
1.107511;453.655939;
1.111593;451.714599;
1.102054;450.962902;
1.104484;451.339706;
1.099562;447.634615;
1.099587;447.628720;
1.122300;457.186709;
1.107879;451.650397;
1.108919;450.720845;
1.111291;450.549669;
1.114996;453.677274;
1.123041;456.839448;
1.105042;450.440398;
1.113817;451.527775;
1.115551;453.377550;
1.127906;458.566377;
1.135301;461.963104;
1.136720;461.306825;
1.121525;455.686702;
1.122230;452.513420;
1.113847;451.934439;
1.126019;456.778104;
1.110926;450.418354;
1.110288;450.341383;
1.094863;448.393735;
1.099857;449.408200;
1.099276;449.225060;
1.101643;449.519257;
1.106237;451.376012;
1.116607;455.788418;
1.100809;451.575581;
1.100263;448.131233;
1.098157;447.626334;
1.113075;453.727063;
1.123443;459.539824;
1.129315;458.536124;
1.109273;449.119421;
1.119115;453.791902;
1.116628;452.496250;
1.129932;457.109372;
1.111623;451.455502;
1.104901;448.863331;
1.099470;447.615314;
1.104871;449.218018;
1.113924;454.166255;
1.114882;453.077762;
1.115883;453.026841;
1.113415;447.624946;
1.105682;449.782945;
1.100598;447.614522;
1.104328;449.495735;
1.119720;455.650691;
1.122775;454.315643;
1.127421;456.943286;
1.105366;449.663588;
1.108327;451.359573;
1.111544;454.018119;
1.099031;447.609955;
1.099604;447.609232;
1.108985;449.548553;
1.100553;447.598503;
1.110183;450.633921;
1.108821;449.739769;
1.117794;454.069050;
1.119454;454.672554;
1.124763;456.245773;
1.101175;447.588917;
1.106963;449.379347;
1.107381;447.593165;
1.123923;457.401377;
1.121816;456.480557;
1.124615;456.279953;
1.102645;447.559345;
1.116126;453.163036;
1.121025;454.056745;
1.110757;448.548353;
1.112016;450.103485;
1.125058;457.392661;
1.100952;447.661753;
1.100482;447.548066;
1.116286;454.701461;
1.120505;455.475903;
1.117682;454.419398;
1.124669;457.995535;
1.118320;454.605130;
1.118422;453.315166;
1.106124;449.571221;
1.105619;448.795653;
1.109595;449.583022;
1.111763;450.249033;
1.103712;449.358704;
1.107849;451.362884;
1.111033;451.796058;
1.117172;455.869828;
1.126317;459.638977;
1.136808;463.603701;
1.108447;451.621214;
1.103293;449.519509;
1.109242;451.088659;
1.100789;447.540114;
1.124879;457.394961;
1.101738;447.537091;
1.108441;450.865591;
1.115320;455.748531;
1.104081;449.509888;
1.118463;454.439480;
1.107462;450.335365;
1.117639;453.839545;
1.098850;448.816876;
1.106689;453.123282;
1.107658;451.105295;
1.108904;450.518282;
1.114636;454.198469;
1.121760;457.722919;
1.106901;450.002984;
1.112010;451.928629;
1.109064;449.692738;
1.112958;451.358073;
1.104472;449.104791;
1.123114;457.210524;
1.103397;448.008744;
1.109147;450.695654;
1.108149;450.506236;
1.106993;449.833274;
1.106780;449.271351;
1.132944;456.655077;
1.106916;449.519581;
1.108217;451.072168;
1.111877;451.974539;
1.119746;454.762042;
1.118678;450.190845;
1.103330;449.318204;
1.102692;451.616880;
1.112936;453.839732;
1.117619;456.768828;
1.108923;450.488702;
1.117163;453.166532;
1.130845;460.154599;
1.110529;451.362614;
1.111712;451.210019;
1.102042;447.533540;
1.104709;448.318773;
1.107625;447.947319;
1.128203;459.453678;
1.106091;448.084902;
1.105795;447.512418;
1.109163;449.458775;
1.103658;447.505964;
1.121617;454.477186;
1.119868;453.457504;
1.108207;448.758075;
1.120837;455.285803;
1.114312;450.854813;
1.118875;452.417545;
1.130678;458.170199;
1.138635;461.862149;
1.098339;447.484725;
1.104149;448.552983;
1.103956;447.503256;
1.099056;447.484365;
1.098100;447.465368;
1.122588;458.212007;
1.112284;451.698011;
1.112059;451.051610;
1.110041;450.990082;
1.109217;450.342447;
1.125185;455.906247;
1.139983;460.270135;
1.108303;450.137015;
1.119369;455.316716;
1.112231;448.143619;
1.115645;449.826285;
1.102604;447.927439;
1.130632;457.631220;
1.101214;448.461182;
1.112966;452.348279;
1.100192;447.462939;
1.107171;447.565319;
1.109186;447.736663;
1.112208;451.402917;
1.096065;447.460598;
1.103509;449.069001;
1.100958;447.437726;
1.098944;447.432533;
1.110735;452.627910;
1.115392;453.524673;
1.108844;453.894278;
1.108394;451.288124;
1.109920;451.975724;
1.108678;451.232355;
1.113452;453.832004;
1.122212;457.574297;
1.104639;448.786999;
1.112270;454.460083;
1.115146;452.491731;
1.116943;455.089753;
1.120658;453.825833;
1.125042;458.037572;
1.099041;447.440404;
1.106042;449.617781;
1.106875;450.356732;
1.102779;447.426678;
1.120462;450.581494;
1.128227;458.047267;
1.104695;451.046356;
1.113957;456.623595;
1.111035;453.023676;
1.098264;447.584491;
1.103588;450.049911;
1.120538;455.770861;
1.104092;448.898366;
1.106735;451.923841;
1.098625;447.426372;
1.107874;450.451810;
1.108642;448.876725;
1.117461;453.400346;
1.101891;447.437582;
1.111042;451.231915;
1.120810;453.755433;
1.124432;457.221602;
1.126022;455.019102;
1.132783;460.158370;
1.096528;447.562455;
1.096354;447.424511;
1.116433;455.374244;
1.113628;452.452187;
1.101634;447.421789;
1.111634;452.362605;
1.094670;447.416878;
1.105278;449.920697;
1.101919;448.975298;
1.112672;453.591760;
1.102981;447.417397;
1.113053;452.795767;
1.105069;449.327895;
1.112045;450.646248;
1.118308;453.273996;
1.124654;456.947132;
1.124965;450.683095;
1.124365;448.941537;
1.101435;448.144847;
1.110530;453.963434;
1.103073;447.393765;
1.101794;447.379975;
1.103458;447.378889;
1.132133;459.785325;
1.105348;449.921028;
1.116366;453.917312;
1.125776;458.012573;
1.123473;455.140335;
1.125702;456.563304;
1.111215;449.896511;
1.100070;450.445522;
1.090444;447.754552;
1.097159;448.544291;
1.105561;452.389810;
1.101094;449.171101;
1.118448;456.904459;
1.105000;451.213276;
1.107552;450.852708;
1.101455;447.376897;
1.111740;452.484454;
1.117074;455.530255;
1.117904;455.961816;
1.103864;448.571267;
1.102522;447.374380;
1.104807;447.374393;
1.113055;453.763991;
1.113486;451.454728;
1.114174;450.863023;
1.100444;447.369544;
1.106601;448.457561;
1.101014;447.367129;
1.108425;449.076877;
1.111452;455.023189;
1.112453;451.793506;
1.101596;447.358185;
1.102963;447.524326;
1.104033;447.413270;
1.108372;447.351089;
1.113622;452.872571;
1.116785;453.201418;
1.103480;447.341283;
1.105306;447.305380;
1.099569;447.293484;
1.110781;452.065707;
1.100735;447.286107;
1.107628;447.303627;
1.100754;447.285917;
1.101872;447.259116;
1.108398;449.007531;
1.103220;447.238925;
1.114875;452.473688;
1.127062;460.255487;
1.106002;450.268379;
1.107429;449.299359;
1.110818;449.978666;
1.124990;455.207010;
1.109597;449.060426;
1.130569;457.248234;
1.105393;451.111804;
1.119301;455.392317;
1.102027;450.157014;
1.105610;450.965029;
1.115165;454.132173;
1.114583;450.734051;
1.118032;452.127520;
1.111016;449.111572;
1.111309;449.586958;
1.115963;451.953374;
1.118084;449.932756;
1.108689;447.934463;
1.096561;447.734398;
1.101123;449.763324;
1.095430;447.233600;
1.095904;447.227607;
1.108511;452.293522;
1.130310;460.324321;
1.103435;447.672593;
1.098867;447.226196;
1.107535;449.956550;
1.109771;449.924741;
1.110065;449.282779;
1.112538;449.751242;
1.102226;449.275188;
1.101376;448.156424;
1.106614;451.998930;
1.106286;450.423784;
1.110322;451.453354;
1.098396;447.217735;
1.097937;447.302308;
1.106707;451.373812;
1.107343;452.510633;
1.107000;451.671516;
1.119760;457.982776;
1.097186;447.213803;
1.101070;450.243523;
1.101227;447.677081;
1.101494;450.639035;
1.116334;453.216551;
1.099495;447.209218;
1.099728;447.200527;
1.117907;454.205802;
1.110405;453.377186;
1.121902;455.623948;
1.116054;452.385109;
1.113144;450.177611;
1.131392;454.519406;
1.100191;447.157842;
1.101877;447.185134;
1.111465;454.462729;
1.099233;447.154652;
1.111133;453.208280;
1.110465;449.218583;
1.100567;447.546473;
1.101267;449.397389;
1.110524;452.571935;
1.114844;454.613348;
1.116378;455.964255;
1.128385;459.331965;
1.108128;452.038608;
1.099443;447.872619;
1.105843;447.324092;
1.110392;450.980563;
1.098914;447.141300;
1.123981;455.988907;
1.102893;448.841864;
1.100983;447.139975;
1.122396;456.283264;
1.128148;458.287206;
1.118101;452.988713;
1.121004;453.494517;
1.087190;447.117112;
1.102822;450.251094;
1.094478;448.945207;
1.096742;447.115745;
1.113169;454.999936;
1.107184;449.939326;
1.098853;447.112572;
1.095115;447.108520;
1.098616;447.099701;
1.096644;447.087260;
1.117053;455.476209;
1.117957;455.399075;
1.103267;450.512707;
1.098936;447.077753;
1.103200;447.913457;
1.113058;452.066865;
1.100032;447.074941;
1.125357;457.823960;
1.102073;449.080440;
1.108020;451.503257;
1.098526;448.831936;
1.116527;453.428969;
1.124003;457.699533;
1.144634;467.646288;
1.105880;451.573834;
1.117032;456.453214;
1.101967;450.117543;
1.120982;454.153151;
1.123996;456.387229;
1.097501;447.062546;
1.097464;448.795314;
1.098398;447.057221;
1.097473;447.042990;
1.099702;447.032381;
1.098809;446.983483;
1.123474;455.973748;
1.123113;454.626325;
1.125197;455.177478;
1.112343;446.981788;
1.112401;446.971301;
1.128272;453.787937;
1.124945;452.973240;
1.105526;450.795434;
1.106453;449.902325;
1.115258;453.161402;
1.129564;457.766317;
1.124264;455.855301;
1.139127;462.995147;
1.101082;450.840604;
1.103168;449.846725;
1.103535;449.119759;
1.094558;447.628550;
1.118007;454.084366;
1.131604;462.397486;
1.108001;451.871406;
1.112901;451.531032;
1.118981;452.371007;
1.109565;450.064216;
1.113535;451.429177;
1.103863;447.420483;
1.098491;446.962786;
1.101201;446.962157;
1.098178;446.942800;
1.105837;450.063456;
1.130338;461.744315;
1.130366;460.076049;
1.099118;447.100065;
1.098401;446.935337;
1.100982;446.936997;
1.108489;451.606034;
1.101834;446.929040;
1.104829;446.925167;
1.100650;446.916544;
1.103488;446.924604;
1.110362;450.296355;
1.109436;447.932714;
1.098912;446.916122;
1.102185;446.907751;
1.107424;451.577169;
1.111755;452.533945;
1.116680;453.850664;
1.106273;451.484217;
1.105824;449.429099;
1.138062;461.494279;
1.109335;452.687051;
1.104785;448.756203;
1.114294;453.973409;
1.122155;458.345320;
1.101879;448.490801;
1.107320;448.555509;
1.109719;451.689427;
1.113662;453.569816;
1.108386;450.895949;
1.105633;450.432602;
1.105042;448.318884;
1.127958;460.143289;
1.105014;446.895514;
1.108848;449.895397;
1.113695;453.613706;
1.101538;446.892789;
1.116562;454.045139;
1.124934;454.667311;
1.100969;448.823129;
1.095994;446.882746;
1.109142;450.845079;
1.113405;452.929427;
1.118224;457.439572;
1.125995;458.566264;
1.105402;447.845911;
1.109144;448.553741;
1.121322;452.984914;
1.118318;452.399732;
1.107865;446.872870;
1.127411;455.038160;
1.119759;450.533063;
1.127448;452.480091;
1.128412;452.465239;
1.125262;451.072117;
1.133169;456.059759;
1.129590;452.360638;
1.106731;448.689170;
1.108019;449.011046;
1.108782;448.601491;
1.120553;455.220975;
1.120699;452.846936;
1.123828;454.248283;
1.096905;449.449061;
1.106672;450.969210;
1.105494;449.676356;
1.103159;447.617843;
1.121549;458.450642;
1.120910;454.663541;
1.098121;447.465016;
1.103991;449.642910;
1.111410;451.312742;
1.098747;446.863151;
1.109641;451.177767;
1.107029;451.055923;
1.099697;447.293123;
1.107435;451.305420;
1.107431;451.068452;
1.121512;455.999616;
1.125581;457.536887;
1.131946;462.617665;
1.119292;451.890427;
1.126962;456.065285;
1.125151;454.484582;
1.109232;446.861837;
1.107131;446.859164;
1.120567;451.273717;
1.127607;450.695057;
1.124542;446.853432;
1.135279;452.322893;
1.145152;455.590039;
1.146948;457.309660;
1.132603;446.851633;
1.097034;449.049953;
1.091238;446.835927;
1.092959;446.834841;
1.097124;446.835907;
1.116199;454.813543;
1.115284;448.281441;
1.093927;448.238021;
1.102219;451.060134;
1.096138;447.163069;
1.113459;456.951672;
1.096018;446.827360;
1.093206;446.815804;
1.092438;447.324009;
1.101505;450.156055;
1.101363;449.141783;
1.108507;452.909847;
1.122161;456.753329;
1.147926;463.948216;
1.095905;447.010279;
1.095722;446.808098;
1.102981;446.808549;
1.112532;453.588534;
1.097573;446.803274;
1.099528;447.525925;
1.100777;450.688569;
1.098327;450.316236;
1.111899;451.339236;
1.100213;449.673425;
1.127087;461.045511;
1.091928;446.800545;
1.112866;455.779859;
1.091755;446.800038;
1.098480;449.078064;
1.113139;454.647612;
1.127065;461.171154;
1.126583;455.469651;
1.097515;447.674960;
1.102688;452.530835;
1.113495;456.072819;
1.127526;461.442112;
1.124407;458.888316;
1.132470;464.660205;
1.125417;452.534127;
1.120942;452.232284;
1.116805;448.692714;
1.135442;455.187671;
1.137780;458.699545;
1.139681;452.430560;
1.101549;450.571979;
1.106800;454.178499;
1.115955;456.417063;
1.110231;453.338064;
1.114893;453.420688;
1.125510;458.803415;
1.103815;448.988295;
1.096677;446.777280;
1.109039;452.551357;
1.103354;447.577068;
1.104746;448.749175;
1.128969;453.202526;
1.103288;449.746696;
1.108776;453.463301;
1.106121;450.268666;
1.104526;448.829307;
1.118538;455.548869;
1.095031;447.303973;
1.094312;448.983234;
1.097804;451.849211;
1.089704;446.780912;
1.100070;449.503213;
1.103166;450.083012;
1.091773;446.770710;
1.092387;446.759857;
1.101908;448.906932;
1.110521;453.263495;
1.113925;454.243734;
1.113921;453.135535;
1.112522;453.800667;
1.100724;447.696171;
1.097823;446.759256;
1.107696;449.285118;
1.101260;447.501815;
1.117706;456.375063;
1.108372;450.740312;
1.090865;447.135410;
1.094284;448.659484;
1.096012;449.362496;
1.112536;455.405791;
1.113230;455.269036;
1.089483;446.758878;
1.089400;447.901021;
1.101585;451.043837;
1.104730;453.143655;
1.093434;446.745308;
1.096359;446.747664;
1.093865;446.737706;
1.112948;455.743364;
1.105874;451.506232;
1.108541;452.655588;
1.119825;458.490912;
1.133308;463.126335;
1.103321;451.312210;
1.102261;447.922054;
1.104972;449.063665;
1.112469;450.417882;
1.099016;446.726687;
1.129342;459.326457;
1.132738;458.901292;
1.115818;455.390811;
1.115598;454.852104;
1.119641;453.438979;
1.104222;450.828579;
1.109868;451.973946;
1.116103;452.785456;
1.093392;448.488539;
1.095677;447.760694;
1.100656;449.278652;
1.112636;455.361489;
1.100624;448.444163;
1.118243;455.469511;
1.097900;449.437625;
1.098525;448.889392;
1.102346;449.326287;
1.097751;448.364745;
1.106545;449.506497;
1.121921;457.141823;
1.108280;449.969460;
1.109047;449.470117;
1.112076;451.796427;
1.099635;448.840573;
1.120390;455.355058;
1.116377;454.250956;
1.095008;447.741719;
1.097051;446.770513;
1.100980;447.320685;
1.108793;452.448645;
1.120451;456.937972;
1.123423;458.856151;
1.114249;454.724881;
1.108247;450.735180;
1.112221;451.881142;
1.108751;450.504932;
1.105462;449.603826;
1.110039;446.726174;
1.093561;446.723395;
1.096285;446.718256;
1.093310;446.711411;
1.097463;446.698166;
1.112663;454.354043;
1.099466;446.694771;
1.112271;452.979411;
1.109090;450.351718;
1.112305;451.509576;
1.098335;447.093726;
1.099750;448.860069;
1.110403;446.686071;
1.100002;446.682792;
1.099920;446.662462;
1.101173;446.679616;
1.102990;449.313093;
1.132091;460.407019;
1.110147;450.806848;
1.117773;448.786964;
1.119529;449.517075;
1.119900;446.635635;
1.123672;450.058045;
1.106889;446.621831;
1.118760;446.623630;
1.105957;448.480445;
1.107739;448.837349;
1.112737;451.497536;
1.100590;446.618294;
1.120124;453.215636;
1.103066;446.613298;
1.101435;447.650401;
1.105259;449.892868;
1.100235;447.212241;
1.117411;454.953247;
1.121324;455.707806;
1.133803;462.162621;
1.108412;452.697924;
1.101183;452.001429;
1.104924;451.251556;
1.108526;452.800540;
1.097620;448.079213;
1.132926;462.581017;
1.096744;446.601203;
1.096497;446.596967;
1.112043;452.373084;
1.108754;449.745492;
1.095960;446.596939;
1.123712;458.253587;
1.101549;451.967258;
1.092058;447.288941;
1.116347;459.838390;
1.108879;453.701672;
1.105131;451.632462;
1.118962;456.490541;
1.092896;450.325136;
1.101046;450.435210;
1.110382;454.274675;
1.101530;449.372591;
1.105993;450.818907;
1.134148;464.551184;
1.107568;453.381601;
1.118558;457.396042;
1.109723;452.964871;
1.113050;453.518949;
1.116516;455.302170;
1.095296;449.110663;
1.091446;447.456809;
1.095111;448.490943;
1.099110;448.274534;
1.095274;447.137812;
1.106302;452.568021;
1.122841;459.070299;
1.096615;449.206759;
1.104776;453.876899;
1.104342;448.995749;
1.117492;457.112491;
1.092938;446.591726;
1.125722;461.366521;
1.097196;446.585295;
1.114398;453.391393;
1.103274;449.421334;
1.109682;450.907612;
1.111252;450.653571;
1.101976;446.577544;
1.097157;449.854205;
1.105240;451.982550;
1.112446;454.886503;
1.106197;449.774645;
1.112935;449.792544;
1.133525;461.265149;
1.095350;448.226365;
1.090163;446.574101;
1.111145;452.016874;
1.099680;450.341718;
1.111757;451.794830;
1.091987;446.573159;
1.095240;446.565295;
1.096252;446.555020;
1.093630;446.552163;
1.105299;449.907846;
1.096979;446.541759;
1.137311;458.719724;
1.104485;451.210090;
1.104453;449.428855;
1.110497;451.273973;
1.101598;448.462301;
1.117584;454.509882;
1.092480;446.534676;
1.101287;447.613503;
1.111109;453.415239;
1.092524;446.532607;
1.111006;453.076269;
1.119759;455.352625;
1.126548;458.922958;
1.103281;449.441948;
1.093352;446.721509;
1.107654;454.850510;
1.100597;449.435608;
1.120270;457.832784;
1.116861;455.800986;
1.087537;446.483715;
1.091420;446.515509;
1.099506;449.519523;
1.102255;451.761175;
1.104714;452.091358;
1.111674;457.419342;
1.090709;446.475242;
1.097790;447.082664;
1.104269;449.443296;
1.106871;450.291483;
1.114051;453.353678;
1.136541;459.077536;
1.110740;451.697429;
1.118983;457.258021;
1.128838;459.230451;
1.128751;458.876339;
1.097944;450.086965;
1.128747;458.160296;
1.097393;448.969528;
1.105425;451.637891;
1.099414;448.743651;
1.105572;451.326183;
1.123031;458.967859;
1.120691;456.208323;
1.107526;450.668300;
1.113041;450.177175;
1.101999;446.473594;
1.105272;447.593141;
1.121851;455.968354;
1.129396;460.692794;
1.096484;446.453489;
1.103180;450.798865;
1.104012;449.425164;
1.097880;446.440113;
1.114801;454.202166;
1.109306;453.870600;
1.097030;446.637699;
1.098634;446.436010;
1.111486;450.422989;
1.112975;453.289940;
1.118213;455.225421;
1.133544;462.568275;
1.113184;455.033081;
1.125262;456.715604;
1.113963;451.950411;
1.098233;446.434883;
1.112923;451.325514;
1.147821;467.756698;
1.114438;452.995697;
1.116197;454.746621;
1.115931;453.361459;
1.100842;446.412838;
1.122741;458.121061;
1.124995;458.966933;
1.104756;448.993667;
1.100122;446.408326;
1.104530;446.412071;
1.104020;446.406893;
1.116225;452.147239;
1.143521;458.636162;
1.101316;447.742779;
1.100088;446.403359;
1.117509;454.701630;
1.115628;453.510462;
1.121979;456.556078;
1.109134;450.254108;
1.107165;452.198718;
1.102186;450.003400;
1.102520;449.746010;
1.110865;451.421112;
1.127525;459.834852;
1.096049;446.388025;
1.098097;450.722433;
1.096168;449.948189;
1.094597;448.203409;
1.109305;453.232363;
1.093479;446.386230;
1.095045;446.385823;
1.098603;448.010908;
1.102529;450.393563;
1.097556;447.660920;
1.091178;446.370329;
1.116297;455.880118;
1.113509;447.637286;
1.095712;448.013318;
1.104325;452.318237;
1.091455;446.994631;
1.097640;447.531948;
1.117845;458.238340;
1.128785;462.286703;
1.092679;448.109764;
1.102877;453.474961;
1.097199;451.516126;
1.088915;446.363918;
1.105895;452.236438;
1.087690;446.359725;
1.098675;446.703087;
1.097934;446.357051;
1.095842;446.352393;
1.116376;453.535958;
1.123790;457.471198;
1.129694;458.824530;
1.116389;457.443646;
1.103700;452.522837;
1.099552;450.637292;
1.123279;457.820417;
1.119189;455.996055;
1.103733;450.081014;
1.094981;449.290946;
1.100694;451.002141;
1.093171;448.771657;
1.100525;449.092914;
1.109590;455.196081;
1.117901;458.380838;
1.098590;448.031589;
1.101386;447.442296;
1.097154;447.103724;
1.096132;448.452846;
1.113263;455.192484;
1.119483;455.393872;
1.094057;446.743374;
1.104966;450.935410;
1.109662;453.753633;
1.101447;449.598443;
1.102328;448.550249;
1.110573;450.429639;
1.086607;446.350369;
1.093941;447.752664;
1.088514;446.330365;
1.091847;446.347530;
1.110609;454.393860;
1.119182;457.372980;
1.093462;447.869249;
1.106038;449.228243;
1.090828;446.324656;
1.099877;446.986567;
1.120877;457.604878;
1.125884;458.826951;
1.109519;454.094894;
1.089539;446.319156;
1.105307;453.297080;
1.098184;450.280933;
1.095005;446.307077;
1.105418;451.111209;
1.085886;446.295674;
1.092094;447.465118;
1.099184;449.267736;
1.092473;446.294142;
1.111427;453.762799;
1.108616;451.760182;
1.101290;450.390462;
1.106237;451.347384;
1.099046;448.416768;
1.116304;456.185482;
1.105063;448.852387;
1.126614;459.023041;
1.099131;447.490895;
1.107410;452.115282;
1.108525;452.715221;
1.121817;457.790999;
1.120523;455.562620;
1.121938;456.670933;
1.108482;453.910497;
1.101384;451.390100;
1.102811;451.039906;
1.111796;454.492385;
1.106427;452.767833;
1.116359;455.460845;
1.098952;452.024062;
1.100826;450.445553;
1.099048;449.653512;
1.112257;455.283886;
1.114732;457.623580;
1.130451;463.925387;
1.089019;446.884951;
1.110844;456.092785;
1.109511;453.995522;
1.109462;452.613158;
1.113765;449.852568;
1.098738;446.598342;
1.099418;448.768876;
1.088332;446.323904;
1.107664;451.222189;
1.119403;456.121319;
1.097303;446.465960;
1.117486;456.056786;
1.113333;454.437355;
1.106212;451.599695;
1.102292;450.870396;
1.113301;453.407428;
1.102554;450.014466;
1.109312;450.973159;
1.096059;448.347555;
1.107364;452.586724;
1.115541;454.830093;
1.120992;456.960986;
1.126609;460.114519;
1.131033;461.434924;
1.110535;453.416419;
1.096831;446.932210;
1.109793;451.579000;
1.105445;450.848688;
1.099693;446.402349;
1.099428;446.290666;
1.120289;454.755035;
1.114913;449.482439;
1.118896;452.128581;
1.128102;457.166287;
1.130509;456.380859;
1.150369;463.211745;
1.095175;446.572028;
1.104868;447.569933;
1.110178;452.148789;
1.112298;453.021666;
1.098407;446.286325;
1.124929;458.099438;
1.106058;452.324719;
1.106706;451.269938;
1.107893;449.535618;
1.099616;447.546615;
1.124623;457.796766;
1.130983;461.343443;
1.091006;447.830489;
1.097338;449.589409;
1.105208;451.245754;
1.110866;454.671771;
1.109155;454.464237;
1.120704;457.790112;
1.092699;447.849163;
1.089303;446.284769;
1.093767;447.495493;
1.101017;449.864246;
1.100738;449.181255;
1.109954;454.101350;
1.092699;447.135849;
1.097240;449.319001;
1.094798;448.738327;
1.091053;446.517280;
1.104696;451.580596;
1.103238;449.849333;
1.093529;447.032966;
1.098515;446.559606;
1.107786;450.702358;
1.120359;457.517654;
1.120519;454.940788;
1.130188;461.289533;
1.101118;454.118741;
1.112042;453.699541;
1.096029;449.430824;
1.103303;449.198817;
1.116908;455.672020;
1.101944;449.139022;
1.089840;446.284098;
1.119336;456.094912;
1.102425;450.624289;
1.107972;453.537677;
1.102797;450.029615;
1.096442;446.281759;
1.093397;448.023537;
1.091838;446.274056;
1.100963;449.432779;
1.093514;447.800414;
1.109959;453.319801;
1.121292;457.214470;
1.105439;451.896834;
1.099692;447.963135;
1.091794;447.056391;
1.111864;453.061824;
1.114487;456.045463;
1.113903;455.071736;
1.088488;446.272639;
1.092083;446.616459;
1.096028;447.991787;
1.102987;451.323119;
1.100280;450.129944;
1.110219;454.521398;
1.084587;446.271690;
1.093163;447.345619;
1.097748;449.031101;
1.102488;448.859584;
1.113969;456.046330;
1.122066;457.455288;
1.100458;449.963160;
1.107296;452.290984;
1.101284;448.945144;
1.120265;458.168302;
1.100318;447.672514;
1.122795;457.760363;
1.103812;450.950803;
1.106450;451.638455;
1.106443;450.425522;
1.105157;448.554594;
1.123942;458.222045;
1.149248;465.141068;
1.099959;448.808646;
1.101272;448.950424;
1.109012;450.232336;
1.112460;453.718243;
1.105627;447.982149;
1.099560;447.788952;
1.086997;446.271311;
1.090647;446.269750;
1.107309;454.421038;
1.100292;446.261786;
1.122739;458.964294;
1.092913;447.240506;
1.092031;446.258179;
1.119333;459.763894;
1.093754;446.260372;
1.128005;462.178231;
1.115152;457.825071;
1.113161;456.772130;
1.098369;448.833019;
1.101901;448.859011;
1.111567;454.144086;
1.115492;454.389421;
1.119187;456.493142;
1.121582;458.013718;
1.116864;458.634398;
1.117087;457.149193;
1.116439;454.465009;
1.123710;458.046894;
1.133578;462.181614;
1.129395;455.990485;
1.101738;451.331448;
1.099220;450.764991;
1.101866;450.707337;
1.099967;449.930389;
1.118528;457.158959;
1.100428;449.846617;
1.100509;448.593152;
1.096608;447.853541;
1.111731;453.018706;
1.108683;452.259809;
1.109049;451.847614;
1.120359;457.275341;
1.090166;446.254305;
1.089976;446.241664;
1.094339;446.207601;
1.095009;446.199418;
1.106336;452.884169;
1.114413;455.561083;
1.104233;451.246009;
1.097222;449.552328;
1.111086;452.965632;
1.102914;450.087749;
1.094444;446.189745;
1.126366;460.082626;
1.097690;447.634408;
1.114534;455.037255;
1.110709;450.336034;
1.115613;451.841718;
1.116224;450.369708;
1.110372;446.187870;
1.090917;446.181523;
1.098678;449.000387;
1.098640;447.284415;
1.093332;447.027338;
1.117261;457.029976;
1.115715;456.838148;
1.099753;448.295881;
1.090686;446.176058;
1.107029;451.834594;
1.112146;454.372820;
1.113241;454.698557;
1.123894;457.850269;
1.100006;447.574396;
1.095239;446.719545;
1.108926;450.940902;
1.109938;452.210788;
1.119211;455.801696;
1.125402;459.384535;
1.103750;448.483901;
1.104658;447.331788;
1.108738;449.624494;
1.099856;446.174557;
1.128702;458.864650;
1.150183;466.189940;
1.108672;451.091070;
1.111538;451.752868;
1.113133;452.499469;
1.122303;454.791455;
1.114198;450.666811;
1.110308;450.560748;
1.108742;450.897681;
1.103805;450.873041;
1.113172;452.350607;
1.101151;448.786286;
1.120559;456.652356;
1.100769;446.171483;
1.114781;456.245431;
1.112303;454.549687;
1.116134;455.536221;
1.120303;456.602838;
1.114571;454.006101;
1.106512;452.239100;
1.100167;450.642343;
1.092816;446.161848;
1.102051;448.040086;
1.114226;456.249580;
1.119793;457.438979;
1.124940;456.756429;
1.092712;446.160664;
1.091293;446.152523;
1.106755;451.707630;
1.090098;446.150700;
1.120814;458.402416;
1.119802;457.939249;
1.091934;448.315914;
1.096396;449.487691;
1.090237;446.357897;
1.088090;446.125547;
1.099263;448.236395;
1.090739;446.132941;
1.092520;446.124919;
1.100923;448.717555;
1.101625;450.535816;
1.106286;451.269961;
1.094588;446.122864;
1.103604;448.321621;
M0:0.010280
W0;O:0.000805;R:383.057096
1.095356;446.122537;
1.099622;449.684306;
1.091725;446.118766;
1.103817;449.403378;
1.108136;450.822336;
1.136604;463.154391;
1.102821;450.728187;
1.107447;453.003899;
1.104731;450.477059;
1.102601;449.196194;
1.099203;446.107494;
1.146120;467.841355;
1.086875;446.102479;
1.086102;446.097035;
1.090223;446.092286;
1.092903;446.087790;
1.086254;446.087190;
1.090611;446.081261;
1.092034;446.065353;
1.097185;446.045511;
1.091995;446.044364;
1.093012;446.035114;
1.090367;446.032393;
1.090259;446.028677;
1.095591;446.024360;
1.103633;446.025796;
1.096060;446.019893;
1.097339;446.019498;
1.090130;446.010305;
1.096003;446.006142;
1.091522;446.004300;
1.092612;445.996484;
1.094113;445.982262;
1.091096;445.976458;
1.089936;445.975366;
1.094368;445.973346;
1.089500;445.953045;
1.088750;445.951917;
1.095613;445.961618;
1.090468;445.944822;
1.091071;445.943808;
1.087100;445.941856;
1.087576;445.929342;
1.095683;445.915813;
1.095343;445.914712;
1.102263;445.937767;
1.093280;445.898270;
1.093846;445.889120;
1.095340;445.867946;
1.095893;445.860590;
1.098481;445.852486;
1.098906;445.848941;
1.093775;445.848496;
1.091551;445.835675;
1.082238;445.831876;
1.087432;445.819800;
1.086756;445.818378;
1.088048;445.814336;
1.092349;445.811709;
1.086096;445.811690;
1.096918;445.803575;
1.097102;445.794373;
1.100511;445.786155;
1.102433;445.787326;
1.109046;445.780806;
1.097589;445.773943;
1.097896;445.759395;
1.099570;445.748329;
1.095810;445.733276;
1.099203;445.739466;
1.095242;445.718473;
1.098297;445.722788;
1.097655;445.710454;
1.087652;445.689215;
1.091412;445.685395;
1.092249;445.683664;
1.092836;445.681769;
1.090734;445.679102;
1.087797;445.674190;
1.088502;445.673100;
1.089460;445.671345;
1.087943;445.668574;
1.086617;445.665191;
1.088690;445.648202;
1.093152;445.643331;
1.093845;445.631789;
1.090415;445.624697;
1.094151;445.629702;
1.091489;445.609223;
1.094751;445.623276;
1.091564;445.600015;
1.087872;445.589769;
1.090337;445.586778;
1.093928;445.584532;
1.087695;445.579862;
1.095321;445.577728;
1.090685;445.573754;
1.092418;445.573192;
1.091833;445.561765;
1.089944;445.555748;
1.097282;445.552864;
1.091108;445.536027;
1.097513;445.532124;
1.098149;445.530014;
1.094716;445.529074;
1.094568;445.526678;
1.090321;445.525174;
1.093778;445.509746;
1.090882;445.507283;
1.092036;445.506460;
1.088174;445.495957;
1.085953;445.488786;
1.095826;445.495539;
1.094299;445.481809;
1.092957;445.476855;
1.091549;445.458467;
1.097337;445.465202;
1.095814;445.449541;
1.096308;445.446994;
1.092950;445.442270;
1.103912;445.431555;
1.102454;445.400013;
1.100869;445.387891;
1.102228;445.386989;
1.108731;445.386979;
1.103798;445.378845;
1.096092;445.376189;
1.092241;445.368577;
1.095883;445.367648;
1.096192;445.354559;
1.094434;445.351129;
1.094191;445.348684;
1.087593;445.348242;
1.094406;445.343219;
1.094649;445.339356;
1.090955;445.334829;
1.091882;445.328813;
1.090527;445.326734;
1.090289;445.325440;
1.089352;445.322807;
1.088509;445.314543;
1.102976;445.321900;
1.090326;445.310655;
1.088477;445.290486;
1.093940;445.283197;
1.092174;445.276515;
1.089676;445.265195;
1.087573;445.262851;
1.083970;445.260732;
1.093885;445.261436;
1.091077;445.256308;
1.089066;445.253083;
1.088482;445.242920;
1.094869;445.242929;
1.095047;445.238585;
1.085785;445.222269;
1.087511;445.212057;
1.088498;445.207961;
1.086947;445.188653;
1.091175;445.178085;
1.091728;445.170179;
1.093846;445.168325;
1.091514;445.154410;
1.090157;445.152905;
1.085025;445.151797;
1.086491;445.141342;
1.085790;445.127995;
1.093276;445.150881;
1.091838;445.122904;
1.089267;445.117864;
1.088999;445.104355;
1.088369;445.097972;
1.089303;445.089031;
1.093713;445.092897;
1.086693;445.082833;
1.082121;445.064425;
1.089313;445.073199;
1.089525;445.019282;
1.091400;445.006626;
1.088137;444.997048;
1.090413;444.994116;
1.088674;444.979549;
1.090413;444.985191;
1.087188;444.955568;
1.092465;444.966642;
1.092603;444.955333;
1.086755;444.948027;
1.093883;444.941901;
1.094936;444.933505;
1.094491;444.931835;
1.096365;444.929777;
1.093013;444.924423;
1.091648;444.912890;
1.087051;444.903823;
1.088200;444.896932;
1.087937;444.896637;
1.086576;444.892407;
1.086909;444.882489;
1.091133;444.879390;
1.089888;444.874037;
1.091521;444.863974;
1.085276;444.859727;
1.085857;444.853449;
1.087159;444.852015;
1.089016;444.846593;
1.087922;444.840950;
1.090611;444.821049;
1.088317;444.813773;
1.087576;444.812395;
1.088529;444.812280;
1.092405;444.807348;
1.089732;444.802476;
1.086628;444.790312;
1.088708;444.781470;
1.091161;444.789099;
1.093727;444.773055;
1.087804;444.769160;
1.085604;444.768206;
1.086008;444.759557;
1.081040;444.759242;
1.090500;444.754789;
1.084453;444.742373;
1.088849;444.741701;
1.085376;444.738741;
1.093002;444.741713;
1.091350;444.720795;
1.088263;444.719758;
1.092126;444.719267;
1.086761;444.718492;
1.086211;444.708455;
1.090629;444.697168;
1.088985;444.690072;
1.081798;444.681203;
1.084846;444.674706;
1.086496;444.665110;
1.089050;444.672161;
1.086473;444.657673;
1.086979;444.634231;
1.092848;444.634540;
1.088043;444.634132;
1.082347;444.628951;
1.084696;444.618814;
1.085307;444.616106;
1.086575;444.611941;
1.078361;444.576262;
1.086534;444.581761;
1.085060;444.551187;
1.087040;444.548676;
1.087197;444.546154;
1.086309;444.537871;
1.089980;444.539710;
1.089877;444.527871;
1.087440;444.524153;
1.086064;444.518127;
1.088130;444.517086;
1.083159;444.502542;
1.088138;444.504168;
1.081956;444.499710;
1.089065;444.487515;
1.094571;444.496266;
1.092736;444.482972;
1.095189;444.458270;
1.092492;444.455363;
1.100890;444.451573;
1.088325;444.443686;
1.091556;444.441456;
1.091272;444.439830;
1.088780;444.419094;
1.092636;444.418990;
1.091891;444.413889;
1.091413;444.410080;
1.092606;444.408923;
1.093807;444.404597;
1.091502;444.399354;
1.089342;444.396079;
1.094882;444.394022;
1.087513;444.376018;
1.096357;444.377265;
1.093664;444.374266;
1.089303;444.374186;
1.096962;444.360872;
1.090727;444.355115;
1.091014;444.349708;
1.089174;444.346822;
1.088101;444.336774;
1.086105;444.334496;
1.087147;444.329641;
1.091016;444.328955;
1.091441;444.315281;
1.093750;444.324579;
1.091946;444.300401;
1.090050;444.283739;
1.093966;444.273192;
1.087999;444.272983;
1.090180;444.267770;
1.094509;444.270907;
1.094257;444.267270;
1.096207;444.266532;
1.087119;444.257632;
1.099297;444.265430;
1.088869;444.237751;
1.086461;444.227868;
1.088017;444.225747;
1.088486;444.218336;
1.087828;444.211761;
1.089305;444.202798;
1.080580;444.201149;
1.086838;444.175483;
1.080874;444.172696;
1.089058;444.175435;
1.085808;444.171260;
1.088578;444.166925;
1.141230;444.166776;
1.149597;444.152338;
1.142339;444.149970;
1.149828;444.151069;
1.141851;444.137063;
1.154525;444.135897;
1.093732;444.097529;
1.099513;444.091410;
1.100128;444.091142;
1.098232;444.083988;
1.098832;444.081751;
1.096309;444.066441;
1.090996;444.057671;
1.097569;444.057504;
1.097861;444.052253;
1.103721;444.054518;
1.097844;444.045116;
1.095932;444.044255;
1.095105;444.029646;
1.095670;444.029616;
1.092131;444.024103;
1.095303;444.018823;
1.094623;444.016770;
1.095413;444.008886;
1.096170;444.006073;
1.096762;444.001783;
1.092542;444.001421;
1.094737;443.996590;
1.091016;443.991261;
1.095218;443.990096;
1.091844;443.988648;
1.089546;443.981445;
1.095868;443.977663;
1.089819;443.966927;
1.090766;443.973691;
1.095781;443.963737;
1.084486;443.962510;
1.085972;443.962225;
1.085045;443.923415;
1.090606;443.931839;
1.089462;443.929884;
1.083359;443.918116;
1.090707;443.916518;
1.089562;443.905650;
1.093509;443.900908;
1.094159;443.894189;
1.093095;443.892605;
1.098344;443.884990;
1.092151;443.882501;
1.097187;443.876582;
1.092177;443.874387;
1.090736;443.849660;
1.092421;443.870972;
1.091997;443.847895;
1.090635;443.843397;
1.091212;443.833609;
1.093531;443.817998;
1.093582;443.814175;
1.093307;443.811654;
1.093382;443.808723;
1.104923;443.805747;
1.092873;443.804368;
1.090708;443.789233;
1.092127;443.787189;
1.095908;443.799007;
1.096615;443.729876;
1.091040;443.720622;
1.098087;443.718654;
1.090066;443.715419;
1.087640;443.701486;
1.095889;443.702396;
1.093071;443.692036;
1.084836;443.684556;
1.092818;443.680665;
1.092346;443.677724;
1.091223;443.673074;
1.102767;443.676889;
1.092838;443.648798;
1.094684;443.646223;
1.091245;443.644547;
1.091759;443.630271;
1.094943;443.628441;
1.095183;443.601241;
1.096061;443.584716;
1.094870;443.573376;
1.096951;443.568760;
1.095483;443.566890;
1.093237;443.566023;
1.093308;443.561275;
1.092574;443.560500;
1.100349;443.559468;
1.102063;443.555283;
1.103823;443.553481;
1.100938;443.549984;
1.100240;443.549881;
1.095682;443.549215;
1.086786;443.548978;
1.093359;443.545726;
1.096997;443.535707;
1.089176;443.529312;
1.093634;443.532228;
1.092259;443.519583;
1.089846;443.504222;
1.090270;443.487689;
1.093072;443.472965;
1.097032;443.465325;
1.100835;443.478725;
1.089330;443.442507;
1.091844;443.431251;
1.091087;443.427026;
1.095388;443.424278;
1.093663;443.403597;
1.092173;443.399981;
1.094912;443.399801;
1.091749;443.397788;
1.089136;443.396400;
1.091179;443.386846;
1.092973;443.383539;
1.092966;443.376937;
1.095463;443.373586;
1.092123;443.371526;
1.089566;443.371166;
1.090461;443.368646;
1.091743;443.269550;
1.093561;443.272787;
1.092130;443.247950;
1.089853;443.247004;
1.087773;443.243071;
1.092477;443.237950;
1.086854;443.235270;
1.093153;443.234273;
1.090104;443.232177;
1.092949;443.228156;
1.095826;443.224407;
1.092335;443.220900;
1.091661;443.217755;
1.091425;443.217680;
1.093790;443.184603;
1.092329;443.182374;
1.095715;443.159002;
1.089576;443.158842;
1.093376;443.156961;
1.096832;443.156239;
1.087301;443.145243;
1.090113;443.115079;
1.091269;443.109652;
1.091823;443.098358;
1.091762;443.097811;
1.088659;443.095091;
1.087764;443.085667;
1.088782;443.079019;
1.095346;443.066545;
1.094523;443.060722;
1.095363;443.050778;
1.092161;443.038128;
1.089156;443.034471;
1.101427;443.026095;
1.087582;443.019612;
1.089212;443.012271;
1.091349;443.006865;
1.090606;442.967609;
1.096278;442.964357;
1.092525;442.962830;
1.092510;442.962466;
1.089943;442.957966;
1.089172;442.933575;
1.094341;442.953889;
1.088612;442.932552;
1.090790;442.928876;
1.094218;442.928605;
1.095797;442.917346;
1.090246;442.910581;
1.098298;442.905029;
1.093705;442.894515;
1.086933;442.892590;
1.088535;442.882873;
1.085624;442.874336;
1.085835;442.868685;
1.089629;442.857204;
1.087642;442.853639;
1.085946;442.849260;
1.085159;442.847528;
1.085629;442.844581;
1.090713;442.841710;
1.085336;442.839246;
1.083662;442.819749;
1.089742;442.814562;
1.087320;442.802166;
1.085348;442.790277;
1.087638;442.788244;
1.089215;442.787320;
1.087025;442.774314;
1.087548;442.773709;
1.087364;442.754616;
1.092201;442.750506;
1.094015;442.747066;
1.088940;442.717842;
1.092635;442.732727;
1.088702;442.704562;
1.090374;442.693348;
1.088515;442.660216;
1.085888;442.656055;
1.085953;442.639456;
1.092044;442.629728;
1.095416;442.603291;
1.090831;442.578017;
1.089436;442.575322;
1.088730;442.558956;
1.094662;442.563603;
1.090784;442.551393;
1.086344;442.539276;
1.087989;442.538799;
1.086197;442.531649;
1.090236;442.517940;
1.091997;442.530123;
1.084023;442.509579;
1.087983;442.509366;
1.088283;442.506489;
1.107247;442.508273;
1.087004;442.504492;
1.091123;442.501963;
1.090344;442.501941;
1.084192;442.498449;
1.090702;442.496088;
1.083881;442.469524;
1.084859;442.465579;
1.088717;442.462994;
1.087989;442.456846;
1.088093;442.451799;
1.084120;442.437984;
1.086677;442.434235;
1.086716;442.432129;
1.084351;442.429494;
1.086298;442.424700;
1.090688;442.416174;
1.088402;442.399626;
1.091712;442.414811;
1.087897;442.386211;
1.086466;442.363091;
1.097877;442.345284;
1.089081;442.344711;
1.090804;442.329083;
1.094731;442.333775;
1.088900;442.312376;
1.090069;442.302804;
1.090418;442.294864;
1.087512;442.294178;
1.084011;442.262644;
1.091566;442.283284;
1.089606;442.237061;
1.091996;442.211225;
1.105169;442.202964;
1.089884;442.193627;
1.091979;442.183125;
1.091470;442.181322;
1.105991;442.183868;
1.089781;442.180357;
1.090521;442.175517;
1.092610;442.174846;
1.090961;442.164354;
1.094020;442.153180;
1.093491;442.139896;
1.088340;442.122152;
1.091293;442.113476;
1.088741;442.110614;
1.090022;442.105424;
1.084619;442.092594;
1.085582;442.103975;
1.088536;442.103988;
1.091160;442.088737;
1.087469;442.082385;
1.087301;442.065649;
1.090975;442.056784;
1.090604;442.045815;
1.105505;442.016627;
1.102414;442.011587;
1.082254;441.985960;
1.088744;441.963809;
1.083531;441.963087;
1.090084;441.948511;
1.087835;441.929002;
1.083809;441.917877;
1.084574;441.894318;
1.086167;441.873217;
1.082474;441.871705;
1.085577;441.859986;
1.083773;441.842649;
1.085902;441.833467;
1.083306;441.808779;
1.082495;441.800777;
1.080182;441.797674;
1.090992;441.798710;
1.087629;441.792004;
1.086537;441.789782;
1.082500;441.785886;
1.084648;441.764310;
1.086329;441.756135;
1.085856;441.745789;
1.082262;441.689997;
1.088726;441.681505;
1.088515;441.673178;
1.087892;441.669381;
1.086021;441.650639;
1.089478;441.634405;
1.089031;441.613110;
1.087966;441.608123;
1.099785;441.600920;
1.098226;441.596370;
1.091995;441.586198;
1.098764;441.571167;
1.094050;441.551680;
1.095253;441.546880;
1.091283;441.532879;
1.089629;441.532220;
1.094070;441.532312;
1.091030;441.531284;
1.089791;441.526797;
1.095378;441.523739;
1.091758;441.511564;
1.092199;441.509592;
1.097513;441.493230;
1.094629;441.481669;
1.095524;441.465545;
1.094267;441.463758;
1.092536;441.455860;
1.082728;441.444439;
1.095487;441.442957;
1.091672;441.440379;
1.089819;441.429766;
1.091073;441.428662;
1.085678;441.426394;
1.086049;441.422229;
1.083209;441.395270;
1.090793;441.410862;
1.088044;441.394963;
1.089921;441.391060;
1.081014;441.385687;
1.082687;441.381368;
1.081203;441.374071;
1.081531;441.364761;
1.082696;441.351938;
1.082124;441.349968;
1.081974;441.312818;
1.091335;441.307775;
1.085202;441.288101;
1.085925;441.274737;
1.083439;441.268313;
1.084027;441.256741;
1.079332;441.253156;
1.083886;441.249674;
1.082687;441.236821;
1.082541;441.233498;
1.082065;441.228374;
1.080052;441.209399;
1.083025;441.187578;
1.089994;441.169715;
1.087496;441.135120;
1.087902;441.132690;
1.090812;441.114340;
1.089344;441.099898;
1.085146;441.085265;
1.087609;441.049619;
1.083523;441.034627;
1.088994;441.020673;
1.082409;441.008583;
1.085982;441.008380;
1.083892;441.006937;
1.084156;441.000525;
1.085522;440.999018;
1.086847;440.997879;
1.084370;440.963824;
1.085522;440.947203;
1.079684;440.944870;
1.087740;440.921193;
1.082574;440.888379;
1.083546;440.873438;
1.087560;440.849860;
1.085659;440.832157;
1.080008;440.823139;
1.078693;440.812749;
1.081935;440.807431;
1.079997;440.794537;
1.083212;440.785999;
1.083121;440.773717;
1.081196;440.764721;
1.083918;440.735667;
1.083517;440.730966;
1.082269;440.682566;
1.081578;440.668684;
1.085138;440.651719;
1.074716;440.638358;
1.081607;440.637094;
1.082119;440.624049;
1.085011;440.621793;
1.085404;440.604672;
1.082414;440.601619;
1.083309;440.577481;
1.082485;440.572649;
1.087152;440.570966;
1.081124;440.562238;
1.082837;440.547096;
1.088890;440.542404;
1.076857;440.540042;
1.083650;440.505731;
1.081601;440.490868;
1.086872;440.482467;
1.078755;440.469745;
1.083428;440.460445;
1.083488;440.452054;
1.087605;440.447846;
1.089972;440.426502;
1.079197;440.393284;
1.084572;440.423459;
1.088829;440.389249;
1.080211;440.386820;
1.086200;440.379780;
1.078518;440.368630;
1.082082;440.362022;
1.086080;440.363910;
1.081231;440.361124;
1.085193;440.357131;
1.080271;440.316998;
1.086277;440.350055;
1.085319;440.303886;
1.086676;440.312238;
1.081391;440.286384;
1.082057;440.276856;
1.081017;440.250197;
1.083596;440.227178;
1.081531;440.211088;
1.083401;440.195873;
1.078284;440.194015;
1.076830;440.192196;
1.075997;440.178287;
1.079219;440.132339;
1.080636;440.046696;
1.086279;440.023026;
1.082807;440.018738;
1.077159;439.995259;
1.079483;439.986481;
1.082577;439.951085;
1.081192;439.950439;
1.087454;439.941466;
1.079914;439.932801;
1.082188;439.919097;
1.083800;439.900411;
1.082361;439.860176;
1.085581;439.816995;
1.081387;439.786944;
1.083292;439.772136;
1.084460;439.771819;
1.081002;439.718530;
1.083488;439.718074;
1.085008;439.711920;
1.080679;439.711086;
1.085198;439.684144;
1.080484;439.666876;
1.080294;439.659558;
1.086521;439.656961;
1.075853;439.655275;
1.083571;439.651911;
1.083775;439.639920;
1.079536;439.634815;
1.082768;439.615482;
1.075683;439.608473;
1.077576;439.596481;
1.081027;439.576292;
1.079966;439.567383;
1.080642;439.562120;
1.083390;439.544074;
1.078985;439.497188;
1.081930;439.486518;
1.083728;439.478391;
1.083494;439.458992;
1.088353;439.454378;
1.085625;439.437879;
1.082088;439.416059;
1.091019;439.430404;
1.086632;439.397170;
1.088580;439.379280;
1.090743;439.350561;
1.084035;439.340679;
1.083847;439.288245;
1.085773;439.309485;
1.084131;439.282114;
1.086602;439.236014;
1.092763;439.222370;
1.086717;439.210786;
1.082421;439.167804;
1.087870;439.164493;
1.085063;439.164027;
1.090636;439.121077;
1.089061;439.112755;
1.086007;439.085518;
1.089704;439.065915;
1.086912;439.033537;
1.086707;439.017906;
1.089169;438.970323;
1.081087;438.966818;
1.080327;438.958666;
1.084099;438.906220;
1.092614;438.926157;
1.084195;438.855650;
1.083002;438.850614;
1.081149;438.785817;
1.084188;438.754698;
1.085470;438.733895;
1.086740;438.726922;
1.078892;438.715277;
1.081741;438.677169;
1.079149;438.671130;
1.077887;438.647629;
1.082011;438.625604;
1.079517;438.611194;
1.078532;438.598179;
1.079476;438.592277;
1.078496;438.579707;
1.077354;438.570604;
1.078331;438.555202;
1.081777;438.552099;
1.080499;438.541412;
1.081059;438.537309;
1.079453;438.488408;
1.074606;438.437420;
1.079254;438.416944;
1.074109;438.413852;
1.080876;438.407933;
1.078090;438.387752;
1.078613;438.374836;
1.078777;438.365430;
1.076108;438.356252;
1.078666;438.336683;
1.077620;438.299459;
1.076764;438.228469;
1.081107;438.221604;
1.080315;438.219168;
1.077861;438.212216;
1.086420;438.184270;
1.080135;438.131313;
1.081831;438.126342;
1.077432;438.124980;
1.078747;438.090258;
1.076277;438.038775;
1.076600;438.038574;
1.075882;438.026865;
1.077470;438.003290;
1.071506;437.940597;
1.078624;437.916103;
1.078110;437.890763;
1.078753;437.856274;
1.088474;437.835572;
1.073624;437.813673;
1.075544;437.812739;
1.077205;437.756704;
1.074636;437.693480;
1.072056;437.670956;
1.080203;437.658106;
1.074101;437.656786;
1.074496;437.649851;
1.075238;437.627749;
1.075895;437.585578;
1.073104;437.548912;
1.075028;437.505396;
1.069926;437.435729;
1.079465;437.304077;
1.080875;437.239622;
1.083417;437.108072;
1.079840;437.066772;
1.091062;436.944440;
1.083634;436.897014;
1.077590;436.892773;
1.071711;436.885018;
1.073232;436.877114;
1.078497;436.838868;
1.076317;436.717449;
1.080709;436.682167;
1.076766;436.611682;
1.076903;436.531275;
1.075034;436.494153;
1.075052;436.381024;
1.080391;436.328746;
1.076317;436.328410;
1.072064;436.298829;
1.068872;435.940730;
1.072700;435.923535;
1.064664;435.906615;
1.069314;435.889787;
1.071034;435.765897;
1.075160;435.712240;
1.069045;435.666618;
1.065814;435.637368;
1.069420;435.641664;
1.069408;435.514342;
1.072363;435.375316;
1.070848;434.978018;
1.077066;434.939363;
1.070221;434.722768;
1.072923;434.687681;
1.071764;434.478525;
1.065764;434.104619;
1.074759;434.031310;
1.070299;433.937659;
1.066835;433.901168;
1.072028;433.888473;
1.079644;433.821322;
1.069658;433.691902;
1.067735;433.622808;
1.071813;433.310109;
1.067986;433.098785;
1.067497;433.077329;
1.064273;432.698179;
1.071056;432.596354;
1.072308;432.056232;
1.065333;432.050253;
1.055912;431.117709;
1.056934;431.090284;
1.050321;430.334633;
W1;O:0.001425;R:551.676500
W2;O:0.001231;R:551.769544
W3;O:0.001762;R:551.778586
W4;O:0.001218;R:551.766329
W5;O:0.001184;R:550.791558
1.052655;429.874501;
