1.24722;455.438;
1.20711;432.797;
1.37575;444.413;
1.48662;418.002;
1.54756;424.832;
1.69905;459.416;
1.26137;396.697;
1.65006;451.666;
1.4347;458.155;
1.64375;451.475;
1.73352;489.426;
1.45819;491.352;
1.84549;498.535;
1.78709;492.897;
1.46118;487.954;
1.5708;455.53;
1.54752;437.206;
1.38686;470.32;
1.40097;465.924;
1.61112;435.658;
1.69201;464.251;
1.59464;446.824;
1.51603;461.661;
1.85803;508.83;
1.6035;445.466;
1.72219;443.084;
1.8547;476.27;
1.84347;544.223;
1.60334;489.92;
1.76757;484.477;
1.77288;477.984;
1.77791;467.043;
1.83813;467.823;
1.59082;510.302;
1.51316;492.548;
1.75199;464.688;
1.70861;482.661;
1.79924;460.681;
1.75713;462.708;
1.40647;454.406;
1.62923;534.927;
1.83617;509.124;
1.78776;483.229;
1.76679;472.536;
1.59926;499.994;
1.71361;465.631;
1.44686;454.118;
1.83083;488.867;
1.46284;461.992;
1.83633;483.242;
1.73699;469.027;
1.57346;499.828;
1.77582;475.584;
1.53235;466.14;
1.56707;453.202;
1.46348;451.378;
1.60342;464.588;
1.57117;451.129;
1.85621;526.447;
1.52847;504.543;
1.41456;462.222;
1.64218;462.921;
1.65545;464.826;
1.75517;485.953;
1.75359;502.325;
1.36917;450.81;
1.49774;479.309;
1.61493;449.466;
1.74557;501.962;
1.59173;463.185;
1.3581;457.542;
1.3487;448.807;
1.68404;478.576;
1.6574;467.977;
1.77256;495.724;
1.31576;448.362;
1.3731;452.854;
1.72939;480.135;
1.61785;445.833;
1.72656;484.67;
1.35465;455.682;
1.43416;465.855;
1.73332;486.25;
1.59568;443.323;
1.74132;484.173;
1.3605;445.626;
1.37064;444.686;
1.67853;471.011;
1.55219;441.235;
1.8092;501.078;
1.81418;503.956;
1.41692;477.091;
1.48295;486.947;
1.68542;468.557;
1.70606;470.773;
1.69499;455.084;
1.76641;477.257;
1.50616;464.905;
1.63097;479.276;
1.59636;463.71;
1.64193;463.214;
1.68493;461.328;
1.38076;464.654;
1.6585;469.724;
1.70481;479.487;
1.29409;441.844;
1.56871;440.783;
1.37148;456.713;
1.76767;489.042;
1.34013;438.656;
1.56687;439.69;
1.58078;440.006;
1.33119;444.51;
1.91659;513.408;
1.5679;502.669;
1.77891;489.108;
1.53568;442.48;
1.62619;443.851;
1.62465;502.755;
1.82012;461.981;
1.95012;498.164;
1.66829;439.706;
1.57829;483.48;
1.65895;439.676;
1.49945;469.659;
1.39402;438.567;
1.69861;438.924;
1.7906;446.615;
1.88119;464.91;
1.76079;458.818;
1.65664;516.913;
1.48217;462.662;
1.73544;462.424;
1.76419;454.496;
1.82451;459.383;
1.6701;452.673;
1.45748;458.29;
1.5825;484.105;
1.69235;454.247;
1.65435;447.409;
1.77907;451.206;
1.85043;469.365;
1.38952;441.467;
1.53038;481.906;
1.65554;473.794;
1.83338;481.549;
1.67503;459.864;
1.85703;501.244;
1.40095;451.049;
1.60039;451.243;
1.63576;515.078;
1.43238;445.056;
1.84316;479.253;
1.72648;452.636;
1.82148;464.06;
1.63161;443.999;
1.52535;460.367;
1.7128;472.765;
1.50813;478.654;
1.74553;471.64;
1.6777;458.099;
1.73514;460.173;
1.62207;522.259;
1.54582;493.281;
1.79709;487.602;
1.77231;476.647;
1.69572;462.701;
1.74128;474.129;
1.57573;477.719;
1.41917;458.042;
1.61555;450.674;
1.40822;447.619;
1.58145;439.269;
1.61004;451.448;
1.44255;484.072;
1.41391;472.104;
1.75118;505.553;
1.67193;475.174;
1.49872;439.476;
1.56429;442.251;
1.43681;482.159;
1.43664;474.384;
1.65921;473.963;
1.46259;438.594;
1.66421;458.879;
1.62587;437.597;
1.42043;460.128;
1.73781;486.988;
1.50149;486.57;
1.77208;457.009;
1.68854;454.369;
1.74954;465.886;
1.51722;473.265;
1.4505;458.277;
1.73106;471.632;
1.69378;458.215;
1.66611;457.775;
1.67794;454.031;
1.39048;452.92;
1.67568;539.081;
1.85136;511.108;
1.62168;446.309;
1.69032;451.491;
1.3918;442.29;
1.81586;504.548;
1.59698;514.699;
1.41062;451.213;
1.67384;459.727;
1.80121;489.631;
1.73642;469.376;
1.72733;464.292;
1.3707;446.999;
1.39309;444.814;
1.61306;439.794;
1.73572;457.375;
1.98519;536.234;
1.80064;494.591;
1.47825;484.001;
1.46496;468.713;
1.76155;487.746;
1.7449;481.278;
1.60364;478.784;
1.57023;456.059;
1.73739;476.107;
1.51872;464.341;
1.41647;444.806;
1.76079;479.866;
1.71563;464.005;
1.42466;440.964;
1.76822;449.786;
1.72611;438.917;
1.55161;499.64;
1.42754;467.757;
1.7876;476.232;
1.8469;493.944;
1.77143;457.893;
1.93961;501.339;
1.39926;447.37;
1.36795;438.822;
1.57105;438.479;
1.83769;485.352;
1.73538;445.775;
1.38785;437.856;
1.47993;477.145;
1.88266;481.314;
1.8437;495.163;
1.75501;467.009;
1.42791;465.129;
1.84363;470.815;
1.60165;502.112;
1.77599;461.256;
1.74082;468.024;
1.45781;466.573;
1.71404;466.403;
1.46811;462.662;
1.76553;465.594;
1.85008;469.316;
1.41116;447.443;
1.7058;468.323;
1.59284;439.275;
1.36938;437.455;
1.67568;437.207;
1.66312;479.102;
1.59841;454.455;
1.37799;437.12;
1.60324;438.445;
1.66509;457.92;
1.68562;460.681;
1.54352;482.39;
1.4612;464.196;
1.75482;473.854;
1.54039;446.737;
1.63386;446.494;
1.63849;448.044;
1.66321;458.767;
1.52043;498.523;
1.45487;474.378;
1.63687;441.965;
1.59185;438.596;
1.65232;445.817;
1.72694;486.182;
1.44682;460.125;
1.52352;466.171;
1.51231;437.934;
1.48957;436.777;
1.74354;478.884;
1.36333;447.432;
1.42363;442.989;
1.64694;456.428;
1.57651;437.485;
1.55896;451.327;
1.3424;448.902;
1.55117;466.739;
1.90399;532.869;
1.58452;447.5;
1.36653;461.856;
1.65251;468.789;
1.38733;472.499;
1.55531;448.386;
1.49056;445.526;
1.4107;438.351;
1.58709;443.705;
1.58234;436.27;
1.50922;480.205;
1.39811;443.475;
1.73878;473.295;
1.65387;460.312;
1.57402;436.205;
1.66601;461.255;
1.43576;467.817;
1.54824;498.494;
1.75284;477.098;
1.62377;446.649;
1.69805;465.641;
1.67998;465.887;
1.47304;484.662;
1.45672;471.935;
1.56977;452.077;
1.62217;448.469;
1.6606;465.365;
1.62774;442.647;
1.51075;441.742;
1.47201;456.188;
1.6511;537.646;
1.7064;469.769;
1.93036;530.874;
1.69431;458.049;
1.58408;436.154;
1.34088;435.969;
1.34459;435.685;
1.59399;435.527;
1.33386;435.17;
1.60428;435.396;
1.56307;435.299;
1.62592;435.346;
1.30516;435.078;
1.36109;434.728;
1.58211;434.794;
1.58547;434.148;
1.59175;433.962;
1.63871;433.879;
1.36535;433.685;
1.36662;433.561;
1.54726;433.514;
1.58933;433.431;
1.62853;433.303;
1.55736;433.155;
1.36411;433.037;
1.32453;432.337;
1.60932;432.326;
1.32559;431.62;
1.62445;432.25;
1.58119;432.235;
1.60784;432.168;
1.3016;431.451;
1.56062;431.307;
1.32947;430.833;
1.58621;430.805;
1.53403;430.627;
1.5997;430.221;
1.34848;430.016;
1.33551;429.594;
1.56801;429.803;
1.56855;429.437;
1.57511;429.086;
1.32487;428.981;
1.59398;428.994;
1.32101;428.85;
1.59425;428.22;
1.3279;427.17;
1.55599;427.485;
1.533;427.433;
1.53214;427.038;
1.37782;427.03;
1.2943;426.828;
1.54094;427.012;
1.32236;426.399;
1.55847;426.368;
1.49441;426.193;
1.51712;426.078;
1.3736;425.618;
1.29254;425.067;
1.49843;425.17;
1.29085;424.891;
1.47767;424.2;
1.47545;424.136;
1.25527;423.651;
1.48673;423.774;
1.27193;423.098;
1.46666;423.137;
1.50476;423.026;
1.46747;422.724;
1.29338;422.558;
1.24803;422.416;
1.49727;422.455;
1.49892;422.285;
1.5302;422.059;
1.26316;421.6;
1.47024;421.745;
1.29402;421.279;
1.49575;421.214;
1.54404;421.164;
1.40076;420.833;
1.42217;420.832;
1.32895;420.716;
1.55293;420.776;
1.50782;420.306;
1.51791;420.023;
1.48282;419.706;
1.24321;419.147;
1.23816;419.031;
1.50076;419.011;
1.47157;418.942;
1.51146;418.305;
1.24729;418.01;
1.47633;418.188;
1.34689;417.903;
1.32223;417.728;
1.47356;417.726;
1.34011;416.766;
1.5662;417.55;
1.41063;416.459;
1.52412;416.534;
1.33025;416.368;
1.59721;416.073;
1.56887;415.614;
1.3386;415.362;
1.59013;415.586;
1.32884;414.714;
1.58051;415.142;
1.56079;414.701;
1.29506;414.323;
1.54566;414.562;
1.31165;414.238;
1.57295;414.288;
1.56694;414.02;
1.30771;413.944;
1.58925;413.961;
1.33995;413.772;
1.57024;413.831;
1.57355;413.153;
1.5554;413.143;
1.47371;413.08;
1.29153;412.649;
1.5165;412.794;
1.56567;411.932;
1.3082;411.681;
1.55467;411.892;
1.27091;411.312;
1.53904;411.651;
1.54795;410.904;
1.29756;410.146;
1.53117;410.151;
1.54032;409.767;
1.29855;409.555;
1.54343;408.935;
1.28352;407.359;
1.48636;408.872;
1.48026;407.108;
1.51061;405.455;
1.30688;405.449;
1.29973;404.716;
1.50119;405.448;
1.50677;404.409;
1.50845;403.65;
1.29998;402.624;
1.48719;402.687;
1.24613;402.473;
1.50011;401.867;
1.48926;400.347;
1.4625;399.47;
1.29129;399.174;
1.42676;398.185;
1.37344;397.53;
1.44973;397.372;
1.40065;396.435;
1.16236;395.225;
1.15219;395.027;
1.37502;395.844;
1.36597;393.934;
1.17552;391.986;
1.38689;392.986;
1.16724;391.723;
1.3699;392.337;
1.36576;391.232;
1.38628;389.969;
1.16833;389.722;
1.18206;387.093;
1.39128;389.583;
1.38772;386.349;
1.35376;386.073;
1.3459;383.413;
1.2026;380.736;
1.13995;379.501;
1.39062;378.967;
W3;O:0.699863;R:128.669
1.30399;378.818;
W0;O:0.362725;R:129.059
1.32253;378.207;
W4;O:0.871857;R:128.705
1.04531;369.262;
W5;O:1.05398;R:128.938
1.14633;369.34;
W2;O:0.537884;R:129.507
1.03161;360.551;
W1;O:0.177684;R:129.869
