1.31313;434.134;
1.21164;398.726;
1.09666;379.337;
1.46385;405.675;
1.70469;575.116;
1.57127;434.816;
1.35887;464.304;
1.69667;467.773;
1.79168;496.196;
1.40742;477.862;
1.65932;480.691;
1.79115;496.186;
1.50952;497.701;
1.7645;495.525;
1.82497;498.924;
1.59378;514.561;
1.59576;438.415;
1.69639;473.959;
1.47333;477.487;
1.60166;442.998;
1.45371;429.598;
1.559;424.227;
1.64183;451.238;
1.43721;463.301;
1.81118;520.136;
1.44538;474.679;
1.68938;478.906;
1.485;477.832;
1.66304;487.097;
1.70519;476.584;
1.85946;516.897;
1.56168;503.421;
1.89168;520.985;
1.66656;515.428;
1.70437;477.977;
1.85457;505.507;
1.71049;473.296;
1.64679;448.97;
1.88133;486.749;
1.58462;450.597;
1.62756;444.599;
1.68935;443.829;
1.87224;577.203;
1.81268;490.016;
1.37005;442.625;
1.75494;484.05;
1.62345;453.8;
1.59854;452.144;
1.76537;568.247;
1.80424;497.989;
1.4517;456.474;
1.97788;544.266;
1.60584;442.516;
1.98227;528.883;
1.60592;518.48;
1.67734;530.357;
1.75763;485.608;
1.75088;501.131;
1.47078;465.709;
2.01646;582.393;
1.76323;472.212;
1.52068;489.663;
1.62423;465.222;
1.44785;465.932;
1.74482;486.791;
1.70279;463.101;
2.08416;546.189;
1.46476;480.486;
1.87553;514.917;
1.63501;511.446;
1.47818;462.339;
1.66753;483.265;
1.85233;485.903;
1.74424;475.159;
1.75477;461.445;
1.82118;484.775;
1.45712;469.26;
1.4218;460.296;
1.60691;457.121;
1.65249;448.648;
1.93426;544.471;
1.35989;444.645;
1.57089;510.13;
1.89342;538.631;
1.757;456.44;
1.83285;486.342;
1.47753;464.837;
1.70901;462.83;
1.44253;448.796;
1.81465;479.669;
1.53545;477.292;
1.67384;456.407;
1.38561;444.468;
1.67038;459.875;
1.65511;457.622;
1.4097;441.837;
1.70676;461.634;
1.66822;447.621;
1.47028;478.329;
1.74162;494.817;
2.00654;523.145;
1.6915;571.366;
1.88411;526.71;
1.46336;511.971;
1.83583;522.296;
1.45119;467;
1.70523;470.331;
2.15059;595.522;
1.41259;456.13;
1.68694;464.491;
1.66199;448.211;
1.46647;485.232;
1.70013;453.291;
1.57945;443.777;
1.37417;453.83;
1.68564;449.513;
1.57956;439.467;
1.56349;471.483;
1.34865;438.855;
1.59049;470.572;
2.2309;445.799;
1.79817;453.361;
1.90043;527.484;
1.45329;465.054;
1.43846;452.832;
1.69734;481.463;
1.83956;482.084;
1.70893;456.743;
1.71992;451.078;
1.41796;442.517;
1.70873;520.292;
2.05748;545.676;
1.38026;449.568;
1.76269;492.822;
1.66101;520.929;
1.74544;473.22;
2.02127;529.572;
1.41655;475.12;
1.30536;437.807;
2.02574;569.025;
1.6537;436.636;
1.69332;476.466;
1.89346;513.808;
1.46549;475.021;
1.57082;435.446;
1.94407;598.675;
1.57052;432.957;
1.61919;431.863;
1.91579;504.368;
1.56356;497.913;
1.47089;469.394;
1.79425;487.122;
1.61276;433.659;
1.70703;457.671;
1.46817;480.372;
1.96789;528.232;
1.63124;509.358;
1.68574;469.889;
1.80169;472.988;
1.96861;529.681;
1.76024;549.014;
1.58225;512.695;
1.93307;520.986;
1.90878;465.798;
1.86125;494.97;
1.83114;487.508;
1.43713;471.698;
1.44266;461.861;
1.71849;451.013;
1.86531;514.122;
1.86439;498.725;
1.58537;486.283;
1.89136;516.052;
1.45121;448.177;
1.65739;445.038;
1.68821;463.311;
1.57434;440.056;
1.4928;476.855;
1.47499;476.022;
1.67844;443.417;
2.28921;615.935;
1.46303;465.056;
1.8102;490.331;
1.76564;486.039;
1.65845;515.602;
1.67199;453.132;
1.39916;439.56;
1.57149;503.619;
1.63655;445.674;
1.66891;471.258;
1.98119;518.701;
1.57176;433.478;
1.7196;546.92;
1.55419;440.286;
1.71247;447.44;
1.90122;618.543;
1.61754;430.808;
2.09371;578.769;
1.68449;541.618;
1.38572;442.629;
1.69127;454.398;
1.66349;454.018;
1.61156;440.041;
2.01837;539.159;
1.61363;502.235;
1.67185;446.438;
1.79791;576.188;
1.58204;443.679;
1.84995;503.534;
1.38961;446.348;
1.45423;435.196;
2.15076;587.282;
1.60205;437.959;
1.553;433.257;
1.70841;462.287;
1.53766;462.481;
1.56261;430.722;
1.67235;519.286;
1.62849;430.698;
1.8472;502.938;
1.59707;429.803;
1.51689;481.189;
1.48804;469.192;
1.74261;470.151;
1.68161;458.526;
1.67842;449.325;
1.64603;449.271;
1.88193;600.489;
1.71663;563.178;
1.82818;502.744;
1.83986;500.336;
1.80077;499.274;
1.7554;496.233;
1.89134;575.522;
1.97876;536.17;
1.48573;475.276;
1.81697;510.189;
1.77959;479.158;
1.87337;496.907;
1.56204;494.309;
1.46767;463.599;
1.72687;465.533;
1.69441;461.906;
1.6313;460.694;
1.6841;456.622;
1.50675;503.565;
1.61207;525.82;
1.66157;455.917;
1.6027;453.393;
1.64442;447.975;
1.76488;468.525;
1.56002;504.522;
1.62587;484.106;
1.67028;450.45;
1.64429;447.387;
1.64413;444.196;
2.02654;536.284;
1.56164;491.843;
1.48273;480.963;
1.7311;466.961;
1.58035;435.351;
1.65926;442.085;
1.74897;439.49;
1.91499;619.853;
1.57444;503.022;
1.63996;446.951;
1.66366;440.213;
1.63509;434.437;
1.89887;523.723;
1.47627;470.24;
1.59917;492.459;
1.67018;459.092;
1.75715;470.929;
1.67116;457.278;
1.71965;465.184;
1.59079;512.61;
1.55823;493.714;
1.75732;491.02;
1.63103;461.39;
1.7064;471.209;
1.52578;453.043;
2.00252;520.589;
1.76726;592.185;
1.60733;449.144;
1.85702;512.914;
1.78333;463.759;
1.56819;502.806;
1.48779;447.342;
1.77622;474.654;
1.70268;449.98;
1.41746;444.242;
1.69923;445.45;
1.35058;434.048;
1.98926;523.273;
1.50779;433.534;
1.53473;475.804;
1.76764;536.048;
1.71029;458.575;
1.97787;533.718;
2.18856;614.173;
1.83899;506.704;
1.59268;509.069;
1.5591;499.258;
1.72219;467.16;
1.69356;463.127;
1.65555;454.055;
1.64008;450.466;
1.73438;559.896;
1.64214;533.97;
1.64929;465.857;
1.74649;469.936;
1.85299;506.803;
1.71218;454.226;
1.67821;545.275;
1.71883;540.406;
1.58714;445.538;
1.64115;433.259;
1.77342;457.753;
1.89114;516.998;
1.38964;432.608;
1.50919;433.028;
1.6547;431.766;
1.44822;429.571;
1.60138;431.443;
1.6543;431.705;
1.40263;429.442;
1.69678;429.203;
1.38277;428.214;
1.73086;428.216;
1.68388;428.08;
1.68725;428.078;
1.44503;428.033;
1.72641;427.919;
1.47872;427.699;
1.62458;426.748;
1.66207;427.5;
1.76724;427.679;
1.4638;426.171;
1.44946;426.06;
1.69064;426.087;
1.41091;425.373;
1.62527;425.503;
1.64808;425.579;
1.69212;425.468;
1.41325;424.847;
1.6826;423.998;
1.37535;423.958;
1.60231;423.497;
1.68985;423.622;
1.70146;423.005;
1.46128;422.802;
1.65737;422.569;
1.47851;422.257;
1.66137;422.13;
1.66504;421.15;
1.65749;420.88;
1.42167;420.802;
1.38652;420.265;
1.63762;420.279;
1.59553;419.892;
1.40272;419.449;
1.63145;419.85;
1.58877;419.571;
1.43936;419.34;
1.6876;419.255;
1.33125;416.141;
1.69552;418.024;
1.62466;415.829;
1.6189;415.656;
1.39715;415.458;
1.36056;414.632;
1.64209;415.377;
1.52915;413.69;
1.55954;412.753;
1.5857;411.666;
1.4115;411.173;
1.32626;411.101;
1.57513;410.705;
1.57029;410.535;
1.65273;410.656;
1.33046;410.398;
1.65751;410.472;
1.41691;410.173;
1.56379;409.945;
1.31501;409.476;
1.54875;409.765;
1.6466;409.538;
1.62513;409.33;
1.30915;408.488;
1.59816;408.316;
1.33712;408.265;
1.55154;408.112;
1.56141;407.42;
1.5332;407.356;
1.38574;406.75;
1.42279;406.277;
1.53918;406.461;
1.53787;405.728;
1.50882;405.662;
1.46432;404.656;
1.55017;404.902;
1.2739;404.371;
1.49289;404.442;
1.19869;404.274;
1.48235;404.362;
1.44284;403.227;
1.52441;403.182;
1.22996;402.147;
1.4402;401.588;
1.24044;401.131;
1.43637;400.776;
1.39516;400.573;
1.43788;399.76;
1.21126;399.683;
1.18549;399.259;
1.41256;399.531;
1.52371;399.251;
1.52544;398.977;
1.27262;398.665;
1.54019;398.67;
1.28123;397.667;
1.59817;397.597;
1.49226;397.021;
1.46253;396.303;
1.43057;395.771;
1.46774;394.475;
1.48662;394.365;
1.32168;393.432;
1.1976;389.771;
1.48165;392.48;
1.45696;390.254;
1.37723;388.853;
1.40344;388.735;
1.203;388.015;
1.25861;387.326;
1.40171;387.267;
1.48997;387.254;
1.47577;386.688;
1.24297;386.335;
1.36678;386.624;
1.18624;385.983;
1.42565;385.874;
1.32187;385.522;
1.45702;384.856;
1.32702;384.679;
1.38417;384.533;
1.18243;383.696;
1.17065;382.897;
1.41172;383.111;
1.36845;382.022;
1.43762;381.833;
1.169;379.21;
1.39342;381.383;
1.15087;379.077;
1.36895;378.51;
1.20142;376.463;
1.38211;378.496;
1.35079;376.301;
1.45532;377.982;
1.22987;376.257;
1.15945;375.865;
1.3757;376.005;
1.32858;375.454;
1.35085;374.698;
1.34912;374.254;
1.2139;372.474;
1.13337;372.404;
1.4359;371.121;
1.33369;371.105;
1.33043;370.15;
1.4193;368.799;
1.33029;366.729;
1.15174;366.411;
1.30981;365.188;
1.12428;363.534;
1.38426;363.542;
1.33589;363.445;
1.34496;363.309;
1.13946;361.425;
1.11432;360.702;
1.33517;361.326;
1.28354;359.633;
1.29354;359.158;
1.10436;356.247;
1.33238;359.15;
1.10455;354.865;
1.31925;353.884;
1.25364;350.725;
1.10114;345.665;
1.35231;348.919;
1.33729;343.34;
1.12625;342.908;
1.27357;342.677;
1.07167;340.146;
1.25984;341.105;
W4;O:0.91396;R:131.146
1.23079;339.226;
W0;O:0.193714;R:132.16
1.01774;326.776;
W2;O:0.560923;R:131.927
1.18813;338.901;
W1;O:0.369763;R:132.155
0.966833;326.507;
W5;O:1.09206;R:131.885
0.99334;321.301;
W3;O:0.754922;R:132.257
