1.93691;609.28;
2.00724;656.11;
1.58215;440.683;
2.24862;710.661;
2.2554;648.505;
3.11959;851.029;
1.91084;567.533;
2.08135;627.825;
1.89984;532.166;
2.69413;664.212;
2.02396;539.281;
1.91042;568.655;
2.05133;589.749;
2.04554;550.742;
2.579;696.897;
2.04842;537.661;
2.06231;522.381;
2.13555;524.044;
1.71928;495.065;
2.28451;598.231;
2.04563;609.257;
2.1862;550.171;
1.84127;491.327;
1.5787;501.047;
1.56096;485.29;
1.95397;490.634;
1.83488;482.154;
1.91303;470.195;
3.23621;813.925;
1.63964;529.516;
1.8878;601.767;
1.89843;500.164;
1.78723;485.216;
1.87248;488.968;
1.7052;537.703;
2.18277;571.208;
2.04983;664.117;
1.83932;478.707;
2.32285;577.864;
2.55757;604.001;
1.55481;469.488;
1.86225;476.562;
2.16281;663.161;
1.78741;467.152;
2.15563;568.807;
2.17606;548.714;
1.65635;518.756;
1.6858;488.376;
1.93746;494.593;
1.81396;468.329;
1.71606;488.126;
1.48545;466.559;
2.21528;572.841;
2.40939;587.731;
1.81823;463.977;
1.83215;460.992;
1.58864;479.882;
2.18678;658.887;
1.80531;479.605;
1.81179;475.424;
1.83818;454.487;
2.0301;534.548;
2.04496;597.492;
2.09735;537.065;
1.92751;518.069;
2.19976;602.758;
2.09999;524.697;
1.90653;480.552;
1.82649;538.625;
1.39738;454.374;
1.64101;455.75;
1.73918;456.496;
1.71794;454.092;
2.15162;575.821;
1.69853;458.026;
1.96643;566.058;
1.71819;450.284;
1.69611;448.149;
1.86084;492.466;
1.80794;523.922;
1.88834;581.158;
2.55611;617.573;
2.00613;508.705;
1.98836;535.766;
2.26703;596;
1.68391;539.298;
1.99659;598.819;
1.86074;488.758;
1.98972;475.072;
2.29274;607.678;
2.17946;508.658;
1.61443;530.463;
2.16129;664.46;
2.48566;643.268;
1.62044;494.978;
2.03808;511.414;
2.17694;556.517;
2.63057;661.148;
2.10806;576.525;
1.51866;501.003;
1.56535;524.75;
2.18437;638.038;
1.82051;492.355;
1.97212;485.909;
1.52031;477.463;
1.70222;601.108;
1.99348;578.542;
1.75233;471.276;
1.82238;477.057;
1.53823;466.83;
1.38361;478.15;
1.46464;472.979;
1.7592;469.584;
1.65109;461.767;
1.78297;461.894;
1.71567;461.351;
1.70763;540.296;
2.18934;632.856;
1.65057;496.432;
1.8565;523.102;
1.73177;464.33;
1.70068;460.753;
1.59557;508.143;
1.77219;455.633;
1.62299;511.476;
1.68665;450.433;
1.76059;445.882;
1.82458;449.274;
1.48008;496.4;
2.12738;690.968;
2.01334;515.681;
2.03076;492.652;
1.71258;467.981;
1.83927;475.603;
1.54366;490.603;
1.55651;489.903;
1.74784;453.522;
1.6793;444.307;
1.71893;444.58;
1.65827;441.66;
1.43323;456.737;
1.76031;572.757;
1.69293;465.019;
1.73433;443.781;
1.84086;492.02;
2.45033;639.613;
1.95692;555.44;
2.30393;709.871;
1.88575;486.284;
1.83128;465.392;
2.0631;522.281;
1.3712;440.682;
1.89966;457.321;
1.83775;524.061;
1.67692;456.969;
1.72951;446.161;
1.72823;440.299;
1.79181;545.981;
2.01061;521.386;
1.83312;560.795;
1.84762;464.456;
2.02691;515.004;
1.9795;499.03;
2.10054;638.065;
2.29968;586.185;
1.91395;603.302;
2.09065;563.38;
2.11034;553.302;
1.62815;521.153;
2.19943;589.51;
1.7642;485.015;
1.46129;483.868;
2.01237;659.97;
1.8209;464.016;
1.90376;489.684;
2.31453;597.398;
1.7464;524.799;
2.72913;742.875;
2.27871;677.308;
1.92177;545.011;
2.15843;537.828;
1.97971;521.799;
1.7536;490.753;
1.51749;480.384;
2.10654;563.172;
1.85617;488.31;
2.09732;550.922;
2.49439;657.426;
1.50513;464.043;
1.46656;453.68;
1.80424;468.102;
2.12764;561.64;
2.39448;602.112;
1.86968;596.848;
1.76617;449.571;
2.02765;593.151;
2.52435;673.417;
2.50195;612.089;
1.6074;529.615;
1.52289;465.437;
2.18228;584.498;
1.91649;517.262;
2.05456;517.333;
1.60178;489.53;
1.86878;583.389;
2.32802;594.608;
2.29436;607.968;
1.74734;473.257;
1.56951;478.053;
2.87738;788.455;
1.59392;466.186;
2.1265;575.917;
2.08258;547.169;
1.70827;510.096;
1.53992;469.049;
2.44985;616.012;
2.01333;484.663;
2.24593;549.32;
1.71867;482.078;
1.80393;537.343;
1.78472;454.821;
2.31857;560.836;
1.99162;511.795;
1.60903;500.224;
1.57562;483.455;
2.00509;506.233;
1.60939;445.082;
1.96314;443.804;
2.15877;578.934;
1.57216;494.417;
1.75474;557.178;
1.78948;471.976;
1.80545;441.926;
1.6779;440.21;
1.62545;439.086;
1.55341;477.024;
1.49973;474.547;
1.85896;456.098;
1.92638;436.003;
1.63242;433.677;
1.82864;486.479;
1.89764;576.682;
2.24313;731.448;
1.8098;471.636;
1.69988;433.654;
1.76944;469.391;
1.70861;464.073;
1.62847;547.808;
1.46893;459.238;
1.55514;432.567;
1.66995;431.815;
1.69208;431.706;
1.80611;457.647;
1.34065;430.903;
1.46601;470.944;
1.84324;466.928;
1.6071;430.861;
1.85251;452.14;
1.45857;429.982;
2.1787;522.952;
1.719;538.556;
1.89871;498.074;
1.64172;524.184;
2.04486;484.423;
2.31115;610.994;
1.82364;461.898;
1.85657;493.473;
1.50898;477.78;
1.58119;434.284;
1.63528;429.416;
1.90777;480.681;
1.60558;482.527;
1.66067;428.896;
1.45767;465.509;
1.37921;428.574;
1.77848;481.997;
1.85949;428.789;
1.86085;493.476;
1.66524;428.009;
1.66494;494.644;
1.36149;426.851;
1.5896;426.725;
1.62576;425.943;
1.65179;425.884;
1.77409;425.654;
1.29835;424.144;
1.41246;424.616;
1.55403;423.234;
1.84738;423.521;
1.7652;423.261;
1.65001;422.762;
1.31379;421.952;
1.3524;421.668;
1.6132;420.562;
1.68071;420.801;
1.59189;418.79;
1.33087;416.173;
1.38761;415.924;
1.88048;416.563;
1.40328;413.796;
1.5246;414.846;
1.35238;413.577;
1.58032;414.433;
1.71601;415.777;
1.45863;413.31;
1.35113;412.995;
1.38098;412.551;
1.54583;412.62;
1.51478;412.294;
1.64339;411.963;
1.6521;411.85;
1.44783;410.079;
1.61654;410.731;
1.52648;409.715;
1.5863;409.406;
1.46339;408.344;
1.52887;408.099;
1.24934;407.197;
1.26979;405.951;
1.51048;405.384;
1.6972;405.447;
1.53022;403.891;
1.5561;403.69;
1.39282;403.686;
1.45963;403.681;
1.49455;403.54;
1.45919;403.13;
1.55021;403.107;
1.59777;402.134;
1.34275;402.098;
1.41531;402.059;
1.31809;401.446;
1.56338;401.405;
1.59421;400.847;
1.23248;399.069;
1.66809;399.275;
1.36448;398.769;
1.53215;398.565;
1.55472;398.531;
1.48614;398.43;
1.36056;398.126;
1.27536;398.024;
1.45515;398.045;
1.53762;396.399;
1.26918;394.657;
1.49232;396.298;
1.53022;395.117;
1.37967;393.952;
1.60611;393.497;
1.33218;392.782;
1.50305;393.119;
1.42591;391.566;
1.30731;391.193;
1.57948;391.994;
1.48639;390.956;
1.41942;390.804;
1.51614;389.372;
1.24339;388.656;
1.51832;389.333;
1.51029;386.815;
1.68954;386.721;
1.22014;386.246;
1.27816;385.125;
1.46221;385.264;
1.42086;384.74;
1.53001;382.84;
1.24875;381.471;
1.45954;381.503;
1.18905;380.146;
1.41735;380.055;
1.40955;379.455;
1.51125;379.227;
1.29676;378.676;
1.28467;377.649;
1.42182;378.487;
1.3918;377.038;
1.27791;377.011;
1.45814;376.21;
1.51754;376.129;
1.46449;375.847;
1.46277;375.069;
1.12544;373.986;
1.25829;373.802;
1.32018;373.229;
1.39206;372.475;
1.19619;369.894;
1.41759;370.012;
1.20507;369.844;
1.58026;371.921;
1.36265;369.733;
1.19812;368.222;
1.17289;366.46;
1.48765;368.88;
1.35708;367.817;
1.42092;366.304;
1.47367;365.997;
1.26993;364.928;
1.21419;364.748;
1.37551;364.062;
1.3711;363.955;
1.41138;363.817;
1.12781;362.237;
1.20646;362.03;
1.50606;363.343;
1.3155;361.429;
1.35663;361.274;
1.35117;361.022;
1.1581;360.186;
1.14063;359.786;
1.38039;359.095;
1.3602;358.843;
1.29002;358.014;
1.11895;357.137;
1.44452;357.218;
1.10962;356.636;
1.2292;355.815;
1.47974;356.408;
1.08552;355.081;
1.41594;355.092;
1.30948;353.147;
1.10884;352.492;
1.28298;350.195;
1.37728;349.907;
1.18891;349.7;
1.26337;348.573;
1.21791;347.038;
1.35896;347.095;
1.08278;343.376;
1.34134;346.06;
1.33881;343.853;
1.05176;342.432;
1.3187;343.094;
1.26756;341.051;
1.08182;339.306;
1.07217;331.803;
1.26183;337.151;
1.26005;334.982;
1.21787;331.467;
1.23844;331.211;
1.0456;330.581;
1.11833;328.502;
1.20372;328.285;
1.17409;328.12;
1.26709;328.166;
1.21338;327.769;
1.07501;327.661;
1.11004;327.187;
1.34283;325.266;
1.20857;324.502;
1.2733;323.7;
1.05799;323.022;
1.24718;323.21;
1.05988;322.25;
1.10664;320.429;
1.22422;320.313;
1.3517;320.361;
1.07416;320.088;
1.33279;319.713;
1.06258;319.539;
1.20089;318.411;
1.0829;316.757;
1.13634;316.79;
1.31436;318.031;
1.05548;314.395;
1.14798;316.176;
0.973419;309.689;
1.27125;312.869;
1.00152;308.706;
1.283;309.684;
1.1878;309.049;
1.13147;307.136;
1.14743;306.873;
1.06383;306.747;
1.03701;305.54;
1.15399;304.979;
1.18457;304.868;
1.19607;304.518;
1.07154;300.875;
0.941293;300.761;
1.28325;303.305;
1.11944;297.816;
1.26839;299.164;
1.14267;296.25;
0.905994;286.848;
1.02163;290.462;
1.08594;279.595;
1.0446;271.895;
1.00973;269.832;
1.25395;276.989;
0.929469;263.75;
0.897703;261.738;
1.09971;259.472;
0.912195;253.456;
0.952678;243.417;
0.771007;239.658;
W1;O:0.155764;R:136.749
1.07036;246.706;
W2;O:0.323711;R:136.582
0.866821;242.978;
W4;O:0.698885;R:136.289
0.776636;239.491;
W3;O:0.496891;R:136.868
0.788508;237.89;
W5;O:1.03096;R:136.445
0.707489;229.799;
W0;O:0.844875;R:136.725
