0.357337;87.6382;
0.782183;294.94;
1.53117;567.319;
1.39153;479.394;
1.12934;201.589;
0.30963;96.668;
1.06441;283.594;
0.664662;185.897;
1.62799;513.398;
3.19582;1189.46;
2.06617;632.189;
1.97063;567.607;
2.07579;645.445;
1.48315;441.483;
4.68141;1508.16;
3.34626;992.132;
1.13768;420.091;
4.73147;1299.92;
1.57107;443.208;
5.9459;1869.2;
1.62579;611.166;
1.82134;588.356;
2.70708;653.19;
2.27012;668.278;
2.30878;663.885;
4.62788;1754.32;
2.58029;650.584;
3.45196;1065.44;
3.2679;776.261;
2.14672;636.944;
3.69948;1149.08;
1.89047;613.262;
3.44415;1115.09;
2.01627;608.144;
1.99638;552.84;
1.91151;548.073;
2.34277;691.324;
2.10742;662.626;
2.24578;670.926;
3.05128;896.009;
3.34229;977.933;
3.13055;659.394;
2.25204;801.003;
1.88204;531.834;
1.93261;497.976;
3.1998;532.185;
2.53268;757.784;
2.51059;666.711;
2.82201;905.926;
4.15816;1472.88;
3.16091;931.613;
2.87626;785.432;
2.78084;778.916;
2.21113;677.55;
2.29706;672.015;
2.8814;740.784;
2.26268;670.301;
1.91034;661.12;
3.97446;1223.33;
2.06614;626.549;
3.03549;828.953;
2.65383;648.961;
2.10745;625.344;
1.68899;622.755;
2.10258;592.231;
3.68513;1080.16;
2.3909;584.479;
3.96242;891.028;
3.39109;951.539;
2.83831;1016.54;
2.81611;632.071;
2.03726;646.401;
2.82538;817.247;
2.52566;704.319;
2.00215;591.295;
3.48153;1035.22;
3.03421;593.358;
2.69223;646.301;
3.16968;993.308;
2.1489;590.661;
2.68274;744.183;
3.28621;1119.96;
3.64861;822.754;
4.75506;1396.02;
3.21287;930.029;
2.30124;657.67;
2.06866;577.241;
3.95688;1077.04;
1.57928;555.078;
4.54511;1321.66;
4.07091;1205.71;
3.14421;897.749;
3.96728;1128.77;
3.34004;1108.75;
3.40474;975.612;
3.9912;1131.14;
3.84803;1162.09;
4.59259;1319.57;
3.30572;1071.98;
3.11174;1141.76;
3.73981;1046.23;
6.13818;1830.61;
3.13806;901.175;
3.99122;1129.49;
3.51373;928.663;
2.91447;889.856;
2.93143;887.807;
2.91472;861.56;
2.42292;850.678;
3.03519;852.637;
3.38648;969.021;
3.13997;814.626;
3.85945;1360.14;
4.91339;1034.76;
2.24516;733.458;
2.92424;765.516;
2.87174;794.38;
2.66722;943.687;
4.06059;833.226;
2.51744;755.662;
2.07891;725.707;
2.64294;731.132;
2.68824;722.493;
4.66603;1259.76;
1.94141;718.455;
5.35814;1393.84;
2.74018;722.439;
2.54405;716.897;
3.05944;1006.7;
2.19604;690.061;
2.98852;776.933;
4.10322;1149.27;
3.1001;678.337;
3.62416;702.525;
2.45544;881.076;
2.3277;810.616;
3.03022;818.93;
2.3328;646.873;
2.66487;672.34;
2.32329;618.248;
3.18388;624.561;
1.85741;595.615;
3.2069;1157.9;
2.28062;699.537;
2.56836;718.871;
3.69276;933.625;
2.64074;765.61;
1.81464;594.073;
2.24767;673.069;
2.15073;589.383;
3.22209;578.68;
2.24581;834.182;
4.02804;1019.63;
3.14116;874.368;
4.70098;1067.03;
4.24774;1489.16;
3.3913;1052.69;
3.76971;1125.19;
2.44953;766.741;
2.61892;761.024;
2.55917;713.321;
3.29443;1023.12;
1.95685;577.529;
1.79374;563.634;
2.3928;843.048;
1.88499;560.589;
1.8477;560.008;
1.66748;553.498;
2.60573;692.704;
2.55294;719.826;
1.82105;552.832;
1.6542;545.191;
3.39865;988.423;
2.08966;552.111;
4.25154;1229.25;
1.68651;655.856;
2.9071;906.567;
1.89317;542.671;
1.99829;621.687;
3.14737;765.071;
2.10229;537.033;
4.26963;1371.49;
2.50686;740.501;
3.70394;1398.21;
3.5317;1017.63;
1.78139;536.068;
2.07536;610.825;
2.84419;948.066;
4.60967;1266.16;
1.55963;533.562;
2.08451;534.857;
1.79149;534.193;
2.76535;534.965;
1.96514;531.833;
1.73967;530.144;
1.67466;526.259;
1.91185;528.926;
1.59824;522.189;
2.07038;526.061;
2.27318;519.588;
1.7462;519.399;
3.30839;522.969;
1.61689;517.039;
1.74492;516.716;
2.37463;518.899;
2.09756;514.384;
1.68292;511.764;
1.78903;507.656;
2.30716;508.203;
2.95011;509.139;
1.40391;499.496;
2.43809;504.27;
2.22435;500.608;
1.75793;494.384;
2.02283;493.388;
1.54818;493.184;
1.76822;489.711;
1.47796;487.575;
2.43784;489.891;
1.77987;484.253;
1.66873;482.027;
1.61008;480.959;
1.59377;465.18;
1.61245;471.708;
1.2443;464.729;
1.4853;463.661;
1.36506;461.81;
1.58593;461.932;
1.46796;459.708;
1.73262;460.931;
1.75542;459.952;
1.57586;458.557;
1.55314;455.979;
1.77545;454.95;
1.37613;454.608;
1.39576;450.916;
1.55721;452.556;
1.34407;446.605;
1.71104;450.245;
1.39153;442.282;
1.58389;438.487;
1.96687;445.222;
1.8569;436.765;
1.39685;435.584;
1.66751;436.384;
1.51146;427.28;
1.45857;427.099;
1.13123;424.028;
2.31612;429.068;
1.45236;422.208;
1.8519;425.521;
1.08376;417.074;
1.47821;422.05;
1.28982;416.789;
1.8047;417.611;
1.40421;414.161;
1.42729;413.818;
1.36759;413.755;
1.3172;411.741;
1.84147;413.35;
1.47875;407.381;
1.39709;405.912;
1.50778;406.14;
1.28213;403.046;
1.68515;405.629;
1.39059;393.781;
1.60523;394.553;
1.37721;391.793;
1.07171;389.709;
2.16761;400.775;
1.34163;384.918;
1.47119;381.82;
1.43306;379.404;
1.427;373.252;
1.99937;382.552;
1.43738;371.15;
2.19462;371.81;
1.29181;366.913;
1.28312;366.708;
1.16621;365.197;
1.37189;366.23;
1.30342;359.133;
1.30531;353.678;
1.06043;352.362;
1.57483;352.749;
1.35193;351.942;
2.43612;361.895;
1.04947;343.001;
1.38983;343.306;
1.03008;342.034;
1.34492;342.761;
1.0927;341.048;
1.76401;350.774;
1.10257;340.462;
1.35788;339.448;
1.28228;339.225;
1.31822;339.228;
1.231;337.809;
1.80708;338.517;
1.41529;336.709;
1.01874;332.925;
1.22103;336.251;
1.20514;335.07;
1.25229;331.725;
0.92304;329.815;
1.133;330.11;
1.04514;327.611;
1.31218;328.745;
1.24418;327.014;
1.05463;322.964;
1.58573;326.183;
1.22457;323.04;
0.884137;321.324;
1.01183;315.164;
1.10701;313.976;
1.07334;312.047;
1.00344;312.034;
1.64859;315.68;
1.06491;309.688;
1.02718;308.517;
0.999182;308.141;
1.08183;306.483;
1.041;305.675;
1.64623;307.384;
1.30871;305.24;
1.9371;307.886;
0.817679;300.205;
1.12088;303.059;
0.965822;299.678;
1.13318;299.569;
0.906221;288.508;
1.06911;291.6;
1.11609;293.322;
1.04134;290.137;
1.27203;298.753;
1.03061;287.256;
0.836098;285.944;
0.859464;282.285;
0.906703;280.803;
1.03206;285.733;
1.40537;283.998;
0.913955;279.713;
0.745209;277.553;
0.885983;278.136;
1.06089;278.455;
1.25197;279.838;
1.13808;277.316;
0.882404;276.502;
0.922789;273.553;
0.828319;270.881;
1.09758;274.13;
1.02562;269.606;
0.884038;267.016;
0.733417;266.059;
1.10332;267.932;
1.11092;266.06;
1.36445;266.243;
1.27809;265.519;
0.779332;261.484;
0.836504;260.729;
1.15797;263.679;
0.804806;250.495;
1.0913;254.344;
0.826787;249.082;
0.781444;248.544;
1.67025;259.788;
1.48621;251.621;
0.641174;243.963;
0.759462;244.922;
0.902666;245.838;
1.09864;247.834;
1.01102;241.397;
0.652044;239.94;
1.2315;240.898;
0.96222;239.733;
1.23887;239.89;
0.772579;236.769;
0.945677;237.026;
1.28357;238.74;
0.762745;235.115;
0.696845;231.308;
0.644356;230.371;
1.16112;235.575;
0.758969;230.624;
0.759102;229.309;
1.34865;234.805;
0.665675;229.197;
0.820901;224.461;
1.04861;228.566;
1.16;226.175;
0.671688;219.334;
1.0684;222.236;
1.11793;222.724;
0.614732;213.604;
0.812578;218.667;
0.740686;211.922;
0.763003;211.292;
0.655827;210.462;
0.759542;211.079;
0.693924;209.72;
0.692321;209.051;
0.716929;208.85;
0.593694;208.817;
0.61559;206.012;
0.714785;208.345;
0.958401;208.503;
0.760325;205.975;
0.624635;200.767;
0.686894;205.581;
0.82833;200.181;
0.605986;195.83;
0.632579;194.113;
0.673841;194.726;
0.988514;197.814;
1.17549;199.343;
0.627009;193.317;
0.495672;190.388;
0.582789;190.917;
0.84144;192.711;
0.625712;188.873;
0.751393;185.906;
0.554983;184.748;
0.60772;181.887;
0.603553;180.063;
0.979218;182.411;
0.487651;174.949;
0.608092;176.975;
0.586621;174.885;
1.1457;180.242;
0.513108;174.444;
0.682524;174.446;
0.651861;172.46;
0.757909;174.389;
0.563642;171.882;
0.576933;169.24;
0.958071;171.62;
0.789136;170.698;
0.6437;167.92;
0.651125;166.942;
1.09715;168.76;
0.621776;163.373;
0.748952;166.163;
0.629658;162.967;
0.831968;164.184;
0.770007;162.1;
0.510979;159.392;
0.561933;156.285;
0.526371;151.571;
0.49295;150.472;
0.399755;149.501;
0.729337;151.742;
0.88482;157.03;
0.559329;146.728;
0.5086;141.154;
0.534753;140.033;
0.469915;129.272;
0.771559;138.691;
0.838214;142.969;
0.954806;145.721;
0.409794;126.622;
0.444823;125.52;
0.429532;124.789;
0.393798;122.656;
0.42347;119.63;
0.379617;119.329;
0.495501;119.295;
0.336233;116.486;
0.786468;122.054;
0.423302;116.441;
0.36592;111.719;
0.439376;114.258;
0.393745;110.486;
0.376667;108.514;
0.349917;107.032;
0.357862;106.067;
0.409514;104.259;
0.443645;103.084;
0.302318;95.7101;
0.320385;95.6605;
0.382705;92.1609;
0.244154;80.4677;
0.265371;78.0875;
0.66811;100.352;
0.505469;91.3177;
0.46316;85.7656;
0.286327;77.5709;
0.254869;76.7426;
0.206232;67.9819;
0.255433;71.0802;
0.267286;68.3525;
0.218157;56.3457;
0.161793;53.5612;
0.295335;58.0249;
0.379113;59.4045;
0.135392;45.7704;
W2;O:0.658226;R:144.896
0.131722;45.2023;
W0;O:0.531074;R:145.031
0.133355;37.693;
W5;O:1.01128;R:144.581
0.324173;51.5329;
W4;O:0.913884;R:144.708
0.136662;32.162;
W3;O:0.304866;R:145.317
0.328806;51.5205;
W1;O:0.219659;R:145.419
