0.360538;86.4151;
0.408332;163.845;
0.77901;153.379;
1.28951;416.493;
0.676427;160.94;
1.41024;429.999;
0.821964;251.04;
2.35775;734.142;
1.83765;489.005;
2.21436;672.934;
3.65251;590.48;
1.3765;491.913;
1.0438;209.231;
2.07834;527.915;
4.25401;1296.77;
1.37386;426.635;
1.49031;443.884;
5.31404;1104.1;
3.06516;451.886;
5.05166;1285.43;
4.09814;1078.59;
1.76619;581.109;
2.96069;920.882;
2.99639;913.962;
1.88333;575.132;
2.63314;584.969;
2.86643;891.05;
3.70784;608.846;
3.80668;564.788;
3.87986;1047.55;
3.63334;1079.92;
2.24009;770.897;
4.89831;825.512;
1.82056;606.005;
3.29088;1004.02;
2.72976;827.162;
3.29788;768.873;
3.61373;1073.68;
1.96633;617.302;
2.99921;704.155;
2.51618;706.909;
2.50043;602.518;
3.30705;853.856;
3.84157;1201.28;
2.80601;870.741;
2.89542;656.981;
4.36287;1041;
4.30206;1276.15;
2.67787;792.897;
3.41598;1037.93;
2.69041;564.157;
3.05022;955.643;
3.5911;562.508;
3.24746;923.71;
3.82066;1302.99;
2.92845;889.012;
3.58129;990.018;
4.75186;1387.55;
3.47996;1079.89;
2.78766;1041.45;
3.44952;930.686;
3.27392;919.182;
3.33202;838.028;
4.45462;1040.61;
2.86594;928.901;
3.85002;1157.24;
2.60822;805.032;
2.78846;731.734;
3.00999;730.019;
2.127;729.642;
3.17006;1083.91;
5.44284;1243.06;
2.39567;710.376;
5.8338;1381.19;
3.226;682.169;
3.0575;682.119;
4.27705;1224.88;
5.40758;1226.35;
4.67865;1218.47;
3.62653;1085.34;
2.92612;886.06;
2.94879;753.666;
2.82619;878.46;
2.68633;757.956;
4.02643;664.649;
2.30716;663.347;
2.47544;659.441;
3.25771;935.009;
2.21951;657.81;
2.65849;836.562;
2.13636;639.577;
5.2572;1101.43;
2.28156;619.214;
3.73883;643.516;
1.88832;604.486;
3.37004;1189.44;
2.85383;607.6;
5.38286;1578.49;
3.79858;968.878;
5.22755;1442.32;
2.72992;894.039;
2.11288;596.182;
2.74417;880.482;
3.31893;782.79;
4.04285;595.85;
2.15507;770.344;
2.52092;644.777;
2.60072;747.376;
3.3258;945.965;
1.9028;670.193;
2.47029;683.088;
2.20248;642.402;
1.58107;589.708;
3.06488;616.509;
4.79421;1319.98;
3.24176;1094.05;
2.7595;786.183;
1.96773;583.029;
1.92602;567.964;
1.98143;567.862;
2.99802;803.668;
3.6911;1230.33;
1.83946;561.715;
1.80033;558.367;
1.74957;549.029;
1.97456;553.188;
2.07663;764.658;
1.99592;608.368;
1.86132;545.932;
2.29392;657.939;
3.36824;1149.72;
2.10115;637.004;
3.17417;993.434;
2.36993;642.263;
3.43554;1277.24;
3.12502;964.623;
5.45497;1430.51;
1.97314;717.981;
1.92431;600.788;
2.95609;652.582;
3.74731;913.363;
5.11107;908.954;
3.87874;890.441;
1.83407;555.441;
2.21722;611.004;
3.1967;1042.28;
1.93091;544.958;
2.93178;544.063;
3.491;542.332;
3.54041;1252.47;
3.70727;1144.33;
4.91163;1093.35;
2.50109;694.904;
4.87103;1273.07;
2.08706;671.517;
2.26244;679.869;
1.66733;541.902;
1.89224;582.331;
2.72587;820.112;
2.38507;540.672;
2.56837;716.19;
2.29651;535.718;
3.12252;539.573;
3.99991;1016.7;
2.15588;757.187;
2.70152;783.152;
2.73284;761.534;
2.52468;760.083;
2.52624;742.82;
4.64827;1264.43;
2.55462;692.656;
2.19348;658.727;
1.73908;617.387;
3.76821;1118.88;
3.24913;718.469;
2.06134;574.805;
2.48881;614.618;
3.03564;915.533;
2.92532;870.198;
1.77466;531.622;
1.50669;530.434;
1.87009;531.601;
1.6192;519.959;
2.09532;528.276;
2.26525;508.768;
2.05037;506.291;
1.45991;500.231;
3.52191;523.619;
1.71711;499.942;
2.44447;503.276;
1.64442;499.351;
1.789;495.722;
1.60911;484.921;
1.66807;489.439;
1.7531;482.716;
2.8264;489.896;
2.15426;482.669;
1.70765;470.366;
1.70863;468.737;
1.34845;466.205;
2.72726;478.951;
2.45309;472.512;
1.68584;464.799;
1.5124;464.212;
1.40306;455.578;
1.32952;455.509;
1.9397;463.748;
1.65023;453.098;
2.01796;453.699;
1.41583;450.911;
1.67763;447.291;
1.57433;445.725;
2.57485;448.612;
3.07488;452.964;
1.90677;446.016;
2.11484;444.918;
1.72222;443.684;
1.19197;432.823;
1.34044;441.387;
2.16984;441.989;
1.94698;439.076;
1.26359;428.69;
1.50042;429.213;
1.3792;424.342;
1.45491;423.306;
1.45602;422.787;
2.71929;431.159;
1.27174;418.747;
1.38604;414.594;
1.40914;411.285;
1.40386;406.202;
1.72028;406.537;
1.99594;404.538;
1.44072;399.913;
2.07432;400.273;
1.4059;399.113;
2.71455;401.841;
1.37404;396.802;
1.17691;387.578;
1.95572;388.273;
1.36316;384.106;
2.65099;396.031;
1.08059;382.748;
2.61809;387.898;
2.29086;384.107;
1.80989;382.934;
1.55763;381.718;
1.4076;379.195;
1.238;377.464;
1.33442;378.193;
2.15477;378.389;
1.30042;370.689;
1.38911;371.635;
1.917;375.036;
1.41892;368.924;
1.2077;366.392;
2.47645;367.871;
1.43582;360.769;
1.85883;363.165;
1.22631;358.966;
1.05779;357.601;
2.42787;360.855;
1.06725;356.68;
1.33124;350.879;
1.00059;349.613;
1.63703;357.057;
1.69749;355.638;
1.16587;348.903;
1.2698;348.547;
1.17092;347.175;
1.21845;345.267;
1.30182;345.232;
1.17594;344.615;
1.11574;342.977;
1.66702;343.296;
0.942551;339.204;
1.30593;341.257;
1.37409;338.118;
1.60714;338.373;
1.0721;338.003;
1.39486;333.987;
1.39059;332.918;
1.33644;327.064;
1.22967;323.63;
1.19709;321.579;
0.912535;321.381;
1.67332;325.384;
1.23138;321.505;
1.44743;320.256;
0.976708;313.542;
1.35881;313.864;
1.35838;312.071;
1.33059;309.071;
0.869249;308.561;
1.0135;308.805;
0.884443;306.643;
2.09212;308.981;
1.03376;306.28;
0.850573;303.988;
1.59328;306.865;
1.05253;301.414;
0.876077;298.553;
1.02921;293.362;
1.16393;292.319;
1.645;297.649;
1.21737;291.78;
1.69524;292.46;
1.23196;291.662;
1.01815;287.758;
1.0507;287.528;
1.06727;287.397;
1.0185;285.645;
1.96346;291.055;
0.985886;282.192;
1.62635;283.548;
0.920051;274.201;
1.05758;277.884;
0.954431;269.37;
1.02151;269.301;
0.789038;262.424;
0.873508;262.701;
0.735701;259.484;
0.769625;251.12;
1.74027;261.796;
1.75746;262.37;
1.35972;251.987;
1.72034;255.678;
1.40238;252.4;
0.799485;250.107;
0.825054;249.772;
0.825672;247.04;
0.843828;244.095;
0.911445;241.518;
1.20698;244.166;
0.798037;240.321;
0.888061;238.989;
1.6642;244.713;
0.932576;237.668;
0.686313;236.66;
0.803924;236.511;
0.943321;236.524;
0.664436;233.406;
0.845931;233.921;
0.686936;233.303;
0.771698;232.802;
1.57555;234.354;
0.753218;231.237;
0.797741;228.592;
0.775748;226.985;
1.55231;232.232;
0.908753;226.713;
0.691443;226.186;
0.616035;224.441;
1.53496;229.487;
0.76623;222.915;
0.65851;220.843;
0.801141;222.635;
0.708944;220.83;
1.16943;222.752;
0.739232;216.857;
0.606691;216.73;
1.2621;217.524;
0.704646;216.194;
1.02649;216.573;
1.01424;216.319;
0.890589;215.72;
1.11368;213.924;
1.21877;210.291;
0.921156;208.345;
0.850569;206.896;
1.01173;208.447;
1.01867;206.499;
0.798219;204.874;
0.67709;197.745;
0.665022;194.328;
0.702319;195.049;
0.766563;191.926;
0.662321;189.689;
0.672336;185.566;
0.641949;184.522;
0.771143;184.732;
1.12543;189.892;
1.04907;186.076;
0.619649;183.126;
0.616744;183.074;
0.637061;181.664;
0.497351;179.336;
1.03211;183.143;
0.91234;181.061;
0.579507;178.375;
0.627558;178.891;
0.524874;175.625;
0.493;175.332;
0.638482;174.875;
1.16876;179.153;
0.532151;170.406;
0.55005;165.235;
0.835017;174.529;
0.54869;162.806;
0.609123;161.491;
0.557487;161.393;
1.15126;171.532;
0.660829;160.939;
0.558768;159.245;
0.555137;156.545;
0.633495;157.411;
0.610621;156.392;
1.08799;160.131;
0.798723;155.038;
0.507648;152.26;
0.460121;152.115;
0.591619;151.1;
0.556534;150.324;
0.454701;147.85;
0.488408;146.679;
0.567842;146.806;
0.540986;145.752;
0.995273;149.545;
0.5145;145.521;
0.726517;145.803;
0.492954;143.647;
0.504196;143.748;
0.545881;137.866;
0.443316;134.88;
0.70409;138.327;
0.56242;135.438;
0.799124;136.068;
0.777489;134.237;
0.442414;132.306;
0.485978;129.902;
0.693205;131.409;
0.548441;128.882;
0.468952;125.91;
0.890054;131.568;
0.424932;122.039;
0.40695;121.415;
0.361905;120.36;
0.806678;122.551;
0.427724;119.226;
0.388679;119.126;
0.326562;118.3;
0.439486;118.334;
0.425292;117.413;
0.368766;117.111;
0.789403;118.345;
0.322294;116.865;
0.572644;117.079;
0.379831;115.711;
0.363951;114.779;
0.452239;113.57;
0.415148;111.248;
0.761631;115.555;
0.654516;113.425;
0.424134;107.637;
0.643384;108.606;
0.749649;109.301;
0.501291;105.005;
0.332453;103.595;
0.320949;97.7764;
0.58667;104.659;
0.427658;99.1231;
0.271256;95.649;
0.429233;97.3799;
0.30556;95.1577;
0.27936;82.5371;
0.6651;97.2259;
0.360314;82.2845;
0.272707;82.2465;
0.586151;93.4745;
0.600481;89.2021;
0.261229;78.1422;
0.466905;82.1092;
0.376072;78.4874;
0.537029;82.0562;
0.361268;76.2704;
0.202953;71.4189;
0.513238;77.6932;
0.271701;70.5938;
0.421045;74.4994;
0.226018;69.6079;
0.376819;68.2866;
0.205883;63.9826;
0.465615;70.3248;
0.23708;63.8375;
0.460946;68.2689;
0.428719;64.8527;
0.175061;62.5445;
0.179247;56.0914;
0.187746;54.4799;
0.235311;53.7408;
0.177257;50.0368;
0.168985;43.1313;
0.252243;44.2801;
0.356502;52.9969;
0.18522;38.1352;
W2;O:1.17506;R:143.645
0.274542;41.3636;
W5;O:1.01825;R:143.821
0.202162;37.6023;
W0;O:0.714005;R:144.168
0.201355;36.8;
W4;O:0.827534;R:144.064
0.129524;35.7108;
W3;O:1.09349;R:143.798
0.164436;31.702;
W1;O:1.02553;R:143.944
