3.45962;559.868;
4.09755;694.744;
4.1711;651.692;
3.86021;560.072;
3.96429;572.218;
3.0805;465.098;
4.81486;693.888;
4.36813;640.237;
4.17283;672.79;
4.51594;617.248;
3.86541;571.825;
4.61357;656.774;
4.66437;810.399;
5.55376;809.254;
5.74161;831.917;
5.59068;807.651;
4.18778;607.933;
4.27463;609.823;
3.44186;568.5;
5.47917;783.04;
3.75567;531.547;
3.63037;515.189;
4.55678;674.426;
3.88639;565.075;
5.01329;725.871;
4.03751;711.49;
3.10818;443.795;
5.313;737.008;
4.53698;655.408;
4.59891;669.727;
4.4876;633.27;
3.98638;699.008;
3.44802;509.946;
4.94335;683.296;
6.16778;882.713;
3.50561;610.185;
5.2223;760.4;
5.33666;731.569;
7.03875;1033.49;
5.26175;772.38;
5.04015;714.506;
5.45342;779.194;
4.78373;816.04;
4.63283;645.997;
4.57913;677.554;
3.58177;525.061;
4.58666;669.605;
5.52862;778.34;
3.9295;555.394;
4.65081;809.812;
4.70003;676.572;
6.26975;895.431;
4.46826;653.765;
5.09831;767.351;
4.75589;678.657;
3.51204;593.179;
4.80986;708.324;
3.86049;541.617;
4.11636;612.068;
3.59208;530.096;
5.5132;824.406;
4.54673;786.151;
4.47257;654.791;
6.64688;988.294;
4.82676;710.161;
4.92253;713.225;
3.7684;631.589;
3.9665;572.908;
5.54708;799.721;
4.47691;629.506;
5.07523;703.569;
5.72672;813.336;
5.66547;785.333;
4.29004;735.528;
4.01752;571.445;
4.96076;695.752;
4.72411;661.89;
3.97395;566.166;
5.26395;748.867;
3.403;541.086;
3.63009;501.516;
5.19922;832.793;
4.69346;662.226;
4.96388;721.575;
2.66014;429.167;
4.0695;582.357;
3.58447;521.061;
4.70357;705.987;
3.74583;520.746;
6.54888;945.441;
4.00196;581.956;
5.06282;876.481;
5.00141;720.9;
5.11165;719.413;
5.0972;729.455;
4.22369;603.697;
5.79006;808.569;
3.79747;632.969;
3.93393;582.661;
5.70918;835.992;
3.3448;483.075;
4.49337;634.734;
5.99405;805.914;
3.61972;621.889;
5.91345;849.731;
3.06666;447.86;
4.77494;704.347;
4.66097;680.607;
3.72261;530.384;
5.32098;772.207;
4.3106;740.767;
3.32329;492.859;
4.52182;621.655;
3.20027;462.219;
5.53577;820.903;
5.10366;756.871;
3.64785;612.522;
4.73568;667.6;
5.42826;784.05;
4.39836;632.929;
3.77469;543.21;
4.17738;623.31;
4.78989;683.592;
4.43372;766.753;
4.63427;653.725;
3.94904;575.286;
4.79623;677.602;
3.93251;567.158;
5.58576;794.994;
4.68758;652.354;
3.97236;558.359;
4.39849;751.527;
3.76619;553.704;
5.20695;761.52;
3.83127;540.626;
5.85429;827.074;
3.97009;676.299;
5.27102;743.198;
5.99944;847.83;
5.74925;805.234;
3.75614;615.424;
4.26443;591.176;
4.06454;589.774;
5.12521;746.094;
5.18062;721.55;
5.35956;756.794;
3.64376;646.961;
3.20783;471.65;
4.73916;683.849;
4.99638;714.136;
5.4675;763.1;
3.42185;503.287;
2.81704;437.456;
5.65942;751.45;
2.94968;433.008;
5.12651;739.685;
4.67162;682.148;
5.46065;768.151;
3.3806;561.695;
4.43271;615.508;
3.71131;535.53;
3.07641;440.218;
4.09012;568.411;
3.69085;523.974;
3.95124;677.485;
4.03012;580.912;
5.51887;779.528;
4.37284;627.571;
3.69513;647.571;
5.31057;791.336;
4.32117;611.975;
6.02106;867.806;
5.75553;839.236;
4.37943;628.711;
4.77261;653.219;
3.19497;543.691;
3.58658;514.558;
3.63008;538.115;
4.27685;617.869;
3.87216;572.132;
3.97057;684.063;
6.06562;871.565;
3.4753;498.104;
5.85308;855.804;
4.57401;640.939;
3.32551;469.329;
5.56095;782.484;
3.4477;582.579;
4.55315;631.406;
4.31417;610.926;
5.26862;725.6;
3.96573;567.106;
3.7575;525.09;
4.15432;695.612;
5.16891;745.755;
3.63382;504.936;
3.70058;523.132;
4.45779;653.686;
4.64592;669.355;
3.57569;635.189;
3.73285;534.593;
4.94825;701.746;
6.47694;928.978;
4.24843;626.56;
4.7463;689.456;
3.38128;549.944;
3.43964;484.417;
4.37812;632.76;
4.47022;651.884;
5.42541;768.528;
4.13353;588.246;
4.22513;615.816;
4.1062;688.895;
4.59965;618.446;
3.26954;472.579;
3.66728;516.761;
5.18439;705.215;
3.87109;545.497;
4.09671;681.626;
5.01003;758.061;
5.52798;762.896;
4.61691;636.059;
4.43337;629.279;
4.64953;669.453;
5.43898;765.339;
4.05069;683.904;
5.95295;850.74;
4.28433;601.178;
3.40925;485.249;
2.19304;367.839;
4.63941;660.595;
6.46731;916.562;
5.29312;727.601;
3.84951;542.193;
3.58816;510.215;
3.49934;605.759;
5.29616;773.582;
4.66217;697.32;
3.59913;611.998;
4.0338;581.862;
4.82453;679.948;
5.69485;735.347;
4.54266;667.818;
5.28891;721.155;
3.26398;463.466;
3.51998;478.038;
4.59495;785.971;
4.97562;720.677;
5.05716;735.842;
5.77166;806.006;
6.46441;941.803;
4.04304;585.689;
4.9556;847.371;
4.77681;696.276;
5.41867;747.892;
3.99292;571.494;
4.05879;598.3;
4.63456;663.222;
4.98569;673.414;
3.42009;576.19;
3.94136;549.931;
4.4657;629.622;
5.22724;747.583;
4.17228;623.049;
4.67054;664.788;
3.58848;607.429;
5.45983;757.828;
4.25716;609.544;
3.87678;555.378;
3.79442;559.307;
4.1378;703.899;
5.18039;751.124;
6.18087;890.219;
4.52953;625.558;
4.07671;598.585;
5.52262;781.004;
3.44017;582.38;
3.68951;542.761;
2.90933;417.245;
5.12131;733.453;
4.81684;676.605;
5.11705;749.625;
3.82633;539.535;
4.15016;693.637;
4.19427;613.791;
4.73287;689.297;
4.88106;671.852;
4.91245;697.509;
5.07764;762.987;
4.56406;649.728;
4.47319;782.467;
3.43985;488.574;
5.00828;734.018;
5.32473;751.975;
3.12971;459.507;
3.7916;563.936;
5.01328;733.181;
4.12199;694.733;
3.51955;533.053;
4.58931;688.053;
