1.16615;450.186;
1.20942;450.186;
1.43809;450.186;
1.3898;450.186;
1.22268;450.186;
1.52864;450.186;
1.44661;450.186;
1.23299;450.186;
1.27834;450.186;
1.53149;450.186;
1.44808;450.186;
1.33349;450.186;
1.52992;450.186;
1.24574;450.186;
1.43796;450.186;
1.4317;450.186;
1.52878;450.186;
1.39219;450.186;
1.52972;450.186;
1.43786;450.186;
1.22084;450.186;
1.24519;450.186;
1.52832;450.186;
1.44524;450.186;
1.44624;450.186;
1.52843;450.186;
1.22125;450.186;
1.2272;450.186;
1.52833;450.186;
1.44728;450.186;
1.32086;450.186;
1.52933;450.186;
1.254;450.186;
1.43909;450.186;
1.23606;450.186;
1.48721;450.186;
1.52989;450.186;
1.22721;450.186;
1.53254;450.186;
1.45705;450.186;
1.22259;450.186;
1.44489;450.186;
1.55356;450.186;
1.24606;450.186;
1.53964;450.186;
1.44482;450.186;
1.23842;450.186;
1.23065;450.186;
1.44541;450.186;
1.5283;450.186;
1.52855;450.186;
1.4446;450.186;
1.22305;450.186;
1.23238;450.186;
1.44513;450.186;
1.5285;450.186;
1.2321;450.186;
1.44484;450.186;
1.52946;450.186;
1.23098;450.186;
1.44482;450.186;
1.21736;450.186;
1.52834;450.186;
1.44465;450.186;
1.22624;450.186;
1.52847;450.186;
1.44467;450.186;
1.22127;450.186;
1.52819;450.186;
1.22413;450.186;
1.4446;450.186;
1.52832;450.186;
1.2285;450.186;
1.44534;450.186;
1.23696;450.186;
1.5185;450.186;
1.4449;450.186;
1.52936;450.186;
1.2325;450.186;
1.44501;450.186;
1.31137;450.186;
1.32815;450.186;
1.44481;450.186;
1.2271;450.186;
1.44972;450.186;
1.44471;450.186;
1.44472;450.186;
1.21889;450.186;
1.22641;450.186;
1.44466;450.186;
1.44571;450.186;
1.22459;450.186;
1.44521;450.186;
1.44548;450.186;
1.22534;450.186;
1.44481;450.186;
1.44526;450.186;
1.23072;450.186;
1.44573;450.186;
1.44653;450.186;
1.2418;450.186;
1.4452;450.186;
1.22233;450.186;
1.44525;450.186;
1.22373;450.186;
1.44494;450.186;
1.44488;450.186;
1.44482;450.186;
1.22188;450.186;
1.44489;450.186;
1.22542;450.186;
1.44477;450.186;
1.44488;450.186;
1.21812;450.186;
1.44478;450.186;
1.22848;450.186;
1.44494;450.186;
1.49008;450.186;
1.45841;450.186;
1.2553;450.186;
1.44691;450.186;
1.30234;450.186;
1.39983;450.186;
1.44488;450.186;
1.23109;450.186;
1.44803;450.186;
1.22232;450.186;
1.44497;450.186;
1.44501;450.186;
1.21725;450.186;
1.44478;450.186;
1.44486;450.186;
1.2268;450.186;
1.44473;450.186;
1.44587;450.186;
1.22332;450.186;
1.44486;450.186;
1.33736;450.186;
1.35794;450.186;
1.41026;450.186;
1.24705;450.186;
1.47355;450.186;
1.37059;450.186;
1.38228;450.186;
1.42477;450.186;
1.23118;450.186;
1.44694;450.186;
1.44773;450.186;
1.22652;450.186;
1.4464;450.186;
1.22176;450.186;
1.44477;450.186;
1.44482;450.186;
1.44489;450.186;
1.21746;450.186;
1.21817;450.186;
1.44506;450.186;
1.44509;450.186;
1.22963;450.186;
1.44479;450.186;
1.4449;450.186;
1.22516;450.186;
1.44516;450.186;
1.4457;450.186;
1.23297;450.186;
1.4453;450.186;
1.44563;450.186;
1.2318;450.186;
1.44576;450.186;
1.44499;450.186;
1.23006;450.186;
1.22249;450.186;
1.44472;450.186;
1.44483;450.186;
1.4448;450.186;
1.22306;450.186;
1.4448;450.186;
1.22224;450.186;
1.44476;450.186;
1.44494;450.186;
1.22482;450.186;
1.44493;450.186;
1.44475;450.186;
1.22172;450.186;
1.44272;450.186;
1.44512;450.186;
1.24073;450.186;
1.45078;450.186;
1.2355;450.186;
1.4513;450.186;
1.2251;450.186;
1.44502;450.186;
1.47231;450.186;
1.22108;450.186;
1.44513;450.186;
1.45029;450.186;
1.22462;450.186;
1.44481;450.186;
1.44496;450.186;
1.22343;450.186;
1.4449;450.186;
1.44483;450.186;
1.22082;450.186;
1.44584;450.186;
1.40943;450.186;
1.29725;450.186;
1.44882;450.186;
1.39138;450.186;
1.45939;450.186;
1.2541;450.186;
1.2457;450.186;
1.44962;450.186;
1.48198;450.186;
1.46583;450.186;
1.4486;450.186;
1.22119;450.186;
1.2239;450.186;
1.44819;450.186;
1.448;450.186;
1.45141;450.186;
1.22595;450.186;
1.23442;450.186;
1.45319;450.186;
1.45696;450.186;
1.45895;450.186;
1.22638;450.186;
1.23473;450.186;
1.45809;450.186;
1.46151;450.186;
1.46594;450.186;
1.27027;450.186;
1.36624;450.186;
1.46149;450.186;
1.51764;450.186;
1.50798;450.186;
1.53219;450.186;
1.30991;450.186;
1.31793;450.186;
1.64218;450.186;
1.64078;450.186;
1.55038;450.186;
1.31043;450.186;
1.30402;450.186;
1.55002;450.186;
1.63666;450.186;
1.63797;450.186;
1.54959;450.186;
1.32782;450.186;
1.31864;450.186;
1.55646;450.186;
1.65384;450.186;
1.33029;450.186;
1.56297;450.186;
1.33334;450.186;
1.65427;450.186;
1.55854;450.186;
1.3077;450.186;
1.30558;450.186;
1.63168;450.186;
1.54208;450.186;
1.6297;450.186;
1.53793;450.186;
1.31139;450.186;
1.30325;450.186;
1.63057;450.186;
1.54213;450.186;
1.6307;450.186;
1.54453;450.186;
1.32195;450.186;
1.37391;450.186;
1.51018;450.186;
1.56629;450.186;
1.38591;450.186;
1.56292;450.186;
1.47592;450.186;
1.57132;450.186;
1.30129;450.186;
1.45328;450.186;
1.54197;450.186;
1.53928;450.186;
1.30482;450.186;
1.54146;450.186;
1.31007;450.186;
1.54246;450.186;
1.53831;450.186;
1.29889;450.186;
1.54603;450.186;
1.55169;450.186;
1.41889;450.186;
1.40914;450.186;
1.56088;450.186;
1.3493;450.186;
1.53003;450.186;
1.56282;450.186;
1.3314;450.186;
1.55676;450.186;
1.31507;450.186;
1.54855;450.186;
1.53992;450.186;
1.30016;450.186;
1.53542;450.186;
1.53483;450.186;
1.29499;450.186;
1.53871;450.186;
1.53875;450.186;
1.30207;450.186;
1.54155;450.186;
1.30754;450.186;
1.54244;450.186;
1.54583;450.186;
1.33288;450.186;
1.5573;450.186;
1.33431;450.186;
1.57556;450.186;
1.56683;450.186;
1.54742;450.186;
1.30782;450.186;
1.28957;450.186;
1.5349;450.186;
1.53776;450.186;
1.53651;450.186;
1.30444;450.186;
1.53559;450.186;
1.302;450.186;
1.53763;450.186;
1.53368;450.186;
1.53454;450.186;
1.30866;450.186;
1.31151;450.186;
1.5453;450.186;
1.55397;450.186;
1.56066;450.186;
1.32904;450.186;
1.56218;450.186;
1.33543;450.186;
1.55966;450.186;
1.5611;450.186;
1.37344;450.186;
1.55292;450.186;
1.55168;450.186;
1.35165;450.186;
1.54502;450.186;
1.53671;450.186;
1.29922;450.186;
1.30285;450.186;
1.53997;450.186;
1.53856;450.186;
1.53979;450.186;
1.30701;450.186;
1.54758;450.186;
1.31048;450.186;
1.57459;450.186;
1.56094;450.186;
1.56546;450.186;
1.45508;450.186;
1.527;450.186;
1.45055;450.186;
1.41235;450.186;
1.52471;450.186;
1.52192;450.186;
1.60332;450.186;
1.29616;450.186;
1.53347;450.186;
1.29829;450.186;
1.6245;450.186;
1.53445;450.186;
1.29129;450.186;
1.62396;450.186;
1.3072;450.186;
1.53982;450.186;
1.63773;450.186;
1.33222;450.186;
1.55646;450.186;
1.33139;450.186;
1.64974;450.186;
1.55829;450.186;
1.31939;450.186;
1.63839;450.186;
1.308;450.186;
1.54185;450.186;
1.53473;450.186;
1.62358;450.186;
1.29325;450.186;
1.30322;450.186;
1.62369;450.186;
1.53539;450.186;
1.5349;450.186;
1.62315;450.186;
1.29544;450.186;
1.30106;450.186;
1.63977;450.186;
1.54413;450.186;
1.33204;450.186;
1.5544;450.186;
1.67305;450.186;
1.34188;450.186;
1.54803;450.186;
1.65897;450.186;
1.29968;450.186;
1.53698;450.186;
1.2982;450.186;
1.6655;450.186;
1.30012;450.186;
1.53696;450.186;
1.63668;450.186;
1.30351;450.186;
1.54093;450.186;
1.61936;450.186;
1.3033;450.186;
1.57131;450.186;
1.31819;450.186;
1.63171;450.186;
1.55641;450.186;
1.64449;450.186;
1.32242;450.186;
1.33069;450.186;
1.5516;450.186;
1.63683;450.186;
1.54348;450.186;
1.29961;450.186;
1.62536;450.186;
1.3054;450.186;
1.53044;450.186;
1.62175;450.186;
1.53555;450.186;
1.29732;450.186;
1.30439;450.186;
1.62405;450.186;
1.53678;450.186;
1.30496;450.186;
1.59437;450.186;
1.54159;450.186;
1.32848;450.186;
1.61372;450.186;
1.56229;450.186;
1.36393;450.186;
1.51397;450.186;
1.32618;450.186;
1.55426;450.186;
1.53956;450.186;
1.30491;450.186;
1.53852;450.186;
1.3058;450.186;
1.53938;450.186;
1.53918;450.186;
1.5407;450.186;
1.29626;450.186;
1.53501;450.186;
1.39667;450.186;
1.40703;450.186;
1.54104;450.186;
1.325;450.186;
1.55722;450.186;
1.33659;450.186;
1.55878;450.186;
1.55981;450.186;
1.55707;450.186;
1.32868;450.186;
1.55069;450.186;
1.31127;450.186;
1.54333;450.186;
1.54226;450.186;
1.53978;450.186;
1.29519;450.186;
1.29373;450.186;
1.54087;450.186;
1.54066;450.186;
1.54146;450.186;
1.31091;450.186;
1.54139;450.186;
1.30112;450.186;
W3;O:1.4014;R:112.209
1.48557;450.186;
1.43818;450.186;
1.53447;450.186;
1.31048;450.186;
1.533;450.186;
1.30766;450.186;
1.29315;450.186;
W0;O:1.05122;R:114.611
1.2744;450.186;
1.47606;450.186;
1.39036;450.186;
1.24586;450.186;
1.24413;450.186;
1.24353;450.186;
1.24481;450.186;
1.23915;450.186;
1.23699;450.186;
1.24343;450.186;
1.24842;450.186;
1.24944;450.186;
1.26007;450.186;
1.25818;450.186;
1.26752;450.186;
W2;O:0.52576;R:119.483
1.25429;450.186;
1.23608;450.186;
1.23342;450.186;
1.21643;450.186;
W1;O:1.22634;R:120.329
1.18149;450.186;
1.1741;450.186;
W5;O:1.75152;R:120.294
1.10979;450.186;
W4;O:1.57646;R:121.518
