1.062540;438.785817;
1.067571;438.733895;
1.080094;442.629728;
1.096484;451.154092;
1.104223;453.537374;
1.115205;457.991535;
1.097156;446.916122;
1.107236;450.762283;
1.125066;452.731105;
1.103521;448.125336;
1.129028;459.181860;
1.131711;456.973174;
1.080689;438.488408;
1.101019;446.863151;
1.087478;440.312238;
1.107226;450.323489;
1.101480;447.766051;
1.107052;451.293223;
1.087469;443.012271;
1.082844;440.362022;
1.089283;444.267770;
1.090898;445.929342;
1.093365;444.374266;
1.089746;443.232177;
1.091715;444.211761;
1.122630;457.833733;
1.106473;448.917910;
1.087163;444.172696;
1.105346;449.707816;
1.092427;444.719758;
1.079346;436.682167;
1.077484;438.598179;
1.125534;453.499386;
1.112448;451.050046;
1.116963;452.866430;
1.093681;445.476855;
1.111555;452.465872;
1.089647;444.091410;
1.102586;451.012046;
1.077909;440.812749;
1.116444;454.804756;
1.105531;450.180761;
1.106508;451.985782;
1.073757;437.835572;
1.079724;439.033537;
1.106115;450.920141;
1.104785;449.090088;
1.139045;464.018679;
1.105396;447.303627;
1.119422;454.834194;
1.096944;445.276515;
1.079165;439.288245;
1.119588;457.093002;
1.090468;445.089031;
1.083212;441.114340;
1.096828;447.588917;
1.111151;450.946803;
1.106085;449.661898;
1.117872;456.562760;
1.130470;455.251007;
1.092375;445.314543;
1.070975;435.666618;
1.089099;442.693348;
1.110344;452.421429;
1.074843;435.712240;
1.126042;460.503169;
1.096280;447.154652;
1.108550;446.596939;
1.101598;449.126764;
1.097552;446.686071;
1.131962;460.801173;
1.109057;452.912896;
1.093483;438.754698;
1.127384;460.748083;
1.110594;448.913841;
1.113717;453.037480;
1.096558;446.942800;
1.090213;444.853449;
1.089220;443.228156;
1.120377;457.975145;
1.109488;450.518103;
1.076057;439.416059;
1.100674;447.761705;
1.108896;450.912742;
1.095891;445.629702;
1.100655;448.100917;
1.096593;440.460445;
1.114281;455.691055;
1.097104;447.062546;
1.101042;448.684132;
1.107580;451.194206;
1.101103;447.752649;
1.131164;458.441332;
1.092104;445.127995;
1.115304;453.964931;
1.134057;460.367433;
1.103446;448.182210;
1.105912;449.669231;
1.094614;443.545726;
1.099544;447.609955;
1.091199;442.882873;
1.105754;451.260960;
1.131003;461.841650;
1.082460;442.065649;
1.075457;441.444439;
1.100284;449.245612;
1.109758;452.169201;
1.121554;457.874081;
1.108731;453.199397;
1.100280;449.658477;
1.089936;442.183868;
1.094820;447.609232;
1.112542;454.710817;
1.120135;455.956857;
1.104759;447.503256;
1.093617;445.579862;
1.121202;454.225085;
1.113073;450.502766;
1.079062;438.184270;
1.104101;447.042990;
1.086932;442.424700;
1.085426;442.754616;
1.118312;454.742669;
1.114374;452.278501;
1.107468;450.108145;
1.100880;447.341283;
1.075219;439.164027;
1.102348;450.635311;
1.115027;455.584010;
1.111750;455.595825;
1.107599;451.437874;
1.102479;449.780621;
1.086936;441.613110;
1.100453;447.426678;
1.106848;450.737115;
1.107821;449.357068;
1.125850;454.546707;
1.119923;456.591976;
1.077411;441.785886;
1.081525;442.437984;
1.109062;451.223623;
1.086366;443.962510;
1.107710;452.593767;
1.096126;448.593639;
1.105479;448.484741;
1.102146;449.397718;
1.124877;456.964895;
1.103718;448.322077;
1.132688;458.117603;
1.130248;459.616797;
1.114202;454.647508;
1.103459;447.839965;
1.127366;457.284349;
1.105262;449.845500;
1.105366;450.569198;
1.105998;445.207961;
1.094835;444.175483;
1.087838;440.542404;
1.131960;452.876561;
1.098603;445.943808;
1.112506;452.654311;
1.091663;443.109652;
1.096018;443.963737;
1.085312;440.624049;
1.114681;453.469077;
1.127527;459.786678;
1.109236;450.650937;
1.124876;456.774352;
1.101649;447.374393;
1.118358;455.446956;
1.121697;458.668150;
1.097696;448.205727;
1.137531;463.143257;
1.096082;446.284098;
1.090763;442.164354;
1.094094;444.149970;
1.107476;447.217735;
1.138596;460.864064;
1.111283;448.672346;
1.104887;446.892789;
1.111697;453.550240;
1.112748;450.600885;
1.091007;441.442957;
1.114775;453.574815;
1.114110;451.270214;
1.112929;453.276357;
1.111950;451.200388;
1.113286;450.065352;
1.093923;443.098358;
1.088273;441.394963;
1.107173;450.754905;
1.103065;447.537091;
1.101374;442.414811;
1.080649;440.211088;
1.108238;450.606572;
1.104821;448.602206;
1.102709;449.372900;
1.124771;455.895273;
1.085995;438.541412;
1.141027;462.352747;
1.112369;446.577544;
1.125923;456.889715;
1.100375;445.665191;
1.082573;435.808833;
1.110988;452.637869;
1.116674;455.153816;
1.108586;452.072962;
1.095213;446.020656;
1.102664;450.683274;
1.124133;457.710563;
1.089989;444.903823;
1.101856;450.667645;
1.088201;442.857204;
1.117922;455.786151;
1.106151;451.683691;
1.123158;456.897931;
1.115235;451.655333;
1.078346;440.348854;
1.092090;442.603291;
1.087194;442.632909;
1.124564;455.364904;
1.106682;451.598220;
1.108831;448.748864;
1.077395;435.731505;
1.110870;451.168415;
1.093190;443.346972;
1.085793;440.477308;
1.129672;458.420161;
1.088381;445.488786;
1.107599;451.541087;
1.082626;440.423459;
1.106361;448.920015;
1.085273;441.379469;
1.097665;445.603320;
1.095501;447.115745;
1.087958;444.525079;
1.076542;439.454378;
1.086990;443.582650;
1.115825;456.210464;
1.119120;457.317540;
1.122921;455.956036;
1.112278;451.910364;
1.105089;450.687255;
1.119552;455.734915;
1.085913;442.268102;
1.105684;449.477733;
1.095736;446.916544;
1.097594;447.447974;
1.100762;447.432533;
1.097883;446.210787;
1.133269;460.534387;
1.102074;446.357322;
1.084517;441.099898;
1.098007;445.141913;
1.130118;459.872523;
1.111741;451.811353;
1.101028;447.379102;
1.118627;454.905800;
1.128075;459.248502;
1.123284;452.064190;
1.093460;443.465325;
1.083846;441.547296;
1.111786;452.928822;
1.117059;455.093660;
1.109908;451.676273;
1.095444;445.764239;
1.089032;443.269550;
1.094752;445.942197;
1.092929;444.324971;
1.102710;449.497090;
1.095116;443.224407;
1.129485;457.194120;
1.106509;450.337288;
1.119298;453.711796;
1.116646;453.402379;
1.130165;458.762941;
1.102276;449.451176;
1.078138;439.786944;
1.091888;446.726687;
1.135535;462.813086;
1.111886;453.055844;
1.100687;449.091368;
1.113884;454.329870;
1.096429;446.745308;
1.118796;457.066237;
1.100673;448.515287;
1.121170;456.536784;
1.118227;455.502357;
1.115505;457.002653;
1.102008;449.621115;
1.100402;447.437726;
1.102167;449.881696;
1.101618;448.380823;
1.102344;448.818945;
1.098676;445.982262;
1.113474;453.967371;
1.092516;446.694771;
1.115134;450.329703;
1.128447;460.056378;
1.095190;446.363918;
1.117379;458.114632;
1.091716;446.124919;
1.117450;454.469677;
1.115916;456.059146;
1.096534;446.330365;
1.094176;446.324656;
1.092676;442.814562;
1.077027;438.413852;
1.131096;460.954558;
1.102742;448.431744;
1.092559;444.768206;
1.082315;440.452054;
1.101036;449.736673;
1.104282;450.458288;
1.105124;449.516092;
1.091996;447.798904;
1.104325;449.778764;
1.113704;453.572940;
1.099495;445.996484;
1.141191;461.463323;
1.101823;448.886110;
1.116500;453.792170;
1.112786;453.425151;
1.108592;450.045314;
1.096840;446.286325;
1.123797;458.345288;
1.100223;447.540114;
1.089415;441.948511;
1.103797;449.247534;
1.104086;450.016659;
1.109121;453.165824;
1.091688;444.482972;
1.119306;458.410305;
1.079604;439.666876;
1.075913;438.416944;
1.110758;454.724573;
1.114356;454.864400;
1.095941;447.424511;
1.106883;449.009347;
1.110493;451.533093;
1.111286;450.286746;
1.121783;455.842876;
1.106841;447.831869;
1.109106;451.787180;
1.116755;453.651942;
1.098125;446.601203;
1.120383;454.634844;
1.090659;442.849260;
1.114812;454.135871;
1.112270;452.711764;
1.097428;445.848941;
1.096540;446.189745;
1.121217;458.117364;
1.116917;455.855141;
1.119773;455.282550;
1.079289;439.951085;
1.114337;453.452936;
1.076894;440.132339;
1.097073;446.815804;
1.106503;451.469060;
1.089622;444.001783;
1.097830;445.283197;
1.095256;446.726174;
1.102390;451.950769;
1.104028;451.924138;
1.123888;459.545171;
1.104667;450.302943;
1.090714;447.286107;
1.086793;444.941901;
1.108904;455.718202;
1.086732;444.741701;
1.111742;455.240671;
1.104920;450.261330;
1.113489;455.322602;
1.118087;455.610939;
1.086105;439.167804;
1.095956;440.999018;
1.110104;451.930631;
1.100652;449.931049;
1.088345;444.283739;
1.085537;442.501941;
1.099816;451.998352;
1.098174;450.114527;
1.115396;455.658254;
1.095542;446.174557;
1.114866;454.744331;
1.087608;442.660216;
1.123163;457.431347;
1.123547;457.885112;
1.109560;453.090525;
1.142858;465.077670;
1.105074;450.025575;
1.105037;450.187060;
1.116995;454.205691;
1.084287;440.350055;
1.103860;448.337450;
1.102350;450.803322;
1.068728;434.478525;
1.097417;451.363737;
1.097964;445.961618;
1.119554;456.941688;
1.119760;457.826878;
1.097990;446.434883;
1.113790;454.684295;
1.094256;446.122537;
1.083271;442.957966;
1.102183;448.972627;
1.120645;457.609640;
1.078863;441.381368;
1.100114;451.043048;
1.091809;447.484725;
1.097234;447.379975;
1.091055;443.977663;
1.130463;462.862595;
1.107876;452.856638;
1.107230;451.847614;
1.090272;444.273192;
1.107600;451.976455;
1.094159;445.937767;
1.104359;450.791104;
1.110212;451.459564;
1.118372;455.538493;
1.105939;449.654458;
1.131234;461.059382;
1.121041;455.471988;
1.093530;445.944822;
1.118883;454.964508;
1.123874;458.673523;
1.111963;451.923409;
1.098219;448.249175;
1.110604;452.404196;
1.112180;452.979818;
1.096126;446.803274;
1.100965;446.971301;
1.100754;448.415755;
1.064259;433.691902;
1.104942;450.536811;
1.111933;454.468796;
1.123780;459.308535;
1.107373;454.084442;
1.107481;453.275259;
1.108893;453.832920;
1.113228;455.127040;
1.111641;454.455664;
1.086601;445.064425;
1.103508;449.484099;
1.085109;436.717449;
1.105991;450.759124;
1.094124;443.648798;
1.110480;452.034995;
1.080700;442.262644;
1.086839;443.085667;
1.085675;443.684556;
1.129034;460.074947;
1.094056;445.170179;
1.109782;450.073333;
1.098514;446.936997;
1.095117;442.508273;
1.103643;447.864065;
1.101270;448.634713;
1.121940;455.943880;
1.099646;447.259116;
1.098072;447.213803;
1.085638;440.785999;
1.092292;443.566890;
1.112116;451.880277;
1.131594;460.633200;
1.145220;460.369901;
1.090491;438.926157;
1.079748;439.085518;
1.098988;446.662462;
1.083419;439.430404;
1.100216;448.549098;
1.142582;463.785892;
1.112787;450.500515;
1.102163;447.684022;
1.090515;441.249674;
1.120129;454.604861;
1.119368;453.477106;
1.089819;445.260732;
1.083360;441.169715;
1.093679;446.118766;
1.090888;443.990096;
1.128078;459.786943;
1.094443;444.581761;
1.133808;462.882263;
1.075205;438.958666;
1.122433;457.448755;
1.099397;444.912890;
1.081442;439.596481;
1.111108;449.055110;
1.135175;455.273330;
1.108520;451.071860;
1.130749;459.079222;
1.103112;447.634615;
1.108812;454.022887;
1.119208;458.521711;
1.104269;450.447748;
1.110128;449.954567;
1.086148;442.344711;
1.103494;450.320588;
1.091960;443.247004;
1.088601;443.182374;
1.090850;442.917346;
1.114820;453.739746;
1.097007;443.729876;
1.096170;445.573754;
1.128745;458.740270;
1.112546;451.151676;
1.114526;450.144504;
M0:0.001357
W0;O:0.000073;R:93.938521
1.097509;443.849660;
1.105585;444.929777;
1.106033;444.152338;
1.098358;444.502542;
1.112059;449.813803;
1.103240;443.702396;
1.125125;456.684023;
1.110278;450.198556;
1.106504;447.984353;
1.099377;446.924604;
1.108966;451.589219;
1.105147;451.006798;
1.077788;438.579707;
1.091414;444.081751;
1.132556;461.671794;
1.103910;448.968505;
1.089289;441.429766;
1.116015;446.861837;
1.092294;443.892605;
1.098066;448.194829;
1.104937;450.488053;
1.094197;445.584532;
1.108653;450.730702;
1.119984;459.201385;
1.082034;438.537309;
1.078590;438.026865;
1.084279;440.572649;
1.122153;454.944640;
1.093321;441.307775;
1.124881;458.460305;
1.118891;456.213006;
1.081626;441.385687;
1.111628;453.596072;
1.117953;455.774714;
1.086180;441.546880;
1.104983;451.373244;
1.100106;447.417397;
1.094378;446.596967;
1.102143;447.209218;
1.080669;438.552099;
1.119044;453.341103;
1.103435;448.341588;
1.123877;456.305909;
1.123216;455.673560;
1.086644;440.195873;
1.098120;444.955333;
1.118880;452.777212;
1.110565;450.710403;
1.100883;447.878776;
1.129261;458.779736;
1.099381;446.274056;
1.105136;448.283030;
1.115279;454.292469;
1.090642;444.882489;
1.083483;441.008380;
1.131975;461.230868;
1.088806;442.139896;
1.122309;459.147435;
1.107159;449.929904;
1.101134;448.574710;
1.089769;444.336774;
1.074846;437.656786;
1.098092;446.045511;
1.094636;447.951536;
1.079565;442.386211;
1.099621;448.496129;
1.080877;441.873217;
1.096655;447.792678;
1.085642;444.852015;
1.100813;449.697736;
1.091029;444.171260;
1.131796;461.276094;
1.100090;447.970407;
1.108342;452.892129;
1.116041;454.912638;
1.103714;450.155199;
1.096188;447.426372;
1.114688;453.770380;
1.106767;450.959400;
1.084778;442.082385;
1.119432;456.275045;
1.099508;447.462939;
1.118140;452.856127;
1.096508;445.674190;
1.120909;453.441032;
1.109849;452.604060;
1.104321;449.465652;
1.123274;456.971042;
1.100566;447.615314;
1.116115;451.760983;
1.078976;438.126342;
1.084505;439.112755;
1.111218;452.077861;
1.130805;460.410548;
1.107649;450.635322;
1.098061;446.983483;
1.108941;450.570336;
1.128293;461.398763;
1.107668;451.676219;
1.089389;445.242920;
1.076086;438.038775;
1.088362;445.104355;
1.116977;455.338771;
1.114852;453.792214;
1.132454;461.797684;
1.100405;446.759256;
1.106224;450.044369;
1.085743;440.823139;
1.104374;449.059025;
1.091506;441.440379;
1.105397;447.834230;
1.107715;447.378889;
1.116282;452.946571;
1.101983;447.878637;
1.130435;455.280198;
1.099086;445.914712;
1.115040;455.557371;
1.103550;450.672301;
1.083187;441.985960;
1.100937;447.686991;
1.145586;466.300243;
1.108181;451.145382;
1.104783;449.602816;
1.090308;444.859727;
1.106181;448.927505;
1.112263;453.650809;
1.115350;455.392368;
1.115765;454.648982;
1.096234;445.339356;
1.092750;444.418990;
1.102226;448.994736;
1.120796;457.143026;
1.100960;447.749585;
1.109311;452.663703;
1.109935;451.976374;
1.117654;456.539236;
1.098410;445.019282;
1.114726;453.444196;
1.111161;454.068658;
1.125165;458.830522;
1.086826;442.193627;
1.109880;450.212455;
1.092825;443.079019;
1.131954;459.439876;
1.117371;452.607998;
1.088325;439.065915;
1.114578;452.004861;
1.094879;447.141300;
1.090552;445.941856;
1.096100;448.784761;
1.092182;443.676889;
1.098195;447.934754;
1.109939;453.041844;
1.087874;443.368646;
1.116613;453.869918;
1.104759;447.798849;
1.100251;447.112572;
1.132400;460.978046;
1.124038;457.633492;
1.109255;450.463069;
1.095351;446.618294;
1.092894;444.628951;
1.133791;454.034017;
1.110782;448.874252;
1.113492;451.480821;
1.104496;445.495539;
1.097950;444.052253;
1.116385;449.628018;
1.120342;452.900940;
1.127396;454.344874;
1.108967;445.852486;
1.095795;440.730966;
1.123979;454.611566;
1.103334;447.416878;
1.114771;451.880727;
1.122670;454.826217;
1.111728;452.119840;
1.116548;454.151444;
1.102636;447.808856;
1.097624;444.377265;
1.097163;447.157842;
1.099492;446.171483;
1.097044;447.829304;
1.112917;453.741191;
1.097478;448.417362;
1.110986;454.448275;
1.073792;438.228469;
1.104139;450.990379;
1.096905;447.533540;
1.100847;449.560992;
1.100923;446.271311;
1.089540;443.804368;
1.108158;451.535435;
1.118385;452.062199;
1.094297;445.889120;
1.103165;447.989736;
1.108840;449.797921;
1.109001;452.538696;
1.112200;453.323157;
1.088426;443.692036;
1.104241;450.221629;
1.092171;444.225747;
1.114215;454.454569;
1.095656;445.848496;
1.096809;448.324557;
1.109263;452.316695;
1.110975;450.966368;
1.097042;445.238585;
1.119712;458.107267;
1.090740;443.584716;
1.103508;448.331779;
1.120377;455.850383;
1.112623;452.612691;
1.085847;441.531284;
1.068019;433.888473;
1.124725;458.452181;
1.105061;449.441680;
1.088733;443.991261;
1.096660;445.154410;
1.130121;461.034573;
1.106049;452.337164;
1.090070;443.981445;
1.104368;448.859093;
1.108662;450.856362;
1.101681;446.853432;
1.095267;444.979549;
1.069474;435.637368;
1.111183;451.560816;
1.097896;447.614522;
1.085065;439.576292;
1.122889;456.235329;
1.086785;442.399626;
1.118192;453.860765;
1.106502;449.480002;
1.101960;447.351089;
1.111774;456.273781;
1.111684;453.216703;
1.107590;450.719526;
1.121671;456.249188;
1.086183;443.529312;
1.107404;449.417733;
1.119030;456.703409;
1.105701;450.089845;
1.105858;452.144508;
1.088210;443.184603;
1.103811;448.542273;
1.097756;448.081602;
1.104264;451.574281;
1.094346;445.794373;
1.108632;448.558546;
1.106037;448.640666;
1.092676;443.559468;
1.097511;445.718473;
1.104391;446.808549;
1.119197;454.936919;
1.091457;442.962830;
1.125041;458.387880;
1.138213;463.457770;
1.109657;450.408569;
1.116788;453.612892;
1.103665;449.807265;
1.090532;444.802476;
1.105489;449.629877;
1.090525;445.290486;
1.095940;446.935337;
1.090011;444.044255;
1.136497;463.093421;
1.113448;452.347551;
1.114989;452.896700;
1.095325;443.789233;
1.091300;441.571167;
1.107362;449.587026;
1.112774;453.277826;
1.105921;447.593165;
1.119808;455.197025;
1.109231;446.006142;
1.086953;441.871705;
1.118228;454.080637;
1.082202;438.374836;
1.135903;460.710068;
1.118814;454.668178;
1.125242;455.029405;
1.117029;451.808749;
1.115234;453.513400;
1.104784;450.059705;
1.108872;449.662045;
1.113356;454.341968;
1.117592;454.277486;
1.112017;450.995828;
1.106930;449.087761;
1.111737;445.506460;
1.062400;433.901168;
1.115677;455.033810;
1.101857;448.069174;
1.087034;442.844581;
1.127271;459.830236;
1.097219;447.358185;
1.074328;437.627749;
1.091328;445.609223;
1.127013;457.074396;
1.120941;457.535490;
1.105456;448.090153;
1.112702;452.732790;
1.110644;450.659041;
1.092434;443.060722;
1.101379;448.004244;
1.096378;446.294142;
1.110115;451.739867;
1.092699;444.690072;
1.077173;437.916103;
1.096860;448.094312;
1.092230;443.931839;
1.087117;444.057504;
1.119189;456.448731;
1.119250;454.192282;
1.100232;447.200527;
1.116848;453.120897;
1.122904;457.830556;
1.100556;449.228120;
1.107128;450.585248;
1.114002;452.969514;
1.101241;448.762277;
1.108446;451.599393;
1.109927;454.025716;
1.096693;447.465368;
1.090796;443.996590;
1.119929;456.747483;
1.107916;451.099904;
1.128928;459.707906;
1.079976;438.647629;
1.088726;439.164493;
1.115802;451.220967;
1.119709;454.097648;
1.137859;459.465340;
1.125849;457.513003;
1.146042;462.970828;
1.078130;436.892773;
1.130435;458.179068;
1.110439;451.435163;
1.095179;444.499710;
1.119598;451.660742;
1.111069;451.037715;
1.109912;448.456908;
1.113949;452.113657;
1.105523;447.933887;
1.105885;447.812732;
1.118421;453.741185;
1.093187;443.720622;
1.110958;449.303704;
1.120528;456.857083;
1.079198;438.299459;
1.108939;451.175147;
1.091439;444.616106;
1.123439;456.861383;
1.108589;449.960705;
1.096574;445.442270;
1.123354;456.228525;
1.102412;446.081261;
1.116652;452.349587;
1.105463;448.139614;
1.095278;445.975366;
1.098929;450.663100;
1.103583;449.255099;
1.113035;454.104717;
1.097360;446.388025;
1.119058;457.288169;
1.083482;443.918116;
1.093622;447.743864;
1.103371;450.000268;
1.106891;452.396451;
1.094135;444.994116;
1.114505;454.671294;
1.076967;439.986481;
1.114454;453.357225;
1.103442;449.031630;
1.116960;454.851516;
1.098305;448.227209;
1.110912;451.305483;
1.090613;442.928605;
1.082095;440.764721;
1.096873;446.357051;
1.122458;460.680064;
1.097779;448.841963;
1.088783;446.010305;
1.103761;451.032648;
1.085345;440.832157;
1.082678;441.364761;
1.080833;441.797674;
1.118634;454.474158;
1.100926;447.714988;
1.110636;452.023395;
1.083594;438.855650;
1.117811;454.787650;
1.108675;450.274290;
1.105877;450.444572;
1.072275;437.813673;
1.072887;436.611682;
1.108988;453.226862;
1.096152;446.019498;
1.080617;441.132690;
1.098709;447.709687;
1.108082;451.225429;
1.086941;442.237061;
1.087274;442.103988;
1.095843;447.108520;
1.101060;446.412838;
1.119846;455.506995;
1.131354;460.467172;
1.107293;451.672991;
1.126679;459.218382;
1.113222;450.585139;
1.100359;446.962157;
1.094954;445.835675;
1.112817;452.252944;
1.080936;439.497188;
1.113525;454.173365;
1.126116;454.064430;
1.108227;448.386372;
1.086898;441.526797;
1.097910;446.711411;
1.097617;446.635635;
1.075023;436.944440;
1.123333;457.897068;
1.087463;442.962466;
1.087171;443.573376;
1.099821;447.376897;
1.083835;442.874336;
1.122625;458.580405;
1.078786;439.860176;
1.076858;438.221604;
1.084474;442.506489;
1.102652;449.107707;
1.103205;450.986840;
1.088518;442.016627;
1.109101;452.002731;
1.114305;452.313852;
1.092701;444.634231;
1.100582;448.448977;
1.114350;453.527894;
1.085639;444.257632;
1.104558;450.385906;
1.134406;461.889339;
1.100004;446.290666;
1.137397;461.869747;
1.101598;449.032075;
1.093391;444.708455;
1.098209;447.077753;
1.101844;448.414036;
1.097954;447.971283;
1.123779;456.752477;
1.086762;443.427026;
1.085405;442.113476;
1.111881;454.059804;
1.108177;449.965879;
1.087212;442.847528;
1.078307;439.397170;
1.095731;447.460598;
1.115164;456.575170;
1.072972;433.821322;
1.108038;451.078483;
1.103932;450.755553;
1.085253;446.295674;
1.110401;455.275141;
1.111262;453.106057;
1.109241;453.238864;
1.084092;444.376018;
1.103478;449.675145;
1.117778;454.298189;
1.100399;445.577728;
1.114181;451.259788;
1.095986;442.563603;
1.117543;452.523049;
1.116476;454.651621;
1.123305;457.325971;
1.114094;450.883399;
1.110866;451.789753;
1.125724;457.543903;
1.095908;446.087190;
1.083792;441.274737;
1.119774;454.638596;
1.084763;441.006937;
1.089718;450.303961;
1.072534;444.439830;
1.110012;460.576270;
1.054377;441.792004;
1.079512;461.490418;
1.039000;449.312640;
1.057600;459.395358;
W1;O:0.000185;R:183.447312
1.032047;444.931835;
W2;O:0.000186;R:184.194633
W3;O:0.000188;R:183.785245
1.048573;453.929072;
W4;O:0.000228;R:182.780982
W5;O:0.000196;R:183.254649
