0.984799;427.484564;
1.002468;438.716609;
1.005504;437.929785;
1.047838;454.856047;
1.078855;469.937901;
1.090815;479.775949;
1.174359;459.293367;
1.165751;455.190137;
1.131308;436.184269;
1.217508;473.507915;
1.167547;447.274228;
1.198826;461.649503;
1.174822;456.327027;
1.162610;447.906363;
1.124023;434.244870;
1.174125;450.233056;
1.108345;427.340972;
1.154039;446.954918;
1.147130;438.757542;
1.167414;449.723171;
1.177595;447.400890;
1.207903;465.298030;
1.221015;468.711407;
1.171910;450.400999;
1.138931;440.426975;
1.185322;457.664998;
1.205660;468.192981;
1.155166;448.863317;
1.202186;464.088220;
1.183629;460.140350;
1.184672;455.791419;
1.190305;456.925629;
1.148937;441.875206;
1.148205;440.730405;
1.191242;457.463707;
1.142351;442.497002;
1.128291;436.896061;
1.142448;440.361383;
1.143390;439.874581;
1.175223;454.917208;
1.162316;447.900915;
1.229050;474.594637;
1.146692;446.352993;
1.149585;443.848898;
1.167152;453.753051;
1.180358;459.140995;
1.176889;457.398703;
1.170399;455.381921;
1.119234;433.904716;
1.154238;446.838017;
1.183299;457.355385;
1.209610;462.863104;
1.213107;464.880592;
1.208851;465.652778;
1.140873;438.218162;
1.132619;439.658094;
1.218057;471.544852;
1.132437;437.470647;
1.175222;454.065372;
1.180015;458.942577;
1.141118;441.174897;
1.171715;450.285146;
1.168757;449.627472;
1.215244;467.835808;
1.181402;453.812655;
1.145708;443.324492;
1.171136;451.818804;
1.157805;448.389878;
1.136324;443.819236;
1.139739;437.046268;
1.124369;432.421075;
1.152053;449.666651;
1.162660;452.131077;
1.184015;458.474672;
1.156401;447.349826;
1.168619;448.147481;
1.197553;460.229923;
1.158191;444.635329;
1.162284;446.419358;
1.153228;441.359117;
1.148227;438.241408;
1.205843;462.920601;
1.124107;429.494991;
1.156575;445.498507;
1.193412;459.570785;
1.140298;440.770905;
1.178538;452.312950;
1.208373;466.463595;
1.161714;447.735893;
1.176770;456.059049;
1.137595;441.075134;
1.164382;452.716110;
1.181350;459.464089;
1.134852;442.788910;
1.176006;461.987211;
1.137525;445.048699;
1.116259;433.524736;
1.134405;437.053847;
1.166044;447.744487;
1.145566;441.486269;
1.152991;445.708692;
1.155672;450.645937;
1.167917;454.348696;
1.127699;439.795701;
1.148719;447.801348;
1.147690;446.553485;
1.146627;446.381176;
1.182419;459.891943;
1.144848;444.400773;
1.123840;436.668124;
1.125224;438.719762;
1.180589;455.641667;
1.168908;448.579246;
1.138707;439.408559;
1.173750;438.892640;
1.198741;448.172485;
1.181356;446.201227;
1.192611;445.639654;
1.161190;442.416537;
1.163775;445.885395;
1.159037;466.611750;
1.106780;451.493561;
1.162156;473.294741;
1.125621;456.350611;
1.106133;447.231123;
1.083141;439.052310;
1.173548;476.857825;
1.100155;444.805918;
1.117770;454.711448;
1.078501;438.713844;
1.084128;442.998465;
1.146444;465.382599;
1.120816;455.634885;
1.062492;429.657542;
1.102900;443.953093;
1.145907;464.630366;
1.088138;442.560476;
1.168953;474.236217;
1.112028;456.172939;
1.120263;454.732218;
1.107113;450.975472;
1.065219;432.306925;
1.097853;446.165547;
1.162939;476.582413;
1.114009;453.862955;
1.124932;458.191572;
1.112968;453.163943;
1.047105;422.211525;
1.103361;445.322129;
1.083037;441.439414;
1.054444;426.820567;
1.131891;456.751760;
1.095343;444.433670;
1.092515;442.819420;
1.148402;463.887500;
1.106476;449.850329;
1.101977;450.645705;
1.072704;433.970281;
1.086809;443.689912;
1.126948;457.655521;
1.138182;461.556463;
1.152621;465.670626;
1.136755;456.978753;
1.107106;449.605328;
1.097716;441.676734;
1.070613;433.759177;
1.136709;462.247251;
1.107666;448.592542;
1.110759;449.063888;
1.146005;461.173277;
1.097711;441.946414;
1.120580;457.123544;
1.095580;446.626621;
1.149505;464.499616;
1.101257;448.735443;
1.153555;472.598759;
1.112254;451.367557;
1.105945;444.796838;
1.085554;442.434796;
1.132506;460.259924;
1.093820;443.540977;
1.119148;455.956169;
1.102613;449.779022;
1.111585;454.549241;
1.095095;448.079536;
1.118503;457.360164;
1.080856;439.261264;
1.102437;446.372908;
1.092279;444.817617;
1.099239;447.581031;
1.109313;453.245941;
1.107837;449.551965;
1.136870;461.013263;
1.116228;454.416183;
1.118244;454.590540;
1.112882;449.892996;
1.142546;463.722967;
1.117737;450.063377;
1.106996;451.534564;
1.094997;446.126344;
1.075677;436.716140;
1.082645;435.074403;
1.097339;444.150546;
1.110797;449.167835;
1.114274;453.775098;
1.103918;448.559025;
1.109247;454.963607;
1.116205;457.920163;
1.119651;458.626683;
1.091907;444.291478;
1.069443;437.190500;
1.101998;446.416658;
1.127384;457.646309;
1.099829;446.210105;
1.129772;459.718599;
1.107544;449.970243;
1.073748;434.639453;
1.093675;444.375545;
1.070212;433.018946;
1.082396;439.814261;
1.098048;447.284395;
1.094989;445.088879;
1.137700;465.740347;
1.078620;438.245873;
1.120734;458.036564;
1.112684;451.694945;
1.122192;457.328609;
1.088964;440.498502;
1.105026;452.192587;
1.103162;450.984958;
1.080652;440.599739;
1.069681;434.952517;
1.080913;438.114050;
1.091835;443.199663;
1.080021;437.065260;
1.077597;437.428291;
1.111958;449.969160;
1.069720;432.729032;
1.137421;462.118770;
1.104353;444.125770;
1.101942;450.461039;
1.119699;453.463228;
1.099857;442.840674;
1.128290;452.817109;
1.111330;450.780224;
1.082574;437.355723;
1.075419;439.806599;
1.073291;433.847922;
1.134229;460.882459;
1.122258;457.002444;
1.093766;444.200272;
1.130091;457.976602;
1.112165;452.156174;
1.072618;438.001474;
1.101189;451.657355;
1.138920;463.020457;
1.136326;465.453040;
1.110961;453.726144;
1.150195;467.215446;
1.130579;457.730329;
1.149313;464.646707;
1.131564;459.060583;
1.113938;453.381232;
1.113340;456.284199;
1.094534;448.653704;
1.139524;460.070867;
1.095703;448.752354;
1.117431;453.784288;
1.098393;447.443811;
1.132260;457.439486;
1.083811;439.703593;
1.069639;437.259124;
1.106402;451.633242;
1.096370;445.212766;
1.125201;458.225324;
1.076042;437.431288;
1.104415;445.000440;
1.107776;450.179587;
1.113313;452.941963;
1.051216;428.344811;
1.109897;448.147081;
1.097846;443.595438;
1.079123;435.496704;
1.095573;442.781040;
1.089259;439.733628;
1.111490;450.130743;
1.114874;452.570155;
1.078191;438.199062;
1.119543;454.395016;
1.142480;462.522980;
1.082769;441.204649;
1.106694;447.199197;
1.126984;456.875651;
1.115837;454.014806;
1.094549;444.617046;
1.130894;455.936575;
1.096053;448.167088;
1.122895;456.023965;
1.109406;449.979301;
1.080630;440.450707;
1.071586;438.999520;
1.139396;465.667572;
1.137876;461.511550;
1.102057;448.415989;
1.124630;456.716371;
1.146660;467.762485;
1.086190;440.717183;
1.082630;438.517957;
1.068234;434.549650;
1.124441;454.262290;
1.102852;446.107678;
1.124397;454.690445;
1.123729;456.530481;
1.080960;439.571024;
1.089673;440.821608;
1.061609;430.757318;
1.105047;445.143017;
1.094345;445.005277;
1.134510;462.859846;
1.095482;446.902809;
1.099086;450.605020;
1.120171;458.065454;
1.144751;465.068701;
1.139051;464.913207;
1.107729;450.852149;
1.123367;460.436622;
1.073142;434.230808;
1.099802;443.140006;
1.103162;454.579126;
1.059891;431.437715;
1.100395;440.381953;
1.099346;448.061637;
1.110082;445.555731;
1.115066;454.931645;
1.160311;466.788805;
1.131840;464.735964;
1.102375;449.042711;
1.102138;448.342435;
1.076212;433.985000;
1.126641;453.149147;
1.146480;466.952907;
1.105360;443.414671;
1.091944;444.082520;
1.081941;437.718233;
1.087007;442.726784;
1.130848;460.426949;
1.141433;457.715536;
1.089856;441.093073;
1.141702;461.966647;
1.077388;437.242829;
1.116389;457.539545;
1.200805;490.979457;
1.071419;432.200422;
1.133227;458.856616;
1.104863;447.840050;
1.098332;446.020316;
1.088599;441.802960;
1.083906;442.553496;
1.077648;438.983450;
1.101315;450.934995;
1.072755;433.889547;
1.087100;445.889167;
1.077384;441.058961;
1.119617;457.242192;
1.132127;463.549041;
1.127235;460.466597;
1.144638;457.686836;
1.056657;427.346677;
1.106352;449.478674;
1.109929;451.140037;
1.158063;471.739585;
1.135995;463.173841;
1.131116;460.881554;
1.157935;468.448135;
1.105882;449.516205;
1.125826;461.422321;
1.109780;449.167362;
1.141871;464.183222;
1.077241;441.594276;
1.136254;455.862186;
1.136634;464.210274;
1.134107;462.958458;
1.094776;446.935894;
1.101881;448.972755;
1.061955;433.611534;
1.135147;459.678734;
1.110512;453.155883;
1.097328;445.917881;
1.132705;460.511655;
1.099047;445.657252;
1.102343;451.583933;
1.094675;445.758851;
1.125733;459.059457;
1.059709;435.274347;
1.075292;441.135374;
1.114730;454.457136;
1.093639;444.160661;
1.098606;443.669361;
1.129939;460.967850;
1.109893;449.087335;
1.074934;438.049619;
1.126993;462.476645;
1.099974;449.268405;
1.096656;444.013689;
1.119394;458.362396;
1.103892;450.400149;
1.146001;467.283989;
1.105476;450.253968;
1.095872;447.335609;
1.034356;419.822478;
1.091382;445.242067;
1.113755;452.632303;
1.123952;454.189435;
1.102076;452.725805;
1.083812;442.832575;
1.120188;456.888741;
1.151722;467.827563;
1.080451;444.212191;
1.132798;462.259513;
1.106462;448.334234;
1.071986;437.870710;
1.119422;457.192436;
1.131180;460.813695;
1.096289;448.588090;
1.071111;437.677586;
1.087232;442.168146;
1.108391;449.054783;
1.124872;454.792028;
1.071761;438.779663;
1.110886;453.165299;
1.101040;445.268470;
1.100310;445.828631;
1.112180;452.052082;
1.121069;455.069998;
1.110672;452.535698;
1.141710;465.039448;
1.077801;438.536014;
1.105163;452.144155;
1.097507;448.462716;
1.084573;439.203258;
1.113469;451.779382;
1.090323;446.001546;
1.102154;445.876929;
1.068851;436.718387;
1.135204;459.552916;
1.107443;447.665182;
1.103738;446.570961;
1.072333;433.417308;
1.107441;451.613936;
1.089478;441.606314;
1.086818;441.085776;
1.104767;445.959085;
1.119890;457.991094;
1.106253;445.887212;
1.165802;475.346800;
1.086391;441.506904;
1.085544;439.812636;
1.080065;438.524195;
1.107551;452.200092;
1.060910;432.674198;
1.085314;439.748690;
1.129928;461.382736;
1.097571;446.785262;
1.053554;426.542773;
1.159950;469.688732;
1.072643;439.315809;
1.095959;443.463892;
1.137419;459.639913;
1.111140;449.608388;
1.133959;457.502380;
1.068445;434.253955;
1.085442;437.472010;
1.106699;452.306464;
1.073507;433.500058;
1.097335;446.172850;
1.114016;454.458640;
1.134377;460.550442;
1.087754;444.356011;
1.104757;447.012977;
1.124008;457.414591;
1.076216;433.692679;
1.101014;449.499243;
1.069824;434.531743;
1.167669;473.618768;
1.129642;460.326564;
1.135959;460.773849;
1.106934;449.344440;
1.064968;432.857222;
1.073680;438.919825;
1.135425;460.413235;
1.126993;461.168371;
1.071975;436.327144;
1.099922;446.250885;
1.099453;447.364460;
1.069687;436.060742;
1.078940;439.918237;
1.104713;451.525189;
1.117812;457.473559;
1.107371;449.707014;
1.125725;453.513087;
1.100084;442.574839;
1.103159;446.218702;
1.155830;469.124624;
1.109445;445.132110;
M0:0.001551
W0;O:0.000094;R:93.849555
1.110116;449.265944;
1.123901;456.475164;
1.077698;435.485102;
1.104575;444.689086;
1.119676;452.053900;
1.136955;459.886844;
1.098261;446.913039;
1.112039;450.846388;
1.157295;470.719851;
1.125844;459.450129;
1.102496;446.355460;
1.123545;458.270457;
1.108448;450.597912;
1.076783;439.497819;
1.103662;450.803342;
1.168903;473.945047;
1.137869;459.619234;
1.067452;434.171808;
1.114710;450.942338;
1.077074;435.402632;
1.080182;437.457576;
1.093753;441.711986;
1.082497;440.700523;
1.083964;439.231135;
1.103266;451.983076;
1.096946;443.268727;
1.096186;446.786972;
1.081775;439.999392;
1.137968;464.803285;
1.139080;462.793803;
1.091053;442.287296;
1.072109;434.325244;
1.089980;441.399023;
1.057196;431.512377;
1.131003;460.029531;
1.143497;464.872658;
1.104379;451.696156;
1.097503;446.756924;
1.075715;438.159623;
1.113477;451.988389;
1.090413;447.564572;
1.085676;446.195528;
1.112786;453.048216;
1.097494;447.641568;
1.121321;458.986825;
1.136767;462.001347;
1.087029;443.318097;
1.091568;447.442515;
1.090936;444.605164;
1.088225;442.200637;
1.107141;450.992635;
1.160603;470.267904;
1.086988;436.178047;
1.121083;458.215572;
1.092235;441.762231;
1.087133;440.339462;
1.087450;442.314997;
1.084032;439.971592;
1.123447;457.799649;
1.126182;457.259168;
1.123091;453.840235;
1.088436;438.050182;
1.080311;436.937734;
1.139976;460.260456;
1.084310;437.152743;
1.111086;449.315155;
1.111655;453.369567;
1.124151;454.961818;
1.118180;457.602964;
1.072355;437.600970;
1.048859;424.618235;
1.092050;442.053701;
1.087634;444.443304;
1.094663;441.743525;
1.099555;451.067720;
1.098810;447.437741;
1.105283;448.692288;
1.120824;452.822602;
1.140460;463.531592;
1.107371;452.621481;
1.143635;465.918598;
1.062549;430.622284;
1.100715;449.656646;
1.148588;470.833272;
1.094338;449.110460;
1.057332;429.676143;
1.086395;441.643419;
1.101874;448.684014;
1.129051;455.520945;
1.080994;435.991498;
1.085736;438.332600;
1.137382;461.892520;
1.057478;432.257705;
1.123035;458.836713;
1.096025;446.761849;
1.138978;462.797923;
1.075822;441.193968;
1.118251;451.258776;
1.133379;461.487887;
1.145965;465.803255;
1.152089;474.032097;
1.120092;456.235125;
1.055591;431.467374;
1.108173;452.691993;
1.109596;452.645732;
1.135462;463.291371;
1.082491;441.593494;
1.111107;453.405605;
1.146206;466.293279;
1.129848;459.233154;
1.095923;445.509202;
1.131494;460.825544;
1.104170;448.513067;
1.115234;450.139240;
1.096728;445.424062;
1.091742;441.152896;
1.071240;434.915642;
1.118485;454.862109;
1.122195;455.827551;
1.129500;458.780339;
1.092048;438.858172;
1.093198;444.024498;
1.110305;448.303560;
1.114810;453.610562;
1.090251;446.422705;
1.074842;437.763199;
1.058400;431.200544;
1.070332;437.378684;
1.057726;429.890604;
1.077319;439.952530;
1.107602;453.269041;
1.119535;457.089754;
1.092320;442.777143;
1.108266;449.861502;
1.123481;456.814339;
1.103833;446.870357;
1.121986;455.603911;
1.095933;447.738483;
1.082794;441.543444;
1.169332;475.400582;
1.084822;440.535280;
1.078222;439.027323;
1.096845;442.328020;
1.078111;436.909446;
1.063252;434.883400;
1.087667;441.196332;
1.084567;438.548474;
1.065372;433.236543;
1.123716;455.213274;
1.113058;452.024073;
1.115743;453.420728;
1.142824;463.539906;
1.100479;448.602184;
1.077209;438.391532;
1.057287;430.690882;
1.099705;447.595677;
1.096593;448.657202;
1.150860;468.624549;
1.103322;452.954939;
1.093000;445.424210;
1.098633;450.178172;
1.098537;448.009909;
1.134354;460.075049;
1.108165;448.979543;
1.103771;449.063531;
1.116601;452.273447;
1.081139;439.122747;
1.109964;451.611275;
1.083018;438.537528;
1.097287;446.830840;
1.108098;450.873636;
1.121356;457.592267;
1.108074;447.966385;
1.157367;465.475608;
1.089503;440.088912;
1.105236;444.692451;
1.109903;441.580914;
1.125259;459.750803;
1.087306;433.008136;
1.106955;453.777648;
1.126751;461.059065;
1.136374;464.038606;
1.113045;449.837701;
1.146724;468.989273;
1.181330;484.020470;
1.080526;442.165645;
1.108232;447.428090;
1.103885;446.657147;
1.095109;444.963962;
1.163953;472.976145;
1.104110;448.213583;
1.113493;451.890500;
1.115063;454.735004;
1.089675;446.585108;
1.104274;446.791518;
1.116023;454.761994;
1.113439;451.721193;
1.149582;464.739290;
1.143230;456.251924;
1.145746;463.113234;
1.104272;447.387960;
1.110217;453.450808;
1.095664;444.829841;
1.124425;452.769229;
1.093109;447.613333;
1.127661;461.418169;
1.124453;454.975116;
1.135655;463.097637;
1.148495;467.974258;
1.127079;458.910455;
1.113357;454.794996;
1.068623;431.956805;
1.088075;441.366053;
1.152141;469.784109;
1.142404;468.392030;
1.107033;449.170306;
1.095780;446.471537;
1.103018;447.594327;
1.076971;441.721641;
1.082064;439.988056;
1.101002;444.533625;
1.066012;436.002252;
1.129166;459.900376;
1.111123;454.063281;
1.098791;446.025520;
1.111656;452.335481;
1.090882;444.399984;
1.103668;446.430852;
1.054948;427.169873;
1.046454;425.856367;
1.116561;454.523845;
1.094771;442.912129;
1.072104;435.009637;
1.046442;422.315069;
1.115619;451.406505;
1.123433;457.241655;
1.143493;463.909625;
1.095747;447.385383;
1.105805;448.043254;
1.116632;455.197092;
1.080707;440.807731;
1.122518;456.862433;
1.179100;482.190114;
1.119473;457.166616;
1.142915;465.053013;
1.102730;451.340668;
1.110753;450.296178;
1.086191;442.460607;
1.083794;440.953656;
1.079567;439.303957;
1.088962;440.749976;
1.079601;438.935252;
1.054542;430.466964;
1.142741;464.155223;
1.066417;434.576323;
1.133647;459.634299;
1.130335;459.954757;
1.140717;464.151959;
1.101034;443.747550;
1.146427;466.360135;
1.086309;441.795668;
1.097100;445.768860;
1.071747;434.947326;
1.093805;435.663765;
1.096413;446.028438;
1.075342;436.115275;
1.079203;442.294966;
1.112215;451.787403;
1.158359;473.741106;
1.097761;449.598066;
1.080421;436.973846;
1.054965;430.095000;
1.082301;442.125898;
1.104286;447.997016;
1.118833;452.810422;
1.084504;440.765583;
1.089842;440.860963;
1.092547;441.471378;
1.086464;437.809771;
1.122904;449.383795;
1.124978;456.746766;
1.106154;445.803845;
1.094985;446.015708;
1.083800;437.681148;
1.122685;455.011066;
1.096487;445.200970;
1.053861;425.450628;
1.133542;462.201488;
1.064929;434.943814;
1.133829;461.174679;
1.096960;449.452519;
1.058221;431.406679;
1.121525;454.810674;
1.105381;448.469135;
1.113970;455.406790;
1.097679;446.833818;
1.140486;462.775002;
1.080885;439.133697;
1.119159;458.912846;
1.127778;460.381025;
1.081369;439.720657;
1.078968;439.094164;
1.112718;450.960761;
1.158017;468.645148;
1.098643;445.404641;
1.105926;447.074887;
1.081353;440.234990;
1.106068;448.594924;
1.089558;443.905683;
1.086647;443.993507;
1.087496;440.524658;
1.085976;438.605829;
1.083437;443.174215;
1.066055;429.778654;
1.106856;449.808748;
1.068655;433.819564;
1.075223;435.660712;
1.053116;429.441032;
1.123558;458.427455;
1.094085;445.060792;
1.087873;438.881920;
1.097775;445.218416;
1.085919;441.363256;
1.131108;460.458085;
1.114763;450.565940;
1.127834;459.168506;
1.111597;450.504347;
1.110106;453.167413;
1.069904;434.576782;
1.102134;445.710081;
1.125768;457.104088;
1.113378;452.944520;
1.096610;445.975627;
1.102907;446.116321;
1.083436;440.865110;
1.116126;452.337724;
1.146379;463.883318;
1.086052;440.326664;
1.117172;450.293672;
1.113848;452.646277;
1.121777;457.052374;
1.099854;444.570360;
1.108040;444.638017;
1.159579;472.407882;
1.100047;441.142246;
1.101238;445.108679;
1.068829;434.542762;
1.152397;466.242976;
1.104906;446.019317;
1.058695;433.505700;
1.117666;452.390376;
1.086146;440.432498;
1.083695;443.747282;
1.102521;447.979185;
1.092854;444.090297;
1.129321;457.284271;
1.094637;443.302717;
1.105823;451.463741;
1.139323;465.594484;
1.097112;445.426391;
1.166281;474.919721;
1.076737;440.599562;
1.085247;442.498180;
1.050184;429.043636;
1.098778;449.812258;
1.152160;471.525168;
1.124730;457.230828;
1.117632;460.427325;
1.077851;440.908235;
1.115063;453.088382;
1.106691;449.649445;
1.149347;468.353088;
1.073817;435.966565;
1.107991;451.656864;
1.082454;439.734414;
1.072199;433.062582;
1.069663;433.477190;
1.133007;457.922790;
1.087825;441.536117;
1.117578;457.301101;
1.075328;436.483361;
1.111041;442.735383;
1.095831;446.450717;
1.129343;463.226906;
1.122831;457.562399;
1.072129;438.078428;
1.116000;453.263616;
1.045340;421.850265;
1.091064;441.805038;
1.099590;444.837719;
1.109345;450.148846;
1.110151;449.408292;
1.158678;468.952559;
1.084711;441.627144;
1.096525;447.472015;
1.102414;447.777761;
1.077505;436.917638;
1.099240;446.872225;
1.118790;454.754897;
1.124822;451.108419;
1.085312;441.101046;
1.147051;465.161830;
1.077985;439.968084;
1.057187;427.783764;
1.067620;435.053455;
1.105038;452.380189;
1.082192;437.767327;
1.080645;441.065478;
1.123687;454.580856;
1.143650;464.713585;
1.107061;447.827713;
1.160968;472.668514;
1.099369;446.502076;
1.158989;471.522542;
1.118006;455.305381;
1.180911;482.627467;
1.053550;429.308378;
1.123362;454.472620;
1.136806;459.973734;
1.119304;455.641006;
1.108682;449.051753;
1.095774;446.180170;
1.082135;438.521792;
1.088468;442.338858;
1.105359;446.585333;
1.101880;446.864303;
1.080164;434.541408;
1.091651;440.074384;
1.133668;462.373264;
1.113901;455.164021;
1.081950;437.672403;
1.097675;445.563760;
1.106717;451.166751;
1.099471;448.896784;
1.117415;456.280512;
1.127608;459.897976;
1.075591;438.165886;
1.080322;442.583700;
1.072806;436.111308;
1.085631;439.614550;
1.125866;461.852662;
1.069283;435.029142;
1.121766;454.321740;
1.111635;452.863653;
1.073185;438.200880;
1.106146;449.508659;
1.151094;468.498618;
1.125122;458.805827;
1.134057;455.024225;
1.109727;444.962738;
1.094670;438.195327;
1.117982;446.991188;
1.135704;452.802835;
1.132493;451.346998;
1.108029;445.240314;
1.119266;453.899807;
1.134281;453.182172;
1.143890;463.233816;
1.172095;476.099487;
1.091815;445.518506;
1.101471;446.954406;
1.093706;444.124165;
1.101479;448.050362;
1.108791;451.174787;
1.085481;444.041353;
1.129043;463.967800;
1.081190;440.613809;
1.105231;452.393890;
1.103044;451.418591;
1.083448;441.217487;
1.137324;463.006985;
1.072195;435.823356;
1.102226;448.676334;
1.080284;441.260931;
1.140341;466.225811;
1.074712;437.378129;
1.049779;426.730708;
1.087867;443.891928;
1.092598;446.500695;
1.104730;455.759354;
1.100891;445.241840;
1.107447;450.096995;
1.130792;461.444455;
1.162424;471.236378;
1.128952;460.761970;
1.078387;438.349545;
1.109408;450.895616;
1.073375;436.669764;
1.103608;448.114812;
1.094965;456.107292;
1.026114;432.582408;
0.999571;425.859364;
0.997378;436.121667;
W1;O:0.000202;R:184.864268
1.056273;456.010455;
1.037953;448.450435;
W2;O:0.000203;R:184.959093
1.068569;457.549420;
W3;O:0.000229;R:185.809452
W4;O:0.000221;R:184.262355
W5;O:0.000189;R:184.196914
