1.5892;451.916;
1.8268;473.649;
2.06317;460.824;
2.0725;443.035;
1.89788;391.199;
2.24458;458.509;
1.83022;442.262;
1.8289;441.373;
1.959;402.941;
2.07787;417.268;
2.27534;463.061;
2.18356;444.274;
1.91806;448.984;
2.06228;482.753;
2.1722;437.868;
1.89352;446.457;
2.13007;435.968;
2.15732;436.471;
2.30788;472.937;
1.83033;444.37;
2.19821;448.316;
1.91313;467.939;
2.30214;474.478;
1.90522;456.044;
2.10067;433.535;
2.22464;454.163;
2.07708;450.774;
2.2731;450.817;
1.95868;440.549;
2.14875;473.034;
2.12441;423.769;
2.24976;452.556;
2.06534;426.067;
2.12562;437.525;
1.83727;436.667;
1.89027;455.714;
2.2553;463.442;
2.25781;468.214;
2.24249;450.143;
1.80042;432.886;
2.24849;449.301;
2.02889;440.655;
1.99053;445.54;
2.25835;451.873;
1.75479;419.018;
2.24376;454.105;
2.21546;452.463;
2.29418;464.564;
1.79815;433.618;
1.81974;442.334;
2.40352;492.088;
2.1545;440.424;
2.0885;438.491;
1.89692;440.208;
2.23871;451.044;
1.97908;464.032;
2.27071;460.805;
1.92121;434.991;
2.14284;452.513;
2.33015;461.493;
2.30068;461.664;
1.87906;439.383;
2.36641;473.729;
1.87484;445.969;
2.39663;485.795;
2.19836;444.592;
2.20212;452.955;
1.97094;464.895;
2.04355;428.28;
2.21145;463.931;
2.08115;459.498;
2.28114;452.773;
2.12065;418.926;
2.30914;463.689;
2.02596;484.873;
1.91517;463.197;
2.22043;454.001;
2.25227;461.158;
2.18662;449.574;
2.26582;462.002;
2.02174;478.66;
1.84376;438.937;
2.32193;463.316;
2.05489;441.69;
2.13849;424.69;
1.93799;426.676;
2.32366;466.723;
2.00847;478.472;
2.20174;450.785;
2.24843;457.287;
2.23835;457.509;
1.91675;463.449;
2.33484;476.292;
1.97533;479.546;
2.24372;452.59;
2.30339;463.653;
2.1399;427.666;
1.8233;435.622;
2.02048;465.307;
2.20872;443.252;
1.8237;438.387;
2.21508;448.384;
2.15743;434.068;
2.32713;470.113;
1.87133;450.23;
2.08973;429.481;
1.84135;443.783;
2.15865;442.314;
2.40844;488.986;
2.18133;449.639;
2.04386;480.999;
2.18454;440.259;
1.91509;448.608;
1.80982;427.816;
2.17595;434.436;
2.35983;483.677;
2.45804;502.966;
1.80364;438.412;
2.28449;470.744;
1.86464;451.188;
2.22842;457.927;
2.28322;477.514;
2.15457;445.252;
1.78751;435.934;
2.18633;441.446;
1.95926;458.31;
2.21705;446.141;
2.10959;459.809;
2.01473;433.485;
2.15323;432.186;
2.1525;434.125;
1.87298;453.343;
1.84451;450.057;
2.12689;432.81;
2.16003;438.157;
2.34622;479.67;
1.82879;441.845;
2.41384;489.592;
1.96795;467.094;
2.37583;479.139;
2.29052;460.712;
2.16131;432.743;
1.95553;457.946;
2.18931;436.362;
1.85042;437.942;
2.17257;446.025;
1.85028;447.705;
2.09116;428.249;
2.23175;453.906;
2.15742;440.488;
1.95737;472.248;
1.70199;401.173;
2.29539;464.646;
2.17881;438.523;
2.14556;429.486;
1.7785;419.047;
2.26368;451.576;
1.9306;456.472;
2.22187;457.444;
2.29861;462.541;
1.8715;449.9;
2.36444;475.83;
2.26364;464.396;
1.94674;473.523;
1.81404;437.916;
2.15291;440.422;
2.2904;464.934;
2.1733;438.503;
1.95622;456.684;
2.28466;459.14;
1.94089;453.133;
2.2485;452.659;
2.19377;443.366;
2.28363;460.434;
1.97345;469.544;
2.15922;438.423;
1.89127;451.615;
2.18025;452.612;
2.16632;445.589;
1.73078;419.262;
2.21208;462.725;
2.26472;456.792;
2.10236;467.149;
2.14708;431.915;
2.04744;485.823;
2.3461;472.382;
2.24388;481.639;
2.12733;417.824;
1.90588;459.719;
1.96307;472.002;
2.13638;434.767;
2.16811;439.654;
2.36884;480.921;
1.86642;449.951;
2.19713;448.462;
1.87603;417.509;
2.08322;450.693;
2.21249;449.864;
2.13966;427.035;
2.08673;493.64;
2.18999;442.291;
1.90237;447.333;
2.08895;428.801;
2.1321;438.623;
1.87757;455.241;
2.11203;427.19;
2.20779;451.297;
1.75137;426.08;
2.20074;443.267;
1.90911;460.008;
2.09031;422.773;
2.24752;457.473;
1.83466;429.611;
2.30616;472.142;
2.25763;452.273;
2.06229;494.963;
2.09824;428.79;
1.78315;425.265;
2.33931;472.029;
2.21217;451.824;
2.08761;485.09;
2.17378;442.932;
2.31083;466.991;
2.07473;483.209;
2.26669;455.474;
2.21294;451.763;
1.89662;441.646;
2.26545;452.373;
2.09487;475.336;
2.23194;470.422;
2.23852;454.255;
2.20475;455.532;
1.97622;465.905;
2.03117;486.918;
2.29466;469.317;
2.05894;425.003;
2.13047;440.072;
1.7792;419.451;
2.08377;418.501;
1.99712;439.678;
2.09704;449.222;
2.18826;441.279;
2.14246;438.113;
1.95647;461.141;
2.25325;459.285;
1.88353;459.783;
2.24483;457.495;
2.39741;485.125;
2.04055;423.806;
1.82778;434.383;
2.29639;475.674;
1.88753;453.667;
2.25344;458.556;
2.13762;428.641;
1.82288;421.602;
2.17909;440.826;
2.26016;455.912;
1.90606;451.016;
2.34125;476.439;
1.97579;476.772;
2.21737;462.112;
2.12972;438.09;
1.90968;466.347;
2.28742;463.502;
1.86732;447.77;
2.23248;451.224;
2.24969;454.847;
1.92829;460.4;
2.19369;442.149;
2.32603;471.121;
1.957;457.925;
2.29916;461.969;
1.94268;446.133;
2.24294;455.18;
2.26788;457.118;
1.97104;430.674;
1.8675;441.289;
2.03982;418.481;
2.26286;456.988;
2.32636;472.43;
1.87326;451.694;
2.08918;430.43;
1.89525;458.833;
1.85781;441.441;
2.37221;482.172;
2.31071;469.56;
2.28377;463.628;
2.19095;441.482;
1.83019;438.946;
1.83745;442.134;
2.06138;422.12;
2.23925;456.098;
2.14032;438.654;
1.93302;473.023;
2.3286;475.235;
1.92518;434.996;
2.14131;431.414;
2.02389;472.475;
2.33223;465.098;
2.1776;477.588;
2.10656;456.007;
2.10911;429.42;
1.81424;433.047;
1.80892;436.324;
2.2108;446.536;
2.17775;445.004;
2.11329;437.431;
2.22208;457.929;
1.8619;448.812;
1.93819;462.548;
2.11765;429.341;
2.28476;460.098;
2.26533;455.545;
1.95628;456.45;
1.80664;425.818;
2.30823;466.146;
2.23518;451.875;
2.3066;467.95;
2.26086;450.969;
1.85997;443.082;
1.89828;453.805;
2.16144;437.153;
2.22138;453.827;
2.14225;437.257;
2.18457;436.685;
1.8023;423.497;
1.83225;429.157;
2.28482;457.439;
2.31336;471.378;
2.22211;453.219;
1.95577;475.707;
1.89478;463.509;
2.28422;465.505;
2.33114;479.238;
2.02438;417.449;
1.87915;457.7;
1.86644;453.146;
2.27121;467.697;
2.28715;468.195;
2.22995;452.346;
1.88395;442.916;
2.03214;480.395;
2.44921;498.089;
2.28214;465.695;
2.20981;450.659;
1.93936;472.006;
1.9153;464.405;
2.23794;470.816;
2.21349;452.684;
2.21428;457.337;
2.31696;479.794;
2.00937;477.475;
1.91383;453.544;
2.01335;406.92;
2.22657;443.9;
2.13355;426.424;
2.30302;467.337;
1.95964;470.642;
2.06006;500.015;
2.22504;454.223;
2.03073;417.89;
2.20903;456.887;
2.18073;448.529;
1.74065;421.95;
1.85968;447.22;
2.05033;419.765;
2.18766;440.972;
1.95965;431.742;
2.1964;447.947;
1.87218;435.729;
2.25386;478.263;
2.21481;442.86;
1.90447;456.986;
2.34616;472.433;
1.86858;447.352;
2.20356;446.734;
2.11684;433.706;
2.06199;422.011;
1.99297;491.312;
1.94595;466.197;
2.36931;486.301;
1.96335;420.479;
2.25689;458.105;
2.12418;427.906;
1.84749;427.388;
2.28884;468.412;
1.83688;436.192;
2.25713;461.641;
2.08838;431.602;
2.18573;449.253;
1.96545;477.148;
1.85395;446.589;
2.16801;445.069;
2.13242;437.662;
2.14929;437.386;
2.0837;449.301;
1.91087;454.811;
2.09692;470.642;
2.20015;447.584;
2.15103;437.464;
2.06194;418.369;
1.90174;454.757;
2.18824;448.346;
1.89921;458.116;
2.2306;459.662;
2.17459;450.188;
2.3491;483.897;
1.85646;456.08;
2.05065;421.292;
1.77431;425.175;
2.0319;415.494;
1.88075;439.649;
2.16085;439.485;
2.19307;445.996;
1.82857;432.464;
2.33207;471.115;
2.19274;443.692;
1.91563;440.329;
1.88823;439.046;
2.16504;432.682;
2.3429;471.663;
1.94932;431.499;
2.35994;472.129;
2.14302;441.499;
1.90999;438.116;
1.95156;425.201;
2.12279;420.429;
1.98125;429.845;
1.89757;446.5;
2.26059;459.722;
1.7526;426.171;
2.19888;457.809;
2.29942;473.076;
2.06289;422.006;
1.79728;432.012;
2.24043;456.11;
1.94428;469.258;
2.10698;435.019;
2.20369;449.368;
2.30032;484.805;
2.08449;488.472;
2.16036;443.58;
2.25514;449.284;
1.89294;450.82;
2.26157;456.2;
2.36701;475.881;
1.70636;408.969;
1.83542;441.699;
2.11789;433.559;
2.2174;453.604;
2.17491;446.324;
2.2439;461.012;
1.85868;443.193;
1.90613;442.319;
2.25733;456.009;
2.25329;448.904;
2.16254;436.164;
1.87936;440.983;
2.44818;498.948;
1.82722;444.612;
2.1552;465.527;
2.12909;438.757;
1.94519;434.282;
2.14259;438.499;
2.19769;458.351;
1.78177;431.01;
1.95966;470.943;
2.25357;454.96;
2.17928;434.584;
2.16211;434.845;
2.31986;474.159;
1.99742;471.073;
2.19869;463.042;
1.9076;462.083;
W2;O:0.525656;R:166.946
2.10604;435.329;
2.27823;473.358;
1.72419;426.087;
2.00149;445.912;
2.10273;447.643;
1.85519;467.374;
1.71911;425.343;
1.85665;438.047;
2.07815;444.329;
1.94732;474.711;
1.76782;439.775;
2.06616;437.055;
1.83404;449.851;
1.94692;410.939;
1.86649;461.302;
W3;O:0.879773;R:172.41
1.86907;461.66;
1.82145;459.644;
2.11618;447.676;
2.03016;471.845;
W5;O:1.23093;R:173.02
1.58159;432.488;
1.64981;459.103;
1.70129;476.388;
1.57317;459.663;
W4;O:1.05076;R:175.427
1.47711;427.099;
W0;O:0.17455;R:176.391
1.43826;432.117;
1.1112;448.946;
W1;O:0.353702;R:177.49
