0.967449;418.002123;
1.007205;431.596678;
1.039060;448.880264;
1.039436;455.438363;
1.059507;452.992230;
1.156181;506.357440;
1.075679;456.739834;
1.035996;456.176360;
1.036016;447.936033;
1.021317;451.665684;
1.074432;471.866194;
1.093405;475.152934;
1.083253;432.249898;
1.175568;489.425574;
1.176249;469.204224;
1.210472;497.130347;
1.215233;497.675399;
1.140828;465.214804;
1.029325;416.944756;
1.129210;467.007559;
1.123334;454.139895;
1.103384;444.497658;
1.099595;452.589648;
1.200160;491.351798;
1.018255;411.891538;
0.999054;405.595409;
1.198425;487.953726;
1.110901;451.565514;
1.039356;433.728919;
1.180457;477.813065;
1.064136;436.949732;
1.181512;481.315857;
1.126308;462.470813;
1.120942;464.221234;
1.165310;469.334897;
1.143056;470.319870;
1.073226;434.727944;
0.955929;389.583326;
1.143419;464.265882;
1.075598;431.477238;
1.141714;451.021645;
1.152847;472.072315;
1.164808;463.998117;
0.964351;389.392622;
1.164705;484.597757;
1.101756;448.258257;
1.157962;471.025826;
1.122255;445.466348;
1.170477;484.477409;
1.169570;474.449900;
1.059614;429.346699;
1.172621;464.687878;
1.141467;468.105698;
1.125267;475.375852;
1.200252;487.988611;
1.139291;473.756267;
1.100292;451.737898;
1.237678;500.604863;
1.085256;441.541539;
1.207744;489.920129;
0.945766;390.068395;
1.160233;485.888773;
1.256224;510.301617;
1.161186;467.822736;
1.127740;452.914587;
1.164199;474.634236;
0.963113;395.278643;
1.011334;418.400079;
1.171516;477.214485;
1.156055;471.938718;
1.169457;482.872718;
1.094300;448.807206;
1.092237;456.001262;
1.113849;454.117713;
1.069017;440.390387;
1.142416;463.398136;
1.071072;448.362399;
1.080011;445.236474;
1.084072;456.606402;
1.108070;452.005129;
1.128814;459.264251;
1.117101;448.188141;
1.259284;507.469288;
1.275750;534.927468;
1.134406;465.794756;
1.092848;456.030610;
1.162370;465.448845;
1.093046;453.202204;
1.219966;499.993678;
1.049198;431.544670;
1.041015;424.658293;
1.030484;414.509834;
1.100960;445.863950;
1.086447;445.223428;
1.028616;422.529189;
1.092284;443.322946;
1.099124;446.391648;
1.112113;449.332946;
1.064254;430.015670;
1.158829;455.023359;
1.215118;483.241954;
1.042775;427.556903;
1.105402;455.438015;
1.034466;427.230296;
1.043462;425.362472;
1.148683;461.912229;
1.121453;451.733910;
1.201683;499.827631;
0.987258;409.705651;
1.134038;463.733174;
1.036206;422.454555;
1.114660;450.809506;
1.149577;467.817017;
1.136138;457.458669;
1.201391;499.330970;
0.999728;396.209206;
1.119520;453.374926;
1.015786;404.880201;
1.113065;457.133014;
1.003747;412.793602;
1.116558;451.417156;
1.145001;462.221901;
1.075518;442.179776;
1.065124;438.567420;
1.129181;457.991008;
1.139741;476.128244;
1.152478;472.846315;
1.041380;428.274604;
1.015792;416.336411;
1.173290;472.979207;
1.239357;502.258110;
1.055608;429.085786;
0.997015;413.050556;
0.976136;399.173996;
1.037737;433.514472;
1.178630;481.402857;
1.091565;443.941203;
1.040962;433.702380;
1.112038;445.645407;
1.185688;483.559867;
1.152545;478.543556;
1.171684;474.920438;
1.144755;471.669425;
1.106417;463.184512;
1.050092;428.638015;
0.938417;386.073435;
1.093527;433.302545;
1.074682;445.757051;
1.085886;440.721544;
1.109801;445.893520;
1.029054;409.927067;
1.231457;504.483270;
1.237371;495.009307;
1.082163;445.684386;
1.048478;429.429889;
1.153421;480.134793;
1.148372;465.854601;
1.064636;428.993650;
1.168564;478.782901;
1.046385;423.984495;
1.126894;449.370798;
1.192534;491.612934;
1.041847;428.532923;
1.042676;435.302746;
1.208300;487.347131;
1.056817;421.821563;
0.984210;408.974437;
1.183766;486.249825;
1.114885;444.686170;
1.132977;464.655629;
1.068965;437.478084;
1.197634;484.173044;
1.104501;445.876928;
1.102763;442.612163;
1.094663;449.344601;
1.175044;474.827977;
1.004420;414.520567;
1.201786;487.232743;
1.234764;504.602396;
1.013604;419.031431;
1.119875;455.084130;
1.067877;439.846357;
1.092463;441.999003;
1.248417;503.955649;
1.172335;477.279821;
1.093924;452.386427;
0.957970;385.691927;
1.089417;439.004923;
0.948521;392.772676;
1.133594;464.638425;
1.162592;479.448645;
1.143676;470.772919;
1.055190;441.843931;
1.140848;470.878214;
1.161590;464.905330;
1.159318;477.595968;
1.094213;452.084135;
1.131106;463.201419;
1.199473;497.641405;
1.106610;454.989291;
1.180184;475.190432;
0.942260;388.400719;
0.963181;392.653583;
0.949961;395.026746;
1.122173;464.653573;
0.982519;380.735892;
1.016955;409.160404;
1.131235;457.746433;
1.237323;504.518594;
1.091418;450.847508;
1.006316;405.253294;
1.021961;417.421422;
1.185366;483.108811;
1.198755;487.606383;
1.062102;434.653086;
1.036491;413.772330;
1.119783;456.712894;
0.951959;387.092577;
1.118316;461.180655;
1.241035;497.235779;
1.050044;429.522864;
1.140770;457.058841;
1.092167;450.111485;
1.145361;460.880814;
1.129148;466.534056;
1.097921;445.421447;
1.176343;467.822338;
1.254901;513.408289;
1.081491;443.850868;
1.069646;444.509716;
1.138122;471.087345;
1.164473;475.805536;
0.978499;393.508807;
1.065135;427.385805;
1.104444;444.215558;
1.089976;432.982466;
1.106355;441.019509;
1.165439;473.228320;
1.022776;412.003833;
1.078398;439.676323;
0.985356;400.347300;
1.020290;424.200357;
1.088323;451.144780;
1.128058;455.502487;
1.100992;461.125485;
1.221567;507.854965;
0.982467;399.106259;
1.002436;414.803862;
1.032242;424.947297;
0.956527;386.349311;
1.062073;435.818810;
1.050449;431.396982;
1.014423;416.459266;
1.170542;464.909538;
0.930903;373.455561;
1.071509;440.406766;
1.097075;446.622496;
1.057753;430.538703;
1.219774;492.672647;
1.015942;406.885793;
1.101149;451.563478;
1.031253;415.585797;
0.990295;400.848148;
1.136432;459.382940;
1.176993;479.072594;
1.130745;462.661880;
1.121490;449.576279;
1.098613;445.696522;
1.221394;512.202840;
0.944642;375.628820;
1.152828;474.267517;
1.124996;451.746746;
0.922005;381.084411;
1.149668;474.134218;
1.076205;447.409446;
1.036348;420.305971;
1.126466;457.347203;
1.100431;454.246701;
1.132175;463.968365;
1.204270;490.608888;
1.167883;478.721132;
1.190439;484.561987;
1.162363;483.572318;
1.049939;425.271822;
1.054783;424.295504;
1.009633;404.730172;
1.075048;430.221426;
1.113464;459.864245;
1.017391;409.554989;
1.199187;480.045014;
0.981473;402.391871;
1.173430;469.208027;
1.026602;426.426595;
1.157982;469.161586;
0.994964;408.506720;
1.034492;429.779407;
1.022979;423.357914;
1.146765;474.119548;
0.967762;391.722707;
1.096579;443.999289;
1.101313;451.049015;
1.042585;433.487853;
1.115603;451.242761;
1.012653;410.904321;
1.167121;464.059834;
1.059784;436.153910;
1.105578;452.635504;
0.894598;360.551382;
1.273859;515.078414;
1.043813;427.029525;
1.064533;437.207415;
1.163068;479.253433;
1.190991;460.366926;
1.130743;472.764620;
1.030025;413.831103;
1.075847;436.270413;
1.284469;522.258783;
1.145586;460.173256;
1.108223;458.098642;
1.153181;471.639533;
1.142285;458.041546;
1.004182;402.624423;
1.211075;493.281429;
1.175484;478.654111;
0.966649;391.985983;
1.150556;474.129073;
1.185673;487.602247;
1.120756;462.701270;
1.048436;423.098345;
1.038201;427.484513;
1.045342;426.828169;
1.170159;476.647367;
1.116833;447.619368;
1.042065;418.305449;
1.170953;475.174067;
1.110157;450.673544;
1.059560;438.593530;
1.153513;477.719456;
1.093824;439.269048;
1.075604;435.527225;
1.024944;423.136863;
1.120252;451.447767;
1.058435;439.475883;
1.075538;434.148406;
1.029075;416.367633;
1.170917;472.104316;
1.049612;422.284665;
1.223123;505.552563;
1.095180;442.250699;
1.179595;484.072040;
1.051132;435.298651;
1.023799;424.135789;
1.137976;457.009302;
1.194595;482.159168;
1.142201;458.878771;
1.163736;474.383541;
1.147425;473.962841;
1.097600;452.919842;
1.120463;454.369374;
0.929577;379.500862;
1.006421;414.561907;
1.112908;460.128212;
1.128687;451.491457;
1.172437;486.570164;
1.025037;427.037999;
1.123228;454.030515;
0.982662;392.986484;
1.127948;465.886369;
1.159652;486.988475;
0.962351;393.933986;
1.065066;439.793626;
1.173099;473.265205;
1.132658;458.276645;
1.133255;458.215192;
1.151078;471.632187;
1.107835;442.289778;
1.322175;539.081161;
1.020864;414.700520;
1.079171;438.916983;
1.069594;433.962382;
1.115474;457.774605;
1.088908;446.309248;
1.085112;432.325837;
1.259689;514.698677;
1.018960;417.550413;
1.018790;422.723663;
1.113886;459.727259;
1.239095;511.107775;
1.089114;444.814254;
1.217072;504.548100;
1.157925;469.375794;
1.199198;489.630558;
1.147020;464.291572;
1.101909;451.213277;
1.071672;446.999161;
1.003013;407.358653;
1.086102;433.036561;
1.083688;437.856098;
0.975383;396.434849;
1.072832;437.455174;
1.027165;427.432635;
1.174420;484.001185;
0.984279;399.469815;
1.133533;457.374762;
1.090316;435.345988;
1.068879;438.821503;
1.172032;487.746313;
1.301586;536.233998;
1.163983;468.712642;
1.009685;410.150760;
1.161194;481.278069;
1.198301;494.591497;
1.023626;414.020426;
1.117808;464.341356;
1.025144;419.706313;
1.167535;476.107168;
1.045449;423.026482;
1.162118;478.784323;
0.955924;389.968975;
1.104137;444.805732;
1.023858;411.931731;
1.018809;420.832527;
1.126460;464.005411;
1.093317;456.059203;
1.186449;476.232377;
1.112842;449.785822;
1.161674;479.866460;
1.023103;405.449206;
1.117450;467.756761;
1.089824;440.964071;
1.024659;422.416368;
1.054511;413.961402;
1.111008;457.892645;
1.229887;493.944342;
1.218347;501.338854;
1.216362;499.640263;
1.007813;404.408524;
1.038817;438.479392;
1.051157;430.832727;
1.031586;425.170298;
1.212663;485.351783;
1.017733;415.362303;
1.068202;437.120178;
1.044265;436.205049;
1.019988;418.941637;
0.984249;397.372131;
0.964936;395.844118;
1.091590;447.369757;
1.106675;461.256057;
1.084977;445.775340;
1.145108;477.144648;
1.103792;465.128569;
1.146651;470.814531;
1.174576;481.314146;
1.061274;426.399083;
1.107842;447.442817;
1.218945;495.162665;
1.062917;422.059131;
1.031723;430.626517;
1.161080;467.009038;
1.148786;466.572814;
1.052741;429.803007;
1.109480;465.594118;
1.138498;466.402641;
1.063068;439.274900;
1.244939;502.112447;
1.070315;433.684641;
1.154931;468.023810;
1.154826;462.662396;
1.160067;469.315761;
1.132944;468.322984;
1.005813;410.146404;
1.025432;415.142437;
1.047238;429.594251;
1.054786;435.170098;
1.064112;433.430808;
1.119897;454.455306;
1.014315;421.744903;
1.076621;426.367585;
1.069548;433.560842;
1.184270;479.101676;
1.071094;438.445281;
1.049515;437.933813;
0.920982;369.339848;
1.066743;430.805423;
1.076826;435.396190;
1.130349;460.680677;
1.154074;482.389798;
1.127158;464.195902;
1.112916;457.919521;
1.101829;441.965330;
1.178163;473.853941;
1.098730;446.493611;
1.038172;426.193040;
1.128094;446.737261;
0.913804;378.817631;
1.162106;474.378205;
1.098094;448.044171;
0.984661;397.529628;
1.118981;458.767377;
1.073276;438.595588;
1.019243;418.188366;
0.993018;401.867276;
1.210922;498.523076;
1.006752;416.766143;
1.107754;445.817078;
1.128553;460.124910;
1.047308;420.832499;
1.014592;414.713685;
0.904308;369.262005;
1.042512;435.078179;
1.054768;431.306725;
1.178210;486.182166;
1.162336;466.171483;
1.088786;451.326751;
1.126540;442.989021;
1.118627;456.427548;
1.089847;443.704533;
1.073641;447.432245;
1.171941;478.884423;
1.108585;448.902247;
0.937751;378.207004;
1.110831;466.738964;
1.063390;432.235053;
1.110400;447.499890;
1.062813;437.485338;
1.004171;417.725919;
1.161560;468.788632;
1.128279;461.855982;
1.087996;438.350809;
1.317217;532.868709;
1.039374;419.011119;
1.042790;421.164366;
1.014519;416.533534;
1.065323;428.219538;
1.068789;435.684755;
1.144237;472.499211;
0.986552;408.872175;
1.080901;448.385627;
1.174446;480.204819;
1.161526;473.295429;
1.106502;460.312431;
1.081962;445.525803;
1.040870;413.142935;
1.091945;446.649130;
1.009169;411.681292;
1.042772;428.850127;
1.114377;461.255090;
1.025012;424.891265;
1.092501;443.474771;
1.019173;421.213581;
0.980667;407.108403;
1.174983;484.662332;
1.222725;498.494348;
1.174629;477.097683;
1.073977;441.741628;
1.131951;467.816812;
1.130356;465.887480;
1.091757;448.468864;
1.036530;414.287630;
1.127948;465.365459;
1.107327;452.076590;
1.145013;465.640969;
0.953734;391.231825;
0.933011;383.412581;
1.021364;425.618162;
1.135504;458.048914;
1.152476;456.188088;
1.153816;471.934931;
1.046613;433.154752;
1.142365;469.769290;
1.040321;428.857759;
1.292406;530.874403;
1.165904;478.417282;
1.083722;442.647090;
1.014537;418.009811;
0.983851;403.117602;
1.049772;433.533090;
1.192161;479.844538;
1.127055;464.555792;
1.291372;537.645990;
1.091716;442.459492;
1.095123;445.796968;
1.108021;450.106609;
1.118684;465.917541;
1.161740;464.815292;
1.171149;477.213355;
1.177738;479.792438;
1.143296;457.361546;
0.962360;384.155061;
1.102517;453.163139;
1.253496;515.106267;
1.090716;446.435120;
1.155056;467.478849;
1.134579;463.980622;
1.247822;510.716822;
1.012320;413.173894;
1.137774;466.978505;
1.095908;442.744581;
1.064693;436.130196;
0.977148;403.953851;
1.060851;424.910770;
1.064431;441.835436;
1.046039;429.336164;
1.194284;493.088619;
1.090422;437.981454;
1.123742;458.253633;
1.028169;417.859036;
1.054601;428.099613;
1.011736;411.289924;
1.065973;427.227688;
1.075588;432.312995;
1.274506;516.310339;
1.149023;459.152419;
1.127671;465.279611;
1.172036;473.344739;
1.076167;443.167211;
1.108887;446.988348;
1.043180;419.388148;
1.116807;454.039688;
1.053749;430.187730;
0.946307;390.539361;
1.195467;476.228781;
0.899603;358.786312;
1.122444;451.148146;
1.120011;444.452940;
1.262018;532.457500;
1.029575;424.038750;
1.208015;484.118826;
0.955017;386.284238;
1.081847;442.906738;
1.087058;452.050110;
1.007750;414.696250;
1.103844;446.770643;
1.343989;552.838823;
1.031209;418.521879;
1.048833;426.311955;
1.027255;421.479507;
1.223711;495.329872;
1.182078;480.576340;
1.235571;509.125941;
1.162143;482.325695;
1.125804;458.255920;
1.152859;477.481406;
1.123472;463.443756;
0.986236;389.308172;
0.972985;400.367007;
1.095266;431.464703;
0.997304;408.544385;
1.045276;428.934562;
1.109066;443.895794;
1.091278;433.871027;
1.043836;426.759326;
1.112740;453.095535;
1.130329;464.592002;
1.234353;513.316589;
1.073005;422.076061;
1.054625;431.842434;
1.021647;414.533027;
1.226557;481.527730;
1.066769;435.546775;
1.239553;498.323778;
1.185531;486.975807;
0.999805;417.579401;
1.132910;462.306871;
1.132369;464.348770;
0.999083;402.408316;
1.031691;416.214975;
1.017155;416.786313;
1.020482;416.411103;
0.964734;394.782848;
1.126796;466.826513;
1.159804;462.668809;
1.070355;441.682165;
0.907806;378.773610;
1.120618;466.443767;
1.190111;484.484008;
1.160943;477.434880;
1.231515;512.525796;
1.055736;417.120017;
1.026811;420.845810;
1.125458;460.902981;
1.100561;450.104514;
1.108840;439.678518;
1.052927;417.133620;
1.078011;438.367367;
1.186969;482.210610;
1.043390;424.179607;
1.155318;474.669917;
0.968834;396.136222;
1.084338;440.980021;
1.016889;417.416703;
1.102521;437.649756;
1.169999;477.915922;
1.106037;437.393707;
1.086639;443.040130;
1.101821;446.739732;
1.232980;508.901573;
1.300957;530.091271;
1.053123;431.317974;
1.113366;447.866233;
1.160905;470.118604;
1.122877;446.560210;
1.160745;478.802806;
1.092623;441.682463;
1.090340;448.404911;
1.156296;472.131447;
1.097164;448.887436;
1.145816;469.170424;
1.137129;469.881794;
1.100648;442.888307;
1.248211;504.716964;
1.110863;449.500999;
1.050563;427.754872;
1.075333;444.865508;
1.162205;480.499733;
1.183567;489.965562;
1.098629;450.512491;
1.163382;471.423718;
0.999662;410.035901;
1.250405;519.831823;
1.067891;428.544526;
1.118363;457.455941;
1.185791;482.532090;
1.202531;484.536398;
1.134027;465.059425;
1.024930;404.718511;
1.108118;457.988145;
1.137319;474.841956;
0.956977;395.554326;
1.136435;454.756017;
0.974551;390.080046;
1.104745;443.617728;
1.124097;450.897242;
1.121859;442.876434;
1.007012;417.939072;
1.139876;461.062293;
1.137089;460.189774;
1.150209;475.337526;
1.071232;428.126239;
1.156855;468.426869;
1.028465;427.241825;
1.182982;477.640214;
1.121597;453.005713;
1.086212;440.031525;
1.126767;460.290302;
1.250506;503.372828;
1.098809;443.539666;
1.050236;419.887635;
1.116185;466.153957;
1.101125;441.774498;
1.124872;456.438386;
1.175351;480.798380;
1.205334;486.803676;
1.016819;406.971581;
1.115127;458.119748;
1.228493;502.778568;
1.009105;415.346454;
1.094981;445.386651;
1.141240;456.590927;
1.019303;409.891330;
1.226447;498.523635;
1.179739;489.530776;
1.095892;442.622254;
1.178274;479.567519;
1.191020;487.552720;
1.078931;454.671135;
1.228516;485.778793;
0.968569;396.197301;
1.052065;430.294779;
1.029165;427.171089;
1.089234;434.083367;
1.067101;437.821403;
0.964669;397.693446;
0.976696;386.417128;
1.288774;535.831923;
1.089698;452.688771;
1.115290;454.159680;
1.076318;442.448923;
0.984818;399.766929;
1.149034;461.720342;
1.236495;502.571243;
0.974751;398.855308;
1.112868;451.508470;
1.130697;447.079366;
1.131400;457.228975;
1.043204;408.921934;
1.168760;477.443721;
1.016885;420.885617;
1.207602;481.571088;
1.096001;435.560513;
1.194001;480.513557;
1.069053;436.077224;
1.031448;420.446310;
1.076837;435.899595;
1.182290;476.645848;
1.059956;431.901441;
0.993900;400.743429;
1.115772;465.374609;
1.023351;423.155794;
0.995894;415.911299;
1.195246;489.308560;
1.173714;484.063696;
1.191817;478.332047;
1.047270;432.996477;
1.142346;467.290367;
1.054133;440.517047;
1.382431;558.323891;
1.080577;441.193544;
1.195712;494.437520;
1.074502;443.530657;
1.185792;482.519473;
1.141045;474.057830;
1.179458;487.310342;
1.150669;465.444781;
0.988929;417.974294;
1.145088;462.875912;
1.166961;475.389536;
1.041075;419.428402;
1.003283;416.830698;
1.243792;498.571731;
1.140459;461.539047;
1.153427;482.001070;
1.194211;478.159812;
1.149015;469.305938;
1.027405;415.925771;
1.067194;434.069953;
1.041659;424.196966;
1.033288;415.428953;
0.993319;407.848622;
0.986336;404.522859;
0.964216;394.627466;
1.076733;433.731270;
1.205349;498.792883;
1.143193;452.533519;
1.011358;406.982336;
1.090792;449.613501;
1.030288;417.889469;
0.889959;367.541449;
1.108494;455.664040;
1.058603;430.349312;
0.997219;410.481710;
1.029967;424.013219;
1.122560;465.289365;
1.080642;439.251973;
1.218330;492.768611;
1.191018;487.852091;
1.066226;434.263267;
1.149264;465.010878;
1.050291;433.982940;
1.228782;491.393682;
1.222752;487.148317;
1.133914;452.960318;
1.172996;472.096109;
1.102025;453.931885;
1.220125;500.436810;
0.966498;390.486522;
1.013956;402.949137;
1.194818;489.164068;
0.941098;378.987121;
1.135227;457.432136;
1.073135;440.367938;
1.290624;514.931653;
1.114650;448.034027;
1.015805;407.645858;
1.091190;446.584854;
1.252522;523.782097;
1.145550;471.720710;
1.251421;514.610554;
1.162905;470.888413;
1.097422;444.665352;
1.148445;455.194162;
1.056704;435.661566;
1.056775;425.650260;
1.123514;467.860261;
1.108276;448.531109;
1.076258;440.694474;
0.988841;415.400168;
1.025703;420.618068;
1.213967;491.778164;
1.255196;505.762330;
1.068519;440.159955;
1.156449;479.604874;
0.976932;392.230569;
1.133500;460.573353;
1.162320;474.181189;
1.087470;443.061410;
1.163745;468.596070;
1.127089;467.735322;
1.027766;419.995670;
1.177141;489.134970;
1.191693;486.497991;
1.016722;414.796458;
1.091065;441.499958;
1.030472;421.102738;
1.105228;453.117141;
1.141935;470.181626;
1.174766;474.547469;
1.185293;481.028133;
1.019098;416.914725;
1.202735;486.995564;
1.062152;436.579339;
1.065079;431.967092;
0.968873;396.829442;
1.119801;464.583695;
0.872510;350.099849;
1.132436;466.498034;
0.992043;403.215303;
1.201513;479.374855;
1.072806;434.543593;
1.002413;398.596480;
1.052368;418.515171;
0.894830;361.154919;
1.216481;493.626098;
0.965713;385.606250;
1.065571;422.114081;
1.095024;447.306880;
1.066340;440.102082;
0.972901;393.563783;
1.060696;438.721376;
1.141569;464.687274;
1.247310;501.420338;
1.261953;513.613823;
1.073699;432.188519;
1.035875;415.852969;
1.129619;458.836245;
1.076106;444.228873;
1.054875;433.933197;
1.078415;439.244211;
1.208760;479.816762;
1.033418;423.022421;
1.108462;449.746419;
0.967119;385.741882;
1.166095;484.350387;
1.169737;477.987725;
1.108771;453.070322;
1.109895;449.491930;
1.131688;457.832380;
1.199568;470.293302;
1.107922;454.792609;
0.961099;383.865792;
1.231504;487.562444;
1.163401;457.966725;
0.880787;354.039657;
0.958540;388.543444;
1.072851;433.363993;
1.183021;482.333651;
1.021387;422.208222;
1.192837;489.864928;
1.046521;419.619570;
1.080788;444.991008;
1.052788;432.189289;
1.171619;474.298891;
1.222274;497.560065;
1.143986;461.891782;
0.964636;383.479176;
1.034197;419.344281;
1.127279;458.816157;
1.070093;440.625535;
1.107000;454.314589;
1.215330;489.692231;
1.063406;430.118241;
1.055257;428.642298;
1.031909;422.168696;
1.084160;436.709350;
1.045225;422.143290;
1.060177;429.820439;
1.072765;440.682832;
1.049113;426.798535;
1.076703;447.538769;
0.997951;407.692406;
1.125628;453.501823;
1.139651;469.413599;
1.147886;475.355729;
1.089507;432.671100;
1.077007;435.173631;
1.117416;460.013123;
0.996299;408.134462;
1.105701;445.736574;
0.942859;390.643973;
0.993027;398.539452;
1.059782;428.107350;
1.097584;444.370727;
1.166243;469.336992;
1.096414;443.774801;
1.103901;445.576564;
1.129226;461.403427;
0.953335;385.093310;
0.897246;372.287657;
1.205768;491.762613;
1.056154;431.023326;
1.067239;440.037245;
1.114340;449.597827;
1.008483;411.384515;
1.184873;488.475009;
1.133292;463.269786;
1.093732;448.257421;
1.050403;428.326252;
1.128518;451.353839;
1.190742;486.030786;
1.005356;405.899779;
1.151142;459.647205;
1.000578;406.528571;
1.117244;455.405048;
1.044062;433.479846;
1.117871;465.413805;
1.171930;478.231581;
1.147776;484.739730;
1.070024;438.360489;
1.025264;410.351464;
1.155799;467.569513;
0.942946;379.777923;
1.155362;469.005135;
1.137200;467.083478;
1.021746;416.889062;
0.972337;402.953673;
0.983243;405.610705;
1.175601;475.806330;
1.258486;504.031647;
1.016956;420.659538;
1.082169;417.286629;
1.013942;422.895421;
1.091845;441.613962;
1.129901;464.823080;
1.119549;462.154880;
1.244406;502.522740;
1.126755;453.285784;
1.135603;453.540467;
1.100010;438.019190;
1.026383;415.740640;
1.027535;414.382384;
1.055384;426.726630;
1.124562;457.697171;
1.120018;454.090760;
1.157924;467.950345;
1.049402;433.241219;
1.203676;498.616401;
1.057532;426.381450;
1.054904;433.437122;
1.187761;494.643006;
1.154213;473.975397;
1.131390;461.833642;
1.015847;414.192366;
1.012044;404.361460;
1.085124;426.029531;
1.032640;414.978632;
1.103523;454.354756;
1.159060;474.012151;
1.080814;446.698260;
1.230759;499.466838;
1.229277;500.856089;
1.106280;457.127518;
1.143769;466.010797;
1.056480;426.192464;
1.052526;421.260830;
1.088772;433.559478;
1.050674;427.218272;
1.082825;438.824653;
1.045870;419.359814;
1.024064;416.933470;
1.023250;411.572702;
1.154730;472.637600;
1.139745;461.949742;
1.195512;486.870859;
1.018083;418.409617;
1.136149;468.139466;
1.082041;442.516271;
1.053769;427.622217;
1.210474;499.915228;
1.207988;481.124817;
1.062941;427.583061;
1.018470;407.812603;
1.083347;438.038329;
1.030962;418.445639;
1.107398;450.501826;
1.040781;418.181048;
1.089904;445.626159;
1.095732;448.084945;
1.230477;492.728705;
1.196363;476.424384;
1.205208;484.087070;
1.085001;446.891328;
1.150072;475.712267;
1.184329;482.983722;
1.032815;411.676826;
1.162068;456.916250;
1.076656;436.908291;
1.029845;422.541125;
1.107473;453.053936;
1.018834;429.689152;
1.032442;426.279582;
0.982351;397.846276;
1.031316;419.959941;
1.089273;440.979268;
1.085620;444.827906;
1.022589;410.127869;
1.103086;450.926729;
1.038195;420.819510;
1.166226;465.581643;
1.155343;471.202216;
1.093364;440.612078;
1.134486;455.873303;
1.140030;465.774122;
1.164186;482.098436;
1.172708;482.619226;
1.096340;442.246774;
1.184537;484.556185;
1.103831;434.451298;
1.013392;417.072346;
1.071831;436.267558;
1.017363;411.759570;
1.139882;461.975914;
1.053080;433.362434;
1.118571;459.520385;
1.052049;416.257042;
1.009801;410.165519;
1.224576;494.100778;
1.122004;462.938622;
1.182824;489.606656;
1.083928;441.634622;
1.006556;413.628325;
1.242503;510.020774;
1.081468;435.981641;
1.201124;480.323695;
1.107654;441.626960;
1.024211;420.271577;
1.121345;456.425785;
1.109674;446.823939;
1.055839;426.958793;
1.009147;423.737755;
1.148591;457.399090;
1.117193;441.718872;
1.159431;465.243109;
1.102718;455.690691;
1.186668;488.990226;
0.997848;410.752995;
1.150256;467.050188;
1.070966;433.657726;
1.124053;453.414409;
1.271289;511.138401;
1.191574;485.448141;
1.040287;433.329165;
1.072334;441.461181;
1.083960;447.962496;
1.091993;439.734235;
1.128138;459.756369;
0.975843;397.892213;
1.044440;425.598488;
1.034788;411.336409;
1.081335;439.842049;
1.090990;439.413178;
1.216116;496.106223;
1.139364;471.332369;
1.165884;476.067366;
1.076103;443.922042;
1.267578;503.483071;
1.119941;439.504736;
1.167777;478.439963;
1.053143;439.763062;
1.127496;466.549954;
1.040782;422.153378;
1.080882;445.329419;
1.068359;441.956581;
1.018998;412.972837;
1.051248;420.007150;
1.122952;466.136144;
1.118550;452.102242;
1.076111;436.319632;
1.105244;447.299274;
1.056773;422.375201;
1.222093;491.608512;
1.217795;492.526795;
1.140418;470.588497;
1.034575;432.645516;
1.061777;441.435800;
1.066998;434.442635;
1.150740;477.232653;
1.139846;453.954155;
1.110853;444.132103;
1.104878;454.855962;
1.223354;497.337842;
1.241883;512.843303;
1.021311;416.127850;
1.109326;449.131843;
1.085426;438.077982;
1.069713;436.882303;
1.038150;420.998435;
1.100382;443.715534;
1.110813;438.034911;
1.086573;438.462271;
1.099568;450.215522;
1.127398;457.264356;
1.158870;476.096916;
1.106475;447.659120;
1.126486;441.075101;
1.030168;419.985656;
1.030974;410.885500;
1.097309;450.324230;
0.928860;375.457163;
1.072622;435.387144;
1.056111;425.485671;
1.144815;468.521099;
1.180548;473.297335;
1.219139;500.260192;
1.094388;438.452137;
1.208435;498.894162;
1.101975;451.460959;
1.045189;423.522625;
1.167909;483.543026;
0.844506;350.529115;
1.142754;469.096349;
1.073503;447.326995;
1.150011;468.987724;
1.077228;439.594458;
1.029157;418.201592;
1.152671;468.288456;
1.055753;427.065304;
1.092537;447.529336;
1.191923;487.778789;
1.101867;457.921765;
1.167050;465.070572;
1.258398;513.621945;
1.166156;468.382037;
1.150756;466.700618;
1.000129;404.319830;
1.194960;480.986705;
1.124494;461.257716;
1.153391;468.266383;
0.977516;393.993262;
1.156486;473.665530;
1.092755;445.814604;
1.180610;475.004003;
1.190681;497.198227;
1.069965;432.758473;
1.001039;399.708195;
1.060719;432.396862;
1.071854;442.325964;
1.225451;497.616794;
1.202927;493.662557;
1.026800;421.927379;
1.150076;460.157354;
1.089397;447.797124;
1.092344;443.461305;
1.158195;467.323940;
1.070834;426.169488;
0.898797;362.896404;
1.050118;426.076140;
1.001685;411.954199;
1.079571;442.583670;
1.217648;497.756568;
1.056042;434.864016;
1.162641;482.699696;
1.122892;457.954517;
1.115440;456.883848;
1.099706;443.374137;
1.069181;424.001153;
1.082138;427.278295;
1.101115;438.057911;
1.251803;504.002885;
1.084996;447.519629;
1.047168;422.040640;
1.041399;413.725924;
1.056087;435.907167;
1.100771;456.811654;
1.049661;426.171856;
1.064193;436.963928;
1.107996;454.091738;
0.996167;411.618314;
1.121428;470.252378;
1.094512;446.066852;
1.000332;407.099641;
1.099967;447.413914;
1.117112;454.373109;
1.340067;558.528495;
1.104022;440.615984;
1.059235;434.081007;
1.196538;486.301889;
1.181178;481.608247;
1.209233;490.840462;
1.193174;487.124237;
0.970374;395.608708;
1.123235;447.243227;
1.100787;453.920117;
1.021441;423.014331;
1.098339;450.091654;
1.108215;449.482437;
1.073880;429.509606;
1.067206;434.178868;
1.078370;438.090404;
1.020851;422.166925;
1.109573;452.503298;
1.025059;414.803118;
1.138092;471.251364;
1.068376;431.338570;
1.188594;488.286549;
1.116326;458.312604;
1.387019;561.947459;
1.212830;489.201562;
1.023764;421.407290;
1.173447;472.417620;
1.041603;421.872373;
1.214878;501.792922;
1.122154;458.126316;
1.085529;452.458674;
0.987251;401.957564;
1.000265;395.756862;
1.100739;444.498242;
1.028524;413.758849;
1.069673;431.434082;
1.162938;470.376901;
1.166158;470.338080;
1.036818;419.542673;
1.162026;468.508623;
0.959948;398.684391;
1.128637;468.803183;
1.036100;418.178602;
1.225490;498.678309;
0.998692;398.329584;
1.072842;437.092244;
1.094619;454.140023;
1.234386;501.757499;
1.017300;417.565658;
1.062815;427.840007;
0.968730;390.969944;
1.106713;462.000999;
0.968384;391.029559;
1.025041;420.929280;
1.137611;467.068266;
1.075117;443.625011;
1.057541;419.480633;
1.006587;410.553438;
1.048407;422.480169;
1.054520;432.910899;
1.229674;501.925839;
1.117226;456.504877;
1.101317;447.798721;
1.197052;498.977756;
1.075510;443.431085;
1.117322;459.037921;
1.084709;434.437406;
1.003816;416.929989;
0.985033;401.034856;
1.064820;423.449394;
1.038594;422.517261;
1.097651;448.569478;
1.061852;439.690407;
1.083554;447.444919;
1.212569;500.710407;
1.128313;466.724470;
1.050321;427.868738;
1.147348;469.480226;
1.048190;425.510030;
1.060114;428.467712;
1.049773;429.241528;
1.161803;473.824711;
1.137210;452.564936;
1.370212;553.800076;
1.165292;483.841993;
1.036256;420.270695;
1.165411;483.186447;
1.095027;446.649593;
1.151229;470.271222;
1.135905;470.314300;
1.063459;427.988111;
1.102194;446.831085;
1.072107;451.337269;
1.114866;460.760677;
1.079397;431.735429;
1.185881;497.493599;
1.062503;423.234900;
1.202648;497.173754;
0.998873;401.958590;
1.088573;448.300968;
0.983128;404.442540;
1.175877;491.412453;
1.130359;469.687492;
1.028151;421.640477;
0.950699;388.497344;
1.176025;485.151542;
1.094627;449.351434;
1.016643;418.620629;
1.081253;428.498448;
1.193009;493.443563;
0.993831;400.158199;
1.101152;460.333054;
1.044719;423.449802;
1.185497;484.480580;
1.062403;433.463414;
1.144996;463.337430;
1.027023;418.178930;
1.061714;441.975343;
1.116385;456.041601;
1.124352;454.736554;
1.112048;455.301474;
1.123675;460.970485;
1.126233;464.346520;
1.047677;426.226997;
1.071690;437.738688;
1.068678;439.196334;
1.273672;511.789322;
1.200159;479.044183;
1.101811;446.797669;
1.132705;462.921168;
1.085989;445.268103;
1.016235;413.263681;
1.054818;432.582432;
1.005492;411.076759;
1.319318;557.157413;
1.188064;484.750003;
1.003524;412.338781;
1.196803;491.374042;
1.064956;432.902312;
1.086931;433.689627;
1.186663;491.569180;
0.991451;408.611345;
1.073231;444.955530;
1.054591;429.176053;
1.042291;415.610846;
1.085130;435.779168;
1.122972;459.353065;
0.964101;378.033789;
1.240830;505.340090;
1.190524;483.488364;
1.198295;492.502486;
1.137069;473.534696;
1.118606;447.277741;
1.028273;413.454189;
1.194940;493.480410;
1.118496;457.389891;
1.200497;485.194488;
1.056202;432.788667;
1.022138;413.911990;
1.220653;497.225185;
1.208024;485.901240;
1.283393;524.032071;
0.952412;384.519440;
1.101899;446.753598;
1.054815;415.007533;
1.129460;458.565254;
1.113355;455.562838;
1.096907;433.102686;
1.164079;489.594971;
1.228356;501.203312;
0.996265;407.928434;
1.198615;488.098664;
1.151896;461.164551;
1.216973;480.124212;
1.187936;491.575546;
1.173285;482.047467;
1.126261;450.188999;
1.181080;481.469308;
1.103218;454.900923;
1.079298;448.361765;
1.094406;443.317969;
1.079062;443.453411;
1.128086;454.842109;
1.081195;442.967843;
1.072758;449.250342;
1.101662;449.957507;
1.297297;532.432326;
1.022035;408.467819;
1.084615;443.629923;
1.086869;446.274180;
1.102122;442.409985;
1.102673;457.301385;
1.031073;421.982396;
1.127091;457.939654;
1.107129;432.976045;
1.241567;506.280169;
1.083441;442.234881;
1.058829;427.227650;
1.214271;485.985414;
1.163477;479.493143;
1.196979;488.985821;
1.140235;473.498157;
1.083192;450.585593;
1.192567;485.669619;
1.077303;444.812057;
1.121437;444.574154;
1.193748;489.787409;
1.035490;415.670469;
1.042425;426.513254;
1.012038;412.191306;
1.129442;464.163329;
1.058740;423.615955;
1.100163;445.274198;
1.112677;453.876353;
1.029387;416.660429;
1.208172;490.118042;
1.223860;494.077324;
1.056535;419.386709;
1.024547;414.156255;
1.071458;431.193296;
1.216447;497.664099;
1.149786;473.998995;
1.064219;426.707840;
1.128304;460.034624;
1.083778;442.606908;
1.126373;461.190407;
1.141562;474.430633;
1.106295;454.371182;
1.059971;429.556665;
1.105217;455.910267;
1.139515;467.031611;
1.096303;448.653420;
1.109862;453.012500;
1.107548;458.173098;
1.126108;459.611951;
1.154178;471.528872;
1.048654;427.572964;
1.220553;489.960711;
0.958094;394.611296;
1.065374;436.054366;
1.037480;427.581799;
1.118604;452.349693;
1.103791;447.253222;
0.999541;401.713462;
1.195730;484.578852;
1.029218;407.701414;
1.059062;432.299153;
1.116373;449.484011;
1.042123;419.746442;
1.160083;468.734416;
1.165606;464.955709;
1.189963;483.301361;
1.178375;476.910212;
1.104482;445.822542;
1.255159;500.777011;
1.174313;484.615623;
1.063238;438.456288;
1.082448;438.372859;
1.050793;419.899357;
1.151536;469.839049;
1.112500;448.143561;
1.105671;449.857468;
1.120274;463.338806;
0.993267;403.822711;
1.029652;420.498276;
1.173978;473.967418;
1.098599;445.299620;
1.059308;432.176478;
0.944495;389.272581;
1.089782;430.312742;
1.079800;439.408763;
1.067878;436.804850;
1.101522;443.799082;
1.228318;504.774791;
1.113040;454.369457;
0.873435;360.026881;
1.195973;491.578730;
1.088994;444.949031;
0.990861;409.050536;
1.038178;423.358691;
1.238555;503.580045;
1.031457;421.575358;
1.330869;542.566385;
1.153111;467.700148;
1.064500;430.484135;
1.131861;463.179490;
1.139881;469.262320;
0.979662;396.970907;
0.974984;398.151690;
1.126717;456.219814;
1.184549;470.657789;
1.152212;450.324854;
1.055451;433.275453;
1.035458;417.854546;
1.141639;467.642273;
1.162228;472.791232;
0.963995;393.160108;
1.096850;446.760421;
1.161591;469.541223;
1.170553;466.051637;
1.006875;418.768869;
1.082593;445.957377;
0.944079;382.003387;
1.082345;449.143570;
1.312998;532.583578;
1.094900;446.278580;
1.122634;449.253453;
1.080024;451.535967;
1.176906;482.471885;
1.153927;480.437516;
1.013124;412.122766;
1.095200;442.002725;
1.085683;441.029076;
1.033347;420.559667;
1.108250;438.808746;
1.148269;459.126069;
0.943635;384.993750;
1.149675;468.236010;
1.124969;457.842179;
1.074556;437.563302;
1.096774;466.713775;
0.884530;354.115783;
1.098298;447.535631;
1.087792;431.828923;
1.097343;459.558216;
1.310544;533.363075;
1.098421;443.776584;
1.119965;452.945513;
1.186785;484.015068;
1.231709;509.442924;
1.222424;497.280661;
1.187500;478.887047;
1.068502;444.787422;
1.039499;429.741308;
1.081308;442.070157;
1.121489;458.467484;
1.127515;453.370987;
1.047926;426.156459;
1.138269;449.068151;
1.114642;464.953064;
1.127870;456.265481;
1.112087;448.073723;
1.223326;500.039855;
1.067278;440.015600;
1.121176;453.893899;
1.167956;479.107277;
1.144826;474.725312;
1.134204;468.686958;
1.072524;438.797863;
1.050151;433.279652;
1.141700;461.000096;
1.131360;457.842225;
1.192182;490.587920;
1.065829;431.363274;
1.170619;484.647924;
1.146721;467.770111;
1.123007;452.954361;
1.040617;426.868930;
1.324271;539.689234;
1.129788;468.267923;
1.034425;425.583535;
1.030531;419.382607;
1.107465;450.479112;
1.041191;425.563015;
1.091124;442.933286;
1.046981;416.757866;
0.989453;413.699468;
1.072371;446.527651;
1.004776;409.834747;
1.108790;449.649319;
1.097020;447.972812;
1.282857;524.650993;
1.113519;459.333953;
1.077523;445.089974;
1.120958;467.534361;
1.000394;413.588942;
1.062947;426.722782;
1.164318;485.458011;
1.101468;454.683740;
1.207718;502.244053;
1.066925;440.344974;
1.044709;431.472688;
1.000292;407.448150;
1.109892;454.672928;
1.026855;409.313431;
0.997448;411.424588;
1.128690;458.012568;
1.103858;454.417824;
1.077745;441.054998;
1.048922;418.641953;
1.268313;517.835880;
1.102139;458.062425;
1.216179;486.042413;
1.026098;414.325733;
1.139605;459.617172;
1.124373;458.313077;
1.105908;453.779460;
1.080970;450.215278;
1.023689;422.304855;
1.125295;461.492347;
1.264273;508.546693;
1.094136;445.928387;
1.144451;464.017298;
1.112189;447.917354;
1.181005;485.942852;
1.073624;430.555043;
1.008932;414.414264;
1.070267;445.329442;
1.206618;483.316283;
0.998158;414.349346;
1.260047;511.345040;
1.176540;482.905623;
1.087559;448.478570;
1.233169;503.879638;
1.071066;436.022111;
1.163668;469.624776;
1.071113;434.284124;
1.151951;450.028370;
1.133638;462.443540;
1.050885;428.615037;
1.023327;411.372474;
1.163768;481.300842;
1.036693;425.409683;
1.108883;456.075414;
1.005868;411.406933;
1.001994;404.285239;
1.139929;460.837182;
1.069303;433.340673;
1.188484;487.414048;
1.037807;423.320237;
1.139015;462.011932;
0.996674;407.397034;
1.178555;478.768615;
1.067572;438.731732;
1.171626;467.218244;
1.036752;414.642037;
1.020147;409.047473;
1.031396;424.215843;
1.144525;455.215796;
1.081329;443.597373;
1.151853;473.729781;
1.256485;499.602582;
1.121306;464.962888;
0.994579;417.717412;
0.981244;397.446272;
1.232672;492.753166;
1.197271;502.039384;
1.114389;463.970240;
1.057221;433.520611;
1.034545;425.227853;
1.019347;408.952054;
0.960698;398.825258;
1.192689;478.339738;
1.126533;467.438073;
0.991971;396.372637;
1.160388;484.943878;
1.068344;433.251289;
1.090837;447.797992;
1.113990;455.664378;
1.036039;413.636202;
0.987138;405.538246;
1.146272;473.148198;
0.986190;406.092923;
1.092019;447.878366;
1.168505;478.385542;
1.069898;447.286544;
0.946923;386.336303;
1.162040;463.560673;
1.078349;445.017533;
1.074609;436.459481;
1.142869;458.792229;
1.105052;447.827859;
1.110963;442.617607;
1.150052;466.658338;
1.133341;457.908221;
1.107951;468.499647;
1.088898;439.560799;
1.050086;420.384763;
1.014128;423.964160;
1.041069;417.151490;
1.082871;437.503014;
1.022510;418.191013;
1.222153;498.382776;
1.097342;448.398585;
1.307773;525.986485;
1.083039;453.355449;
1.028183;427.184503;
1.182414;470.134191;
1.053596;428.359524;
1.022029;411.214181;
1.107433;456.659571;
1.038096;422.455265;
0.894217;360.554008;
0.989495;392.224261;
1.164448;466.015892;
1.068062;429.459571;
1.200395;482.768224;
1.152146;471.123012;
1.074539;439.860087;
1.098653;452.240158;
1.046682;431.736175;
1.229499;497.894660;
1.129795;457.746499;
1.126912;465.637910;
1.066003;431.373150;
1.031993;407.723247;
1.180381;478.213117;
1.077308;441.960410;
1.163563;468.757666;
1.065895;427.906070;
1.289775;521.431805;
1.067563;445.891935;
1.087396;448.780878;
1.100054;447.942348;
1.056973;430.898245;
1.132968;459.810677;
1.309625;532.018370;
1.146016;480.073265;
1.082105;443.872994;
1.064535;435.262048;
1.133244;449.996184;
1.285219;526.627165;
0.995951;396.327045;
1.046067;426.890040;
1.170647;461.232363;
1.075413;434.730884;
1.017306;411.802826;
1.184254;481.098822;
1.106301;455.899963;
1.050190;429.525713;
1.159421;478.419146;
0.950961;382.254447;
1.006308;401.470171;
1.091755;440.913189;
1.122125;458.663758;
1.240499;512.590784;
1.163521;483.569825;
1.018709;412.446293;
1.001860;402.422733;
0.973826;393.315347;
1.132292;460.970911;
1.039778;413.528503;
1.045392;419.162147;
1.036558;428.367851;
1.038720;430.543440;
1.136635;459.208104;
1.162066;469.308911;
1.069490;437.923030;
1.144747;470.816937;
1.207801;496.025332;
1.111010;459.205496;
1.172802;481.004633;
1.149840;471.869199;
1.105449;459.692624;
0.933533;371.142932;
1.023293;420.874786;
1.051836;430.944549;
1.146584;470.418343;
1.100071;453.737372;
1.082275;447.055895;
1.093665;446.879447;
1.002794;421.091590;
1.076854;434.051960;
1.073001;428.979775;
1.063661;443.606800;
1.007325;402.202754;
1.219047;493.013780;
1.156483;469.760921;
1.096733;447.933545;
1.061673;432.807048;
1.111228;444.825564;
1.085397;444.822820;
1.198873;491.012958;
1.140173;463.800260;
0.999355;401.980709;
1.084961;444.534968;
1.079492;442.037196;
1.049273;422.981902;
1.220470;498.193689;
1.256021;505.241548;
1.158100;472.098002;
1.011132;399.709159;
1.103052;453.393714;
1.127150;452.840629;
1.155553;473.417676;
1.107549;453.674400;
1.029837;422.835211;
1.130659;465.792668;
1.087259;446.757948;
1.231002;495.256876;
1.022575;408.548431;
0.995992;402.700733;
1.059208;430.121021;
1.116675;452.965870;
1.048717;426.186068;
1.194472;478.482711;
1.062569;436.026456;
1.058277;430.994787;
1.072469;442.143331;
1.210756;473.018419;
0.994441;408.142102;
1.183100;475.702592;
1.123568;448.107323;
1.098375;439.000781;
1.091896;446.507798;
1.024474;407.166181;
0.954190;383.523271;
1.192689;480.613975;
0.994908;399.473465;
1.121661;461.257625;
1.059200;433.968447;
1.039004;429.195162;
1.147894;470.835460;
1.207386;495.366561;
1.122923;446.722473;
1.175831;480.199591;
1.134159;450.656483;
1.156330;464.275070;
1.115314;447.401511;
1.090559;437.923232;
0.998709;398.242943;
1.076211;444.237163;
1.132349;435.089467;
1.192038;455.317167;
1.134357;454.962223;
1.065314;402.483821;
1.183847;450.762480;
1.067850;419.667879;
0.998613;393.126797;
0.991029;400.281531;
1.061673;434.197456;
1.111228;455.958465;
1.036123;424.296610;
1.116438;451.038116;
1.001227;406.024736;
1.043663;422.711098;
1.209085;500.420243;
0.986890;397.753290;
1.030887;415.803112;
1.255170;492.605791;
1.199075;487.535590;
1.092952;446.614149;
1.300151;519.507581;
1.138415;468.926160;
1.042230;420.691409;
1.240198;508.469744;
1.055081;431.955499;
1.156319;461.367593;
0.997583;402.496967;
1.179973;471.690794;
1.147250;453.032691;
1.156030;468.387405;
0.948760;386.679669;
1.160279;469.344975;
1.163083;475.124767;
1.152962;470.048222;
1.043270;431.945169;
1.175339;477.905206;
1.107175;443.844302;
1.038090;416.383731;
1.106071;457.378068;
1.076538;441.174308;
1.231495;502.331633;
1.178692;484.658978;
1.181884;478.994512;
1.008509;408.851008;
0.956445;393.199635;
1.116463;455.735568;
1.172428;473.942817;
0.932594;374.972451;
0.918944;370.603615;
1.080015;438.410566;
1.146135;465.773291;
1.065218;436.836992;
1.153851;465.674071;
1.249283;506.876291;
0.989118;403.511343;
1.067459;430.559403;
1.179223;480.476059;
1.057523;436.025041;
1.091574;429.339431;
1.190885;494.285063;
1.071560;439.910753;
1.089382;447.336982;
1.185082;475.935338;
1.268052;507.375631;
0.993441;402.843082;
1.086219;442.119190;
1.194020;489.430139;
0.991805;406.967303;
1.059558;432.499976;
1.148144;453.402990;
1.033898;424.152420;
1.048286;430.227769;
1.091598;436.210585;
1.087416;451.437231;
1.321315;540.526195;
1.144582;471.280272;
1.102617;449.457641;
1.090943;436.830879;
1.068506;436.746227;
1.016310;409.291093;
1.134338;458.463149;
1.132729;461.295312;
1.034760;423.252980;
1.089153;442.861738;
0.929424;378.301705;
1.213739;486.679470;
1.206933;492.403056;
1.157616;462.779197;
1.224817;489.816725;
1.063225;421.534214;
1.175737;465.836824;
1.161745;477.541670;
1.058474;433.782646;
1.087287;437.610613;
1.048864;430.430958;
1.108828;440.709165;
1.103096;454.152604;
1.152596;469.679261;
1.177679;476.344204;
1.210352;500.655558;
1.072125;429.652142;
1.177726;477.191049;
1.108427;449.457952;
1.010901;411.762606;
1.119132;450.997881;
1.098019;444.355879;
0.983828;401.012489;
1.228657;506.500834;
1.087777;441.701623;
1.067229;440.741655;
1.085396;431.686309;
1.137187;451.528949;
1.174896;478.468792;
1.173586;472.745923;
0.999505;406.428835;
0.980829;399.623528;
1.027086;426.299634;
1.170471;467.493413;
1.126655;451.830619;
1.114398;449.228252;
0.956549;383.636276;
1.028869;423.587722;
0.958275;389.332140;
1.119182;451.200967;
1.121297;458.997098;
1.042698;423.429298;
1.081036;438.310986;
1.036376;424.240733;
1.135442;454.222719;
1.242007;501.319736;
1.008179;409.503870;
1.035456;428.710238;
1.130986;445.077468;
1.100341;449.395702;
1.189154;489.240424;
1.237561;487.078451;
1.121616;445.600379;
1.139497;453.058398;
1.095567;442.686199;
1.032813;426.285204;
1.117709;449.542816;
0.943966;391.531250;
1.305071;522.332125;
1.095917;443.798262;
1.000529;411.044421;
1.152296;464.732494;
1.084728;445.071139;
0.921654;373.093675;
0.900974;365.617033;
1.232407;488.135043;
1.023633;408.065389;
1.150828;465.549224;
1.143966;478.706165;
1.256846;493.155500;
1.173949;478.590185;
1.030890;410.214411;
1.008699;406.463695;
1.018422;411.336140;
1.063607;429.647728;
1.086391;459.940817;
1.182653;480.147369;
1.160522;469.072520;
1.196447;484.871370;
1.069605;438.216012;
1.038394;427.798753;
1.284419;533.737820;
1.123073;457.715573;
1.003892;407.040029;
1.005642;419.463490;
1.170181;470.922680;
1.195158;491.488501;
1.109163;447.977370;
1.431415;586.328637;
1.048795;431.428652;
1.128686;456.686837;
1.107914;442.540335;
1.171705;479.513665;
1.093086;444.616343;
1.183886;467.519994;
1.041741;434.386742;
1.008385;396.703405;
1.104367;457.810578;
1.096844;450.287189;
1.010088;405.904242;
1.035755;431.094015;
1.086840;438.860149;
1.036002;426.585077;
1.034680;433.143473;
1.193375;485.553643;
0.972692;399.104097;
1.158257;470.452342;
1.125930;444.091432;
1.050893;420.170195;
1.193596;483.164558;
1.054888;437.599631;
1.163954;453.655382;
1.185032;465.132115;
1.060749;436.209674;
1.250019;510.176500;
1.031755;414.765043;
1.044812;420.654289;
1.142903;457.407992;
1.165240;470.292799;
1.079852;448.696630;
1.054664;427.461560;
1.082843;437.653267;
1.132457;466.589014;
1.150900;471.810299;
1.111811;441.804737;
1.115982;441.522039;
1.168340;470.125156;
1.149491;474.768079;
1.119024;446.189714;
1.166028;479.045343;
1.126457;463.490583;
1.093227;431.255686;
1.139059;467.853080;
1.074493;432.614888;
1.170786;465.451173;
1.223737;490.760628;
1.054968;417.158048;
0.996193;410.093336;
1.037608;411.125341;
1.343889;544.369224;
1.167389;478.977977;
1.127048;458.324559;
1.149396;456.858975;
1.040268;413.824478;
1.149868;461.588004;
1.015376;418.278895;
1.050506;437.996819;
1.064222;431.668772;
1.109066;447.581109;
1.132818;466.471758;
0.973612;398.645468;
1.131417;461.208614;
1.153452;474.518245;
1.178738;468.908402;
1.294396;526.757803;
1.272394;499.292912;
1.038301;424.750529;
1.029136;414.630797;
1.177276;473.012960;
1.049506;424.490347;
1.107463;439.502375;
1.037862;420.839918;
M0:0.004873
W0;O:0.000384;R:393.448559
1.117327;443.426059;
1.182768;487.450695;
1.116552;453.327473;
0.993914;412.257344;
1.099152;433.936169;
1.109758;448.756097;
1.167210;473.698235;
1.129458;460.169443;
1.094855;434.060845;
1.101672;436.917930;
1.181110;474.862129;
1.288630;525.964491;
1.102814;446.127575;
1.055096;437.224965;
1.051155;437.967157;
1.041124;423.912197;
0.968263;387.521339;
1.050112;424.713074;
1.002737;406.913604;
1.060435;427.142447;
1.072220;434.269830;
1.041790;427.911676;
1.156058;471.562030;
1.245332;511.005236;
1.072541;443.713972;
1.057028;425.187324;
1.063632;433.627332;
1.017767;409.704236;
1.059889;423.878294;
1.098227;450.031563;
1.203672;492.531522;
1.179469;474.186705;
0.863493;354.069333;
1.171251;471.261224;
1.070778;434.605328;
1.039767;421.157929;
1.195486;483.958887;
1.242726;511.114308;
1.089786;447.910492;
1.166148;476.413103;
1.153176;451.951965;
0.983577;397.231383;
1.133853;454.455010;
1.127514;453.449959;
1.007315;410.555184;
1.130928;461.938754;
1.290532;517.871165;
1.095651;453.355731;
1.114449;458.727591;
1.186691;485.123092;
1.056783;422.872019;
1.071712;425.889699;
1.266075;522.571951;
1.130720;449.565426;
1.149963;457.521485;
1.124117;459.133384;
1.179441;463.449294;
1.114586;442.800163;
1.183095;472.966268;
1.212994;501.578106;
1.106284;438.645769;
1.131707;457.770599;
1.083355;427.938527;
1.234149;499.428351;
0.999607;394.761657;
1.061804;434.701747;
1.074180;426.163012;
1.253351;508.820897;
1.227957;488.623978;
1.144983;473.588451;
1.140274;459.600521;
1.132944;456.293890;
1.186107;472.895281;
0.925024;376.184218;
1.112280;443.030165;
1.039670;420.022052;
1.165875;470.942498;
1.191067;483.067006;
1.043288;427.228044;
1.123458;458.479880;
1.159887;473.661192;
1.106920;453.573034;
1.267037;521.341048;
1.116688;466.218483;
1.093202;436.996387;
1.164135;480.346190;
0.928564;382.410936;
1.036706;416.516428;
1.150314;465.986675;
1.258309;507.682894;
1.132557;464.710189;
1.074509;436.306508;
1.230842;507.503119;
1.172623;474.852151;
1.255387;504.197302;
1.096281;447.222669;
1.187261;479.798025;
1.013946;394.674346;
1.135515;452.831488;
1.080975;428.993873;
0.994816;411.824542;
1.086505;432.330996;
1.000147;410.519927;
0.974615;399.268170;
1.015022;419.312181;
1.182268;470.520368;
1.129954;455.902334;
1.109964;440.094099;
1.166595;461.170242;
1.116338;452.666468;
0.985566;396.094318;
1.150955;470.183303;
1.113309;453.652354;
1.134065;450.958466;
1.049923;430.911750;
1.131553;453.317552;
1.079452;435.563508;
1.045912;421.975998;
1.196851;493.352544;
1.047592;432.181553;
1.222352;497.621762;
1.089332;426.203012;
1.107314;445.204063;
1.226906;503.252927;
1.035033;414.743086;
1.105587;451.548037;
1.126291;467.184770;
1.168014;484.906549;
1.147421;471.633948;
1.095520;452.759183;
1.098756;442.663427;
1.139913;464.955300;
1.049526;422.592745;
1.121230;456.634693;
1.105870;444.196862;
1.213654;489.905232;
1.133298;457.884236;
1.257517;499.744000;
1.110005;444.460612;
1.066965;432.482432;
1.152370;477.634900;
1.049382;430.068994;
1.203776;467.489054;
1.036820;419.228251;
1.120902;461.111358;
1.038693;415.985899;
1.051765;426.568187;
1.185985;487.817584;
1.202320;487.633862;
1.069392;445.180722;
1.111113;457.366510;
1.083674;435.027231;
1.104921;453.347334;
1.051034;428.970597;
1.066275;425.856844;
1.152350;480.391556;
1.061473;430.809870;
1.250316;511.652203;
1.056820;427.018852;
1.184537;490.709189;
1.208926;492.697506;
1.067486;432.992345;
1.042713;403.111487;
1.116554;449.942782;
1.088945;444.665073;
1.119115;449.905616;
1.186202;491.998021;
1.198593;487.187441;
0.929782;379.951929;
1.061854;429.583884;
1.111006;457.319778;
1.153845;464.010712;
1.134676;455.463056;
1.062463;430.200375;
1.205440;495.367560;
1.156549;458.876943;
1.166956;473.966918;
1.221531;488.286080;
1.163904;467.633994;
0.974835;392.892600;
0.981625;390.277696;
1.203336;490.429551;
1.143273;452.018844;
1.032513;426.110059;
1.139005;463.581185;
1.153296;454.255700;
1.286877;522.979702;
1.079905;447.721997;
1.087529;441.798683;
1.084036;437.637329;
1.140661;450.706001;
1.060675;426.363163;
1.053888;431.378764;
1.067349;420.728801;
1.019963;421.764913;
1.135483;469.676002;
0.991886;397.357390;
1.127711;454.330978;
1.236896;506.788084;
0.967182;398.067707;
1.107465;446.355388;
1.074982;430.383940;
1.079748;443.939879;
1.197571;489.935189;
0.932150;374.256058;
1.154965;464.384346;
1.094759;437.936138;
1.030605;408.867063;
1.167273;469.998855;
1.130530;463.856710;
1.164729;473.535288;
1.124923;462.713599;
1.103015;438.167608;
1.061133;438.171428;
1.028232;423.390898;
1.047133;422.314348;
1.136010;463.185279;
1.023040;419.174505;
1.121866;453.210046;
1.160161;482.597330;
1.197725;477.821115;
1.078698;441.706952;
1.003540;405.427179;
1.108660;455.478774;
1.223468;495.912183;
1.052954;431.484590;
1.077974;444.482897;
1.158089;477.016113;
1.097647;453.373944;
1.082793;442.368572;
1.116805;457.448289;
0.978071;397.453142;
1.016947;422.622079;
1.008901;401.927627;
1.152795;463.129054;
1.067822;422.846566;
1.204520;502.278426;
1.067765;438.987797;
1.066997;436.089928;
1.112486;440.827090;
0.902616;373.485052;
1.107813;455.038399;
1.093417;453.108855;
1.166280;475.858509;
1.077867;437.155044;
1.185420;480.546704;
1.183015;485.736731;
1.093643;454.826504;
1.092118;444.910138;
1.250504;503.208342;
0.990108;393.738182;
1.140846;459.299890;
1.135506;461.474186;
1.162129;486.152907;
0.975946;401.420626;
1.147061;476.197571;
1.193825;485.384950;
1.165762;470.052464;
1.042852;416.967141;
1.099609;437.846129;
1.014251;405.967442;
1.278285;518.632865;
1.084230;432.013654;
1.062731;435.970849;
1.205602;473.313876;
1.163215;483.841952;
1.017163;415.027275;
1.061808;430.981003;
1.054398;431.994715;
0.914330;379.075162;
1.250260;493.263455;
1.108366;446.070476;
1.019611;412.438351;
1.032763;427.841511;
1.086378;444.194055;
1.055320;428.377372;
1.061875;432.878936;
1.166041;474.199117;
1.174949;472.822967;
1.104217;446.478078;
1.179087;475.707582;
1.076073;433.439785;
1.254409;500.464414;
1.070949;435.918200;
0.964441;388.235434;
1.270320;511.173818;
1.190585;490.918174;
1.198346;483.318039;
1.177891;475.896415;
1.082865;444.948386;
1.015720;409.261610;
1.037594;425.808922;
0.958177;386.889457;
1.071854;435.232375;
1.163404;470.672970;
0.949386;372.904299;
1.133021;466.283639;
1.182352;488.613704;
1.265394;509.728502;
1.022240;414.176071;
0.984676;398.388117;
1.064929;437.801256;
1.229053;499.596760;
1.095416;451.920279;
1.187270;480.430618;
1.026405;422.708861;
1.236209;506.924610;
1.158670;476.728113;
1.093015;451.290953;
1.091131;439.099834;
1.187330;475.301752;
1.259328;518.141008;
1.085137;423.367423;
1.093494;434.765785;
1.076572;427.177202;
1.036991;412.409147;
1.133245;455.629766;
1.037530;420.492338;
1.335430;536.175263;
1.077092;432.601056;
1.198747;489.122191;
1.069920;434.712402;
1.130198;458.562995;
1.194426;478.203636;
1.184859;488.246937;
1.120627;445.992363;
1.262787;516.437688;
1.092977;452.998182;
1.053275;426.564025;
1.234389;503.058138;
1.093959;444.365962;
1.100034;452.172335;
1.126308;467.677724;
1.167713;483.868268;
0.953681;386.815695;
1.056232;423.412098;
1.078435;438.863453;
1.104442;448.639501;
1.077760;438.196998;
1.072126;440.823528;
1.087411;440.169364;
1.098469;447.095732;
1.134732;467.088438;
0.904818;366.668359;
1.131764;463.654450;
1.117940;464.668870;
1.075366;439.422054;
1.019440;423.031541;
1.044050;432.425214;
1.214514;487.510380;
1.083938;440.562822;
1.220461;494.508701;
1.051357;425.511398;
1.077883;435.491792;
1.171010;474.935729;
1.062446;421.380008;
1.111193;449.320672;
1.089843;438.724481;
1.115142;446.315246;
1.035421;417.644586;
1.089365;445.087901;
1.063791;425.272838;
0.989933;396.063369;
1.192466;486.812853;
1.145797;468.515853;
0.976259;393.538497;
1.271235;516.095486;
1.083220;450.941405;
1.110223;451.234930;
1.060382;432.392284;
1.096193;448.580688;
1.323925;536.814822;
1.091733;437.860042;
1.149607;465.514393;
1.046611;430.545539;
1.091606;448.748239;
1.287877;522.836939;
1.199210;487.476202;
1.102161;451.159801;
1.109706;452.005555;
1.183971;478.968521;
1.163583;476.179915;
1.108048;441.453979;
1.174656;481.994103;
1.208212;495.096814;
1.097012;452.302067;
1.027762;421.097603;
1.074843;423.830293;
1.111044;444.689930;
1.213923;489.632935;
1.079184;439.847238;
1.051428;431.716429;
1.157601;476.583374;
1.259667;521.599473;
1.086522;449.766890;
1.059008;424.743186;
1.081978;433.147838;
1.020869;410.673126;
1.199112;476.562548;
0.976280;395.881315;
1.116518;454.542255;
0.973902;400.747593;
1.050205;430.025415;
1.287448;521.473669;
1.011091;405.353515;
1.095144;434.846253;
1.171947;481.500973;
1.070713;428.127569;
1.024882;403.431736;
1.144215;462.064875;
1.234212;490.924733;
1.235090;500.272351;
1.030284;410.918249;
1.130968;466.402885;
1.010144;413.076245;
1.112681;442.407635;
1.026742;420.134174;
1.058205;431.855533;
0.993349;402.478806;
1.058419;413.382251;
1.114187;455.557794;
1.099188;437.360032;
1.083081;437.970960;
1.073745;432.776515;
1.176542;468.743894;
1.090940;444.090456;
1.080427;442.250424;
1.014874;406.051353;
1.154021;465.010748;
1.030741;422.807301;
1.198752;472.607064;
1.076544;441.556166;
1.121447;460.784112;
1.050068;418.782271;
1.174221;475.234382;
1.025948;410.047776;
1.029425;413.748529;
1.096572;446.004591;
0.991053;405.630151;
1.050264;421.047047;
1.257901;512.097949;
0.968203;395.867268;
1.176503;466.511269;
1.056819;426.239402;
1.146059;466.867773;
1.150278;464.492179;
1.156844;467.419522;
1.129196;452.496590;
1.086611;444.546680;
1.161861;473.061385;
1.066752;437.340360;
1.001769;406.500229;
1.007509;404.092521;
1.035805;432.423449;
1.059558;429.696406;
1.251845;498.651916;
1.089045;440.112049;
1.110193;452.155603;
1.091959;445.635821;
1.050643;426.962470;
1.221049;499.878465;
0.995058;403.754430;
1.171842;483.722199;
1.002908;399.387028;
1.172011;480.816210;
1.039489;420.897201;
1.151313;464.292973;
1.102187;452.720951;
1.045425;423.323930;
1.102493;448.818845;
1.020779;407.020099;
0.991158;404.512699;
1.106334;453.619372;
1.241082;497.843761;
1.067345;438.826167;
0.948172;393.784773;
0.984679;400.883473;
1.062154;441.024114;
1.166309;486.576822;
1.181069;482.594514;
0.868636;348.706454;
1.144800;459.507240;
1.186478;476.378944;
1.176561;479.633990;
1.094293;439.531848;
1.008313;408.617249;
1.218409;494.707579;
1.177805;475.123699;
1.022111;415.242116;
1.007135;401.822396;
1.102131;454.148092;
1.004688;410.845941;
1.060848;425.030863;
1.080703;446.962936;
1.196984;493.604408;
1.077873;432.476117;
1.063049;424.288195;
1.101571;448.169648;
1.318044;541.091560;
1.163428;463.549954;
1.073774;443.401100;
1.086227;444.347467;
1.177478;480.895153;
1.185332;482.354579;
1.135712;462.404635;
0.911353;372.008007;
1.201008;488.282250;
0.972061;381.673106;
1.080452;437.708730;
1.185699;473.781340;
1.004386;402.347210;
1.160052;470.985968;
1.159644;465.786681;
1.189770;484.988875;
1.051191;439.668704;
1.149925;465.763199;
1.154141;455.702699;
1.072660;439.273723;
1.176459;476.313136;
1.030572;422.971816;
1.105763;450.622794;
1.208474;494.752955;
1.081258;436.171339;
0.960802;377.269781;
1.263765;491.454318;
1.141181;460.682466;
1.058905;430.055648;
1.002580;402.932444;
1.081806;428.949523;
1.100972;455.674548;
1.111536;447.935733;
1.114600;456.999812;
0.978925;388.719353;
0.998065;396.151932;
1.191888;487.850071;
1.060867;427.623141;
1.112629;454.771166;
1.207010;494.633873;
1.129272;457.303505;
1.262730;510.897769;
1.131204;471.685770;
1.000963;408.592391;
1.189394;491.954204;
1.198700;487.398510;
0.988938;404.732880;
1.170335;480.222537;
1.151834;447.456914;
0.983407;397.336069;
1.036977;426.060165;
1.156473;475.386533;
1.090683;449.177242;
1.165627;477.271202;
0.950607;383.494216;
1.147228;475.919363;
1.155947;473.289039;
1.086903;441.838021;
1.056158;419.445741;
1.003165;419.985995;
1.015324;418.753711;
1.132710;459.084661;
1.014815;420.202469;
1.030481;411.360717;
1.080543;428.552309;
1.057419;430.966796;
1.205379;492.269895;
1.098319;453.731725;
1.116988;457.967256;
1.068293;422.403939;
1.116749;463.530646;
1.186611;479.396496;
1.233876;494.615722;
1.067510;429.729878;
1.058209;424.035640;
0.979136;399.147737;
1.109500;446.422367;
1.030223;425.454188;
1.144731;470.783963;
1.036463;421.962295;
1.066128;441.148526;
1.239386;506.246199;
0.949586;382.051832;
1.189993;486.889602;
1.028329;416.164746;
0.958852;386.860414;
1.152193;458.910384;
1.067868;432.720847;
1.042156;419.393845;
1.090965;440.177343;
1.147317;470.034673;
1.236165;506.084178;
1.099182;443.486038;
1.160336;471.313857;
1.181099;483.528846;
1.064989;417.974206;
1.072760;429.966977;
0.991272;395.933322;
1.042761;417.850581;
1.098206;431.059518;
1.040779;407.936660;
1.035068;401.464823;
1.132562;423.371841;
1.098766;401.989294;
1.238155;445.939930;
1.021834;374.140433;
1.447912;539.938776;
1.229790;453.362684;
1.146359;414.229654;
1.117307;409.001973;
1.292170;472.234482;
1.177480;424.855626;
1.286588;467.199913;
1.275368;472.637994;
1.261840;466.768864;
1.109074;406.854634;
1.238932;462.060256;
1.284691;477.731573;
1.156173;446.340764;
1.174441;441.898226;
1.259902;492.207695;
1.161627;443.032628;
1.096903;419.602055;
1.170651;438.223261;
1.389108;535.968002;
1.167857;441.621558;
1.143212;453.575182;
1.075700;417.990571;
0.890174;344.899762;
1.041536;393.778205;
1.043051;399.656352;
1.156180;440.916438;
1.118407;433.250831;
1.151801;454.800686;
1.224196;467.898281;
1.171585;446.550253;
0.969216;368.601719;
1.131315;430.405031;
1.111115;438.326241;
1.256312;493.860065;
1.137159;426.026848;
0.990763;392.469551;
1.094706;429.972759;
1.027091;418.762575;
1.230933;498.132035;
1.310797;522.800740;
1.124571;458.135610;
1.155613;465.022936;
1.146284;469.457019;
1.180341;487.023300;
1.116605;452.061731;
1.007451;398.701645;
1.102291;446.691925;
1.081559;445.532369;
1.135158;464.584043;
1.095401;443.869079;
1.003412;408.412057;
1.019071;420.964436;
1.048980;417.918019;
1.131941;457.115500;
0.974655;392.970571;
1.154599;466.206350;
1.245399;496.474918;
1.077524;435.934558;
1.182453;474.462644;
1.143147;460.278053;
1.174391;470.405718;
1.152483;467.226522;
1.082281;439.575535;
1.150165;465.349661;
1.126622;459.317279;
0.981038;393.489628;
1.091663;434.839414;
1.038518;416.660736;
1.121795;453.594950;
1.083130;446.585762;
1.023291;419.385996;
0.966590;391.438734;
1.136979;462.926249;
1.157857;472.994386;
1.105485;452.379861;
1.269877;516.494891;
1.103570;452.515480;
1.014557;416.198760;
1.089557;444.330699;
0.946459;382.354161;
1.022834;417.174361;
1.019224;418.727225;
1.068709;440.058185;
1.095435;442.342022;
1.175675;475.698712;
1.245953;507.681068;
1.096596;439.002691;
1.155633;472.659795;
1.075642;436.165155;
1.262003;503.018012;
1.262180;502.954141;
1.139682;462.497124;
1.030209;428.123031;
1.118810;469.628887;
1.042450;425.926835;
1.124095;462.386639;
1.036606;424.237166;
1.271434;515.251668;
1.230922;499.215116;
1.049355;415.345700;
1.154642;465.183502;
1.133947;450.540134;
1.110196;438.456583;
1.213915;470.101486;
0.988130;385.632926;
1.173458;461.348025;
1.182152;462.966984;
1.149216;462.444593;
1.064760;426.371410;
1.165788;467.040741;
1.032282;410.004910;
1.287366;524.671579;
1.021827;417.075541;
1.002495;408.748119;
1.155232;471.636414;
1.068299;438.523550;
1.194972;484.670023;
1.019020;420.563565;
1.145517;473.838015;
1.040971;427.426997;
1.207954;493.025814;
1.057286;430.443649;
1.030156;429.079505;
1.138391;445.329400;
1.129196;453.497390;
0.998488;413.188291;
1.162924;462.406423;
1.055082;423.343782;
1.053974;430.039146;
1.050752;434.069436;
1.192997;492.407524;
1.120635;454.467762;
0.939528;378.451988;
1.129779;454.237767;
0.983474;397.981494;
1.030646;414.002096;
1.118553;443.443775;
0.975322;385.862087;
1.245304;496.987595;
0.975036;398.321643;
1.221007;503.424975;
1.153401;457.459859;
1.155908;463.786600;
1.200738;485.939362;
1.211138;491.693642;
1.048082;414.140912;
1.096184;444.171702;
1.071602;435.555922;
1.091157;442.390400;
0.935449;390.810811;
1.152009;472.549096;
1.064110;425.750100;
1.026803;413.200326;
1.053087;417.876053;
1.016337;413.704350;
1.175361;460.235093;
1.195105;479.169713;
1.044787;427.518534;
1.046074;421.000033;
1.010252;414.274139;
1.153431;444.346516;
1.089906;436.636945;
1.114731;453.069644;
1.137852;458.268558;
1.144918;455.633488;
1.201778;495.073968;
1.220663;481.619528;
1.072166;438.633582;
1.239071;512.793025;
1.201606;493.630424;
1.250976;497.018519;
1.209861;498.254615;
1.097477;451.659184;
1.096204;443.674221;
1.126995;454.412107;
1.108938;455.382771;
1.036112;425.276652;
1.039159;435.672810;
1.143043;458.322410;
1.196135;493.511274;
1.165409;480.329340;
1.004182;405.963144;
1.036823;425.703680;
1.210781;498.399413;
1.182236;481.257045;
1.215141;490.392137;
1.054584;430.159672;
1.116613;448.986127;
1.110843;457.065526;
1.129395;452.053070;
1.071768;437.377433;
1.067552;422.488030;
1.006961;414.000837;
1.218497;497.233597;
1.189539;491.490985;
1.150503;473.461299;
1.010310;417.478244;
1.175409;471.257628;
1.042903;416.493712;
1.115477;462.519472;
1.132543;461.952477;
1.126048;456.554196;
1.099616;447.954833;
1.109425;449.790618;
1.111697;455.346681;
0.996609;404.791493;
1.264711;527.841729;
1.118474;461.695136;
1.220841;483.783088;
1.096968;443.417424;
1.100268;455.073639;
1.093865;443.555028;
1.212635;495.189034;
1.095856;445.074381;
0.998035;402.981225;
0.924307;369.282154;
1.119823;461.004782;
1.166458;473.286501;
0.906005;367.466881;
1.086591;451.768253;
1.126650;462.155433;
1.125879;449.073845;
1.075186;441.017978;
1.068442;428.123027;
1.046025;411.960858;
1.052798;433.384260;
0.892870;365.048852;
1.129912;453.839656;
1.161404;470.090744;
0.974441;390.342992;
1.108709;456.607705;
1.026277;423.917948;
1.024589;423.150796;
1.019066;421.786931;
1.053798;429.412349;
0.964101;399.302729;
1.111500;447.547676;
1.045937;421.220725;
1.122541;457.435417;
1.156402;470.798756;
1.126194;469.062480;
1.053494;434.690344;
1.231539;520.719915;
1.077779;455.876882;
1.040919;432.989016;
1.068485;460.006508;
1.123798;482.650006;
0.961592;416.772322;
1.049951;452.188904;
1.072256;462.407293;
1.020408;441.541300;
1.011999;441.834442;
1.052874;445.174481;
1.045764;443.702458;
1.032309;444.198836;
W1;O:0.000584;R:550.814434
W2;O:0.000583;R:552.562388
W3;O:0.000603;R:551.638448
W4;O:0.000612;R:549.418976
W5;O:0.000578;R:552.751503
