2.37883;609.28;
2.87311;656.11;
2.1494;440.683;
2.93708;710.661;
2.62999;648.505;
1.82501;390.804;
4.16558;851.029;
2.65293;532.166;
2.19513;522.381;
3.52904;664.212;
1.2837;290.462;
3.19123;627.825;
2.07137;440.682;
2.16747;454.092;
2.17564;539.281;
2.18473;550.742;
2.68134;567.533;
2.16943;429.982;
1.48891;331.467;
2.48187;490.634;
1.96384;378.676;
2.68224;568.655;
2.17481;537.661;
1.82592;410.079;
2.86938;589.749;
1.59599;323.022;
1.75423;347.095;
1.44182;328.502;
2.00693;495.065;
3.37143;696.897;
2.16553;441.66;
2.3535;485.29;
2.4441;470.195;
2.40288;550.171;
2.62174;598.231;
2.06849;412.995;
2.3153;482.154;
1.94308;469.488;
1.9778;501.047;
2.91536;609.257;
2.69774;524.044;
2.36791;454.487;
2.32135;491.327;
1.79939;414.846;
2.02051;460.992;
1.84929;366.46;
2.06498;467.152;
2.12456;393.952;
1.95906;379.227;
0.959194;239.491;
2.02537;392.782;
1.88332;466.559;
2.34186;488.968;
2.41686;529.516;
1.88017;398.43;
2.36346;601.767;
1.87965;485.216;
2.11263;454.374;
4.08588;813.925;
2.03449;478.707;
2.43516;500.164;
2.20687;537.703;
1.75694;357.137;
3.0592;664.117;
2.38581;476.562;
1.76783;359.786;
1.18988;243.417;
1.88215;450.284;
2.37591;571.208;
1.98287;408.099;
3.27837;604.001;
1.83628;359.095;
1.95147;444.307;
1.87262;371.921;
2.89378;577.864;
1.99601;432.567;
1.76777;364.062;
1.78968;380.055;
2.2098;444.58;
1.76704;425.943;
2.82879;663.161;
1.15948;253.456;
1.64375;328.166;
1.55725;391.566;
2.5155;518.756;
2.2599;468.329;
1.80684;360.186;
2.3909;548.714;
2.84208;572.841;
1.89594;347.038;
2.37861;463.977;
2.16315;488.126;
2.09521;494.593;
2.74199;568.807;
2.0632;428.574;
1.20551;320.429;
2.14333;448.149;
1.52388;349.907;
1.50401;373.229;
3.00782;587.731;
2.33252;475.424;
2.57887;488.376;
1.71545;320.361;
2.48836;410.731;
1.61747;398.045;
2.30411;537.065;
1.97662;424.144;
2.02997;409.406;
2.26544;479.605;
1.01734;237.89;
1.92514;412.294;
2.73013;658.887;
1.99104;416.173;
1.91808;405.384;
1.77415;361.022;
2.60006;534.548;
2.45715;538.625;
1.60339;373.986;
1.82936;455.75;
2.42223;479.882;
1.37138;331.211;
1.53684;378.487;
2.43311;518.069;
3.29796;602.758;
1.54657;386.246;
3.03424;597.492;
2.11016;428.009;
1.4102;309.684;
1.70354;358.014;
2.24651;456.496;
2.2007;508.705;
2.45747;480.552;
1.83681;466.83;
2.70501;524.697;
1.8796;385.264;
1.64182;341.051;
1.38827;312.869;
1.87314;376.21;
2.27188;523.922;
1.94455;391.193;
1.59198;330.581;
2.14634;475.072;
1.84909;411.85;
2.9316;566.058;
1.54319;319.539;
2.54057;458.026;
1.9659;356.408;
1.90615;450.433;
2.14159;431.815;
2.36974;539.298;
1.93715;377.038;
1.85378;408.344;
2.49396;575.821;
1.91562;455.633;
1.47399;316.79;
2.20923;461.351;
2.39975;581.158;
2.36701;423.521;
2.35889;492.466;
2.39688;461.894;
2.5049;485.909;
2.01808;402.098;
2.45262;596;
2.88894;661.148;
2.33413;488.758;
3.23474;617.573;
2.48348;524.75;
1.60873;365.997;
2.53505;598.819;
2.90957;607.678;
1.56335;328.285;
2.44156;530.463;
2.49833;535.766;
2.52322;638.038;
1.8843;381.471;
2.328;508.658;
1.44502;296.25;
2.55518;511.414;
2.07556;429.416;
2.01762;471.276;
2.06901;439.086;
1.97377;401.405;
1.45372;304.979;
1.37002;355.815;
2.74619;664.46;
2.746;556.517;
2.19706;478.15;
1.40741;343.376;
2.47859;477.057;
1.9524;472.979;
3.13147;643.268;
2.47041;492.355;
1.32234;327.769;
2.37448;576.525;
1.97656;403.107;
3.00422;632.856;
1.38318;348.573;
2.28739;494.978;
2.40473;501.003;
1.98179;445.882;
1.64605;407.197;
2.08052;413.577;
2.75544;601.108;
2.46628;477.463;
1.99816;449.274;
1.50283;306.747;
2.71275;578.542;
2.08983;511.476;
2.36572;469.584;
1.91377;389.372;
1.81199;363.817;
1.91379;461.767;
1.73326;319.713;
1.88816;467.981;
1.96804;368.88;
1.87258;415.924;
1.49777;307.136;
1.57269;309.049;
1.64525;398.024;
2.38162;475.603;
1.84249;460.753;
2.04443;426.851;
2.37105;523.102;
2.57045;540.296;
1.90484;453.522;
1.90957;394.657;
1.30658;318.411;
1.97603;398.531;
1.42356;320.088;
1.73729;353.147;
2.25218;464.33;
2.2391;403.681;
2.12166;496.432;
1.7347;343.094;
1.3415;246.706;
2.06686;492.02;
1.36156;306.873;
2.08932;412.551;
2.40415;508.143;
1.62454;357.218;
2.25584;496.4;
2.43026;486.284;
1.89703;440.299;
1.76873;343.853;
2.63667;492.652;
2.62237;515.681;
2.026;428.789;
2.68564;522.281;
2.77655;690.968;
1.39736;339.306;
1.90912;386.815;
1.91094;377.649;
2.16204;433.654;
1.60852;405.951;
1.94861;382.84;
2.20337;521.386;
1.65314;331.803;
2.19495;456.737;
2.35824;489.903;
2.16242;490.603;
1.58723;323.7;
1.31173;259.472;
2.76095;524.061;
2.70998;560.795;
2.87796;639.613;
1.65683;334.982;
1.98651;443.781;
2.70973;572.757;
2.03397;403.69;
2.57251;515.004;
2.12497;465.019;
2.2102;457.321;
2.99623;709.871;
1.74106;367.817;
1.62929;388.656;
2.99804;555.44;
2.5908;499.03;
1.58499;276.989;
1.54422;364.748;
2.30576;465.392;
1.91708;423.261;
1.69871;361.429;
1.66005;396.399;
1.59718;299.164;
2.22869;446.161;
2.95079;586.185;
1.645;375.069;
2.18534;440.21;
1.80444;361.274;
2.4766;521.799;
1.79758;433.677;
2.79994;545.981;
2.34197;553.302;
2.15931;456.969;
2.1092;428.896;
1.87007;453.68;
1.935;485.015;
2.76226;545.011;
2.34358;464.456;
1.63238;323.21;
2.1154;411.963;
1.29509;309.689;
2.77699;638.065;
2.30971;480.384;
2.26553;483.868;
2.72219;563.38;
2.20271;405.447;
2.1177;524.799;
2.44109;603.302;
1.93424;363.343;
2.65378;550.922;
1.92463;468.102;
2.48561;521.153;
2.83087;589.51;
1.35122;305.54;
1.67454;314.395;
2.08206;418.79;
1.95019;490.753;
1.88496;413.31;
2.33742;464.016;
2.63006;659.97;
1.66691;350.195;
2.75839;596.848;
2.95632;597.398;
2.68228;657.426;
2.45467;489.684;
1.34581;261.738;
1.39891;279.595;
3.0777;742.875;
1.89096;431.706;
2.44535;416.563;
3.41908;677.308;
2.16514;529.615;
1.68594;358.843;
2.14342;413.796;
1.51586;304.518;
2.53887;593.151;
1.65954;316.757;
2.77918;537.828;
2.92796;594.608;
2.62822;563.172;
2.2271;449.571;
1.97381;389.333;
2.7617;612.089;
1.57308;368.222;
2.378;488.31;
1.85309;369.894;
1.38779;303.305;
2.9341;607.968;
1.91029;464.043;
2.73381;561.64;
2.04623;445.082;
2.11782;422.762;
2.01248;466.186;
2.22581;478.053;
1.88721;430.903;
1.68718;327.187;
1.53084;308.706;
1.88147;369.844;
1.54921;324.502;
1.88749;454.821;
2.4831;443.804;
3.57545;788.455;
2.5392;602.112;
2.29443;441.926;
1.27527;269.832;
1.76162;363.955;
2.0838;517.262;
3.1987;673.417;
1.57409;362.03;
1.36492;316.176;
2.58349;517.333;
2.33751;465.437;
2.6103;510.096;
2.39257;584.498;
1.37559;342.432;
2.8781;583.389;
1.6888;337.151;
1.67013;376.129;
1.89163;403.13;
2.12845;424.616;
2.03299;489.53;
2.20492;473.257;
1.87866;355.092;
1.85558;349.7;
1.66939;396.298;
2.30207;557.178;
2.17882;386.721;
2.77259;537.343;
1.0969;242.978;
1.46119;346.06;
2.18393;415.777;
2.68617;575.917;
1.45067;318.031;
2.55852;506.233;
2.27332;547.169;
3.12683;616.012;
2.07816;420.562;
2.04428;402.134;
2.03869;486.479;
2.19695;484.663;
1.93287;393.119;
2.43034;500.224;
2.328;469.049;
1.73481;391.994;
2.59765;482.078;
1.97903;403.891;
1.61102;300.875;
2.44509;549.32;
2.42236;436.003;
2.09508;547.808;
1.98152;412.62;
1.97669;398.565;
1.66544;385.125;
1.54583;328.12;
2.15058;511.795;
2.06806;426.725;
2.97309;560.836;
1.52047;377.011;
1.68496;423.234;
2.32522;483.455;
1.89614;375.847;
2.32944;477.024;
1.88776;390.956;
1.40267;355.081;
1.51314;304.868;
2.33848;522.952;
2.40418;494.417;
2.07244;430.861;
1.79;393.497;
1.87169;366.304;
2.78112;578.934;
1.44425;362.237;
1.38362;263.75;
1.91456;364.928;
1.13874;286.848;
1.92011;474.547;
1.8382;370.012;
2.27607;471.976;
1.20538;297.816;
1.78756;380.146;
2.20275;459.238;
2.07545;480.681;
1.41909;300.761;
1.4387;327.661;
1.6151;320.313;
2.87284;576.682;
2.0662;482.527;
1.84179;464.073;
2.35864;456.098;
3.37141;731.448;
1.81665;372.475;
2.25188;469.391;
1.73233;421.668;
1.59698;322.25;
1.79541;399.275;
1.9677;409.715;
1.34313;271.895;
2.31758;471.636;
1.58573;384.74;
2.17592;494.644;
W1;O:0.32357;R:164.418
1.96716;421.952;
1.93287;401.446;
1.92217;425.884;
1.41818;325.266;
2.92022;610.994;
1.84141;470.944;
1.76098;403.686;
2.28923;466.928;
2.19984;484.423;
1.48507;379.455;
2.30398;493.473;
1.93201;457.647;
1.05788;229.799;
2.04332;524.184;
2.51447;538.556;
2.51758;461.898;
1.88232;452.14;
1.41015;356.636;
1.65006;434.284;
1.85533;373.802;
1.87784;402.059;
1.58679;395.117;
1.84206;425.654;
W2;O:0.496699;R:172.668
1.56289;398.769;
1.99418;420.801;
1.68871;381.503;
1.87957;498.074;
1.36691;369.733;
1.51691;403.54;
1.57329;400.847;
1.4437;399.069;
W0;O:0.155451;R:176.224
1.74919;477.78;
0.837607;239.658;
1.58435;465.509;
1.40346;414.433;
1.18303;352.492;
W3;O:1.03087;R:177.493
1.64301;493.476;
W5;O:1.37205;R:177.158
1.20903;398.126;
1.15256;481.997;
W4;O:1.26901;R:178.984
