0.294282;128.142113;
0.643015;277.841807;
0.943452;479.393753;
1.155711;567.318657;
0.204643;50.375440;
1.419075;683.908792;
1.194621;572.568218;
0.189530;96.668000;
1.198346;564.104236;
1.007016;513.397922;
0.891098;304.870806;
1.017239;338.993416;
2.573296;1185.962962;
0.841336;353.429201;
2.037154;768.191358;
0.732021;335.069865;
0.315382;117.317998;
1.141625;351.896600;
1.795538;847.666008;
0.842427;339.448068;
0.296930;125.186244;
2.137117;953.652037;
2.532431;1205.565607;
0.868773;371.346192;
0.258122;101.554441;
0.877243;388.274934;
0.324017;137.222030;
1.765519;653.189949;
2.762977;1264.814406;
3.770709;1869.195864;
0.645356;318.131879;
2.993110;1299.924068;
1.149336;453.443978;
0.930307;389.366883;
1.317406;586.940954;
0.821533;309.687531;
1.270051;549.991245;
1.398934;639.650503;
2.657022;871.686227;
0.216405;107.031600;
0.758302;378.699977;
0.948528;441.482878;
2.071459;1060.569662;
0.088185;36.173036;
0.958635;295.158603;
0.634993;276.731587;
0.908887;417.583281;
1.497193;722.452989;
0.494497;231.493525;
0.733771;180.241600;
0.697876;283.796909;
2.263461;893.674837;
0.082413;37.692951;
2.377467;1149.075302;
1.608437;813.238378;
0.880443;403.625768;
0.301116;119.328821;
1.078756;453.448272;
2.387487;661.593800;
1.257236;473.847521;
1.161010;490.001066;
0.521175;166.162994;
2.332260;919.436413;
0.318908;113.181874;
1.021073;381.977167;
1.188471;460.931207;
2.121432;998.825951;
0.965383;412.966026;
0.861151;370.107024;
1.474421;636.944347;
1.393746;652.833654;
1.520437;599.202075;
0.247273;72.048130;
0.381559;152.437673;
0.840098;373.961742;
2.075939;532.184946;
0.216227;84.868442;
0.626026;276.851115;
1.464429;597.509254;
0.481926;146.187364;
0.095329;32.162030;
2.252995;776.260927;
1.217305;372.727470;
2.038841;842.556196;
0.711423;269.284301;
1.426421;615.213584;
1.790053;707.738910;
0.434495;156.285437;
1.390274;662.626059;
2.309214;976.601819;
0.369670;103.556464;
0.999838;427.098657;
0.590865;242.602790;
1.055290;499.071036;
1.840076;719.280896;
0.315114;149.501057;
0.443333;192.813157;
1.129219;458.775991;
1.634693;754.243580;
1.168990;407.568199;
2.040087;896.009043;
1.257285;436.765056;
1.075254;463.859186;
1.993428;484.238141;
1.956819;763.844146;
0.387808;157.870900;
0.515659;231.704681;
0.338462;125.146588;
0.926511;368.005405;
0.665591;273.383040;
0.881746;409.781785;
2.239234;1062.607159;
0.249530;59.404463;
0.037218;31.480000;
1.528914;499.150980;
1.607200;670.926453;
0.379332;158.366718;
3.246126;1472.880924;
1.187112;509.863455;
0.832332;327.013868;
1.953177;853.882173;
0.625716;298.705127;
0.652176;271.585279;
0.449441;187.893064;
0.480857;151.741750;
0.904036;273.009405;
1.097641;373.252247;
1.103568;416.325181;
0.335139;129.652241;
1.733058;655.103746;
1.385084;638.679335;
2.077789;905.925856;
0.540814;229.632099;
0.243590;100.977956;
3.473228;1466.084927;
1.323018;390.619132;
1.567112;584.478778;
1.668468;757.784093;
1.469845;674.964431;
0.572653;235.940338;
1.228243;578.122542;
0.478170;205.580766;
0.169506;71.400064;
1.412241;560.176821;
0.484240;208.816943;
0.749914;342.781618;
1.339267;445.221750;
0.434158;177.512448;
1.428827;606.307389;
0.395353;101.159267;
0.234100;92.881219;
0.879808;296.434866;
0.845439;359.132615;
3.020141;1373.090459;
0.186256;64.271332;
0.702776;315.163794;
3.330518;1379.749057;
0.239429;106.067298;
1.092525;339.840939;
0.952959;363.958661;
0.782951;364.584886;
1.702683;648.219608;
1.314414;545.191265;
1.345009;557.754014;
0.409862;137.329145;
0.551518;235.114570;
0.917524;322.643259;
0.231577;92.093971;
0.846147;324.565157;
1.114224;450.824929;
0.580879;209.892134;
0.474909;209.050853;
0.806154;357.997018;
1.399688;590.660580;
1.878227;672.014555;
2.127219;780.529949;
1.454296;539.107662;
1.300743;553.498395;
1.751773;743.475716;
0.528056;248.063247;
1.476939;661.365691;
0.397054;91.317744;
0.685487;230.385675;
2.430984;1104.140915;
0.887356;334.940725;
2.095651;740.313493;
1.491405;670.300856;
1.135527;524.183278;
0.625734;262.050811;
0.243459;92.403771;
2.351761;593.358114;
1.154473;482.027133;
0.259179;116.486491;
2.145313;933.727710;
1.614280;755.995144;
0.746105;257.425542;
1.794999;646.301318;
2.535016;1094.312181;
2.321215;873.240790;
0.518686;230.623860;
2.212087;951.538677;
1.443484;663.676423;
0.734025;254.344055;
1.224820;437.662100;
0.860452;366.601245;
0.404266;174.444333;
0.516527;138.972620;
0.744270;317.536090;
0.799637;336.251427;
0.736867;288.507620;
0.731405;278.455247;
0.194264;58.024903;
0.337817;124.788596;
1.837647;632.070915;
0.491863;208.849584;
0.659609;208.502925;
1.767123;683.719004;
3.121486;1396.024077;
0.124066;53.561246;
1.562019;646.401340;
1.559697;591.294949;
0.515426;185.905516;
1.220868;555.077983;
2.168125;1016.539093;
0.417324;176.975464;
0.930956;379.403787;
0.962809;450.915980;
0.354528;169.239723;
2.099371;930.029362;
0.776685;277.316268;
2.275997;1035.220325;
1.333595;307.886128;
1.391329;493.388363;
1.578532;361.895248;
0.532092;239.940289;
0.189610;77.570911;
0.859057;279.838195;
1.241844;417.610583;
1.857380;817.246755;
1.738737;504.270421;
3.061404;1077.041390;
2.085808;993.308298;
2.061143;744.183352;
0.966985;403.045963;
2.985303;1321.660410;
0.402664;163.372979;
1.660620;704.318872;
0.294677;125.520259;
0.712063;287.255953;
0.261174;110.485899;
1.620596;552.111019;
1.202839;517.039323;
0.814835;343.000944;
0.568400;270.881010;
0.900704;305.239561;
0.667854;300.205454;
2.372032;822.754221;
0.559260;209.719898;
0.621487;261.484250;
0.538516;218.667157;
2.069052;897.748984;
1.359583;577.240615;
1.153440;350.773750;
2.529462;1119.956829;
0.868039;384.917767;
0.593193;282.285244;
2.158069;522.968888;
2.591973;1108.748809;
1.101899;461.810244;
1.346137;526.061306;
0.893931;274.130073;
1.214458;494.384015;
0.542995;194.725642;
2.216812;509.139344;
0.932910;371.150381;
1.110728;413.754604;
0.663420;239.732702;
1.185492;563.634073;
0.724970;321.324361;
0.645313;250.495203;
1.786456;657.670299;
1.169314;552.832073;
1.087688;458.557261;
1.222918;484.253399;
1.216565;507.656395;
0.971416;283.997988;
2.555020;1071.980641;
1.923560;861.560230;
2.609351;1128.768970;
2.078905;814.625867;
2.678101;1205.714169;
0.321980;104.259238;
1.930505;887.807489;
1.136943;307.384460;
1.137825;516.716264;
0.254772;92.160876;
0.446389;210.462295;
2.005985;852.637326;
1.186456;534.193330;
0.805948;199.343213;
4.042936;1830.612857;
1.271918;455.979148;
2.313037;928.662930;
0.446029;100.352000;
2.237392;975.611991;
0.410944;162.967044;
0.576735;231.308373;
2.588973;1162.091838;
1.477008;589.382901;
2.466674;702.525202;
0.900362;365.197498;
2.477582;1141.763577;
0.607943;171.620148;
0.881900;306.482638;
3.166704;1131.141342;
2.128633;578.680200;
1.051261;238.740500;
3.323662;1034.756577;
1.223692;560.008362;
0.603773;266.059165;
1.423848;371.810304;
1.570761;733.458253;
1.217942;450.245158;
0.521758;244.921781;
1.399570;400.775355;
0.998080;406.140389;
0.800259;182.411040;
1.680994;716.897309;
3.019964;1319.573451;
0.747513;312.047355;
1.810568;722.438804;
2.102809;624.560786;
2.091803;943.686690;
0.227002;51.520500;
2.440320;901.174749;
2.663992;1129.489293;
0.581945;170.697550;
0.415110;195.829900;
1.292463;577.529124;
0.741979;279.713022;
1.454160;690.061387;
2.462861;1046.233002;
1.655915;755.662016;
1.882219;850.677762;
0.405240;190.387842;
1.146708;530.143911;
1.759124;672.339946;
0.924323;424.027705;
1.951628;765.516154;
0.692421;241.397453;
0.598350;174.388915;
0.707564;327.611273;
2.260378;889.855568;
3.001001;1360.141874;
2.091353;722.492809;
0.562776;224.460520;
0.460983;174.446036;
1.136834;499.496153;
0.190500;80.467695;
0.352995;140.033337;
1.050001;393.781313;
0.696232;312.034360;
1.796554;618.248149;
1.505971;718.454726;
1.912704;794.379500;
1.024532;487.574697;
1.741604;731.132065;
1.987920;489.891258;
1.055286;446.605338;
0.766892;293.321587;
0.770939;313.976238;
2.239870;969.021447;
0.735041;330.110194;
0.296806;108.514203;
1.134843;436.383883;
1.134793;259.788200;
0.499279;206.012270;
1.586795;537.032705;
0.382120;171.882147;
1.805363;810.615833;
1.019669;328.744921;
1.246137;560.589317;
0.197653;76.742611;
3.078976;1259.758538;
1.862469;429.068016;
0.886831;391.793490;
3.111398;833.226417;
0.512893;211.079361;
1.021235;352.748773;
0.429787;194.112733;
0.444601;172.460035;
0.367221;129.272320;
1.504563;699.536727;
1.244764;528.926130;
0.507917;200.767395;
0.290277;114.257748;
0.348200;151.570539;
1.452925;595.615278;
1.401695;594.072535;
0.880939;417.073745;
1.094805;465.179990;
1.745873;765.609914;
1.121321;454.607757;
1.542381;646.872596;
0.261632;122.655552;
0.716212;276.501811;
1.630564;725.706607;
0.521284;122.053690;
0.803942;337.809386;
0.282228;111.719267;
0.911354;343.305803;
2.724396;1149.271756;
0.989681;405.912125;
0.399684;141.153915;
1.121247;442.282459;
0.937036;266.243276;
0.703819;329.814957;
0.633647;145.721268;
1.218452;533.562189;
1.752812;834.182278;
2.377992;1006.695053;
0.212803;95.660464;
0.281920;119.630308;
0.991656;407.381413;
0.102334;45.202345;
0.570017;260.729315;
3.538421;1393.836708;
2.002403;818.929702;
0.796235;226.175498;
0.635479;273.552926;
1.612833;766.740668;
1.043367;416.788959;
0.967910;422.207539;
1.918616;881.076213;
1.347198;315.679692;
1.223501;489.711178;
0.313470;85.765639;
0.745400;168.759824;
0.170564;67.981894;
0.247776;95.710094;
0.499002;211.921871;
1.029790;464.728598;
0.872719;285.733096;
1.295892;425.521490;
2.516817;1125.192538;
0.852768;239.890264;
2.471455;933.625215;
0.104820;45.770407;
1.231023;522.189018;
0.850111;228.565689;
0.451664;188.872626;
1.581378;518.899490;
1.375484;519.398694;
2.547248;1157.901177;
1.430728;655.856205;
2.394010;776.932902;
0.881159;366.707567;
0.744129;322.963642;
0.734240;341.048200;
0.860383;339.225093;
0.323157;126.621517;
0.502791;162.099655;
1.061874;366.230446;
2.036588;713.321152;
1.288707;526.259393;
2.069273;678.336878;
1.462421;610.825129;
M0:0.001312
W0;O:0.000107;R:94.599406
0.992146;413.818149;
1.536646;500.608143;
1.955643;534.965219;
1.711275;718.871081;
0.791292;317.359204;
1.326974;542.671248;
0.626142;280.803380;
0.713400;308.516602;
0.821385;272.599382;
0.286109;120.677338;
0.775723;303.059337;
1.015832;339.227541;
1.244882;413.349870;
1.736570;673.068949;
0.278268;116.441015;
0.939105;235.139553;
0.546786;229.197305;
0.846949;305.675219;
1.187790;459.707981;
2.661289;1019.631046;
0.325738;150.472018;
0.953207;381.820424;
0.396757;159.391842;
0.874285;298.753483;
1.028458;351.942481;
1.649319;659.115317;
1.672067;719.825618;
0.786229;299.568557;
2.074353;874.367946;
1.081497;461.932201;
0.400911;190.917358;
0.861051;291.600144;
0.539836;164.184348;
0.400057;174.949087;
2.632968;1052.690623;
1.108334;435.583923;
2.026506;692.704342;
0.927632;234.804772;
3.118908;1304.485211;
1.010642;251.621375;
1.724391;761.024338;
2.171293;1023.121680;
3.106642;1067.026186;
1.030087;427.280280;
1.928102;738.112978;
2.820038;1229.254463;
1.072872;471.708029;
0.177617;78.087475;
1.304963;480.959258;
0.721771;267.015912;
3.013768;1398.213281;
1.526704;424.351305;
0.216949;51.532911;
0.257235;98.943152;
0.761080;267.932215;
0.167773;71.080174;
2.248839;988.422987;
0.964968;299.473589;
3.325738;1489.163285;
0.684258;285.944110;
1.865050;843.047661;
1.356415;558.823353;
1.010389;463.660680;
0.396648;147.383009;
0.918431;263.678506;
0.689928;308.141063;
0.205262;55.927823;
0.528803;230.370535;
0.561399;258.445095;
0.169419;63.169397;
1.918281;865.250237;
0.514404;193.316921;
1.401283;621.686993;
1.278869;511.764110;
0.377611;148.373934;
0.418638;180.062978;
2.216269;906.566819;
0.443422;146.728256;
0.524962;205.974774;
0.559766;142.969363;
1.427444;538.648789;
0.800731;342.033916;
0.608407;278.136499;
1.691636;439.926653;
0.273299;98.993924;
1.528317;382.551989;
1.174720;387.999259;
0.559772;249.082048;
2.169214;765.071444;
0.167350;56.345674;
0.517079;243.963476;
1.065694;397.315643;
2.972170;1371.494259;
0.340146;140.330307;
1.657805;704.903537;
2.817412;1096.012273;
1.370872;514.384337;
1.475121;519.587545;
1.136885;330.046591;
0.508257;188.613634;
0.450575;184.747727;
1.551399;589.844456;
0.327421;119.294561;
0.755732;348.528738;
0.976237;331.276931;
3.162111;1266.162680;
1.032546;394.552837;
0.650165;237.026159;
2.578358;1017.632942;
1.064409;448.200568;
1.886544;860.319851;
1.068514;326.182534;
2.564559;975.612110;
0.412381;161.696524;
0.579630;192.710684;
0.830735;295.632159;
1.053273;401.838050;
1.685460;708.949300;
1.707130;694.318827;
1.728742;740.500744;
0.285105;133.977591;
2.518198;1092.021087;
1.923798;733.219876;
0.819714;372.971031;
0.780351;245.109807;
0.969674;224.137433;
0.948431;451.168599;
1.150333;503.667271;
0.308661;124.660544;
2.279951;948.065551;
3.716405;1213.658770;
1.374702;571.407398;
0.429368;151.187212;
1.594917;562.503020;
3.061348;1278.367110;
2.035989;852.929724;
1.845887;407.660475;
0.192641;82.397524;
1.349280;611.662307;
0.139157;64.250059;
0.457331;197.889111;
1.528691;438.146855;
0.958451;417.729399;
0.564500;257.212386;
0.480890;169.034095;
2.030568;886.305602;
0.566191;222.693669;
1.834637;646.436353;
3.374053;1568.169229;
0.332015;152.684047;
1.620912;650.405898;
0.697218;286.609107;
0.912132;421.581754;
0.756814;326.993622;
1.329032;573.676436;
0.255023;112.574216;
2.272238;859.400167;
0.499838;187.910758;
0.503087;207.209475;
2.032166;762.418712;
2.338100;797.874736;
0.985345;326.250846;
0.635836;278.990481;
2.110930;574.411776;
1.347476;477.388195;
0.440716;209.361110;
2.817383;1335.837182;
0.335382;130.137158;
1.070594;489.646165;
0.689069;169.191171;
0.879087;285.656603;
1.643325;710.290093;
0.284866;121.874696;
0.517804;237.849962;
0.314740;91.526677;
2.076399;801.954052;
0.853322;319.866797;
0.280412;128.239444;
1.071646;330.405642;
0.698369;217.224258;
1.025943;327.699899;
1.309620;553.647067;
0.534684;152.384256;
2.300473;950.009331;
1.110043;405.472316;
1.016050;472.029325;
0.461048;182.959949;
0.683669;259.676350;
0.219638;92.642239;
1.175250;389.518587;
0.562432;221.398154;
1.225893;409.279524;
1.432328;606.040521;
0.153595;71.941425;
2.117624;719.602899;
0.652408;149.756968;
2.188167;929.918466;
1.796856;655.488635;
0.960893;334.405782;
0.836831;339.263167;
1.945507;781.329513;
1.064503;502.619902;
0.558983;251.373185;
2.432831;1076.813596;
1.531116;643.063482;
0.756541;328.871286;
0.167751;65.526683;
0.969307;445.133428;
0.308524;145.000081;
2.525157;779.132919;
0.742039;253.318097;
1.887885;898.719850;
1.810019;784.860039;
0.622814;268.394424;
0.751620;350.479150;
0.197808;84.818601;
2.826686;1046.102856;
2.177227;912.920404;
0.805091;253.844596;
2.224472;690.687821;
0.060655;52.400000;
1.363976;586.072884;
0.498925;184.291220;
1.234532;494.336955;
0.623054;272.112141;
0.612132;251.546265;
0.888397;421.826474;
0.622157;294.688088;
0.832309;365.652127;
0.692260;312.348388;
0.697501;266.985077;
0.482409;194.676804;
1.686941;600.405139;
1.030817;399.264148;
3.635733;1558.688899;
0.487572;215.645646;
0.158605;67.250160;
2.562787;1104.095748;
0.469258;204.796359;
1.198679;524.600948;
0.978227;385.999847;
0.340155;126.679946;
0.801301;345.864732;
0.601976;240.399979;
1.335781;491.940324;
1.076752;490.126713;
1.197962;495.017453;
0.660148;259.716406;
1.378129;562.396132;
0.804521;341.651396;
0.445348;155.280341;
0.993171;466.450801;
0.356850;155.112122;
0.192845;69.608466;
2.850360;1248.049663;
2.550353;844.307243;
1.065725;416.974820;
2.388036;1041.068823;
2.293937;525.872055;
1.138650;535.484134;
0.289491;125.869087;
2.419369;1110.129946;
2.460062;1063.592667;
0.448310;177.190331;
1.703465;757.424502;
0.410197;142.077732;
0.689053;236.327016;
1.226403;488.490903;
2.381645;1013.019594;
2.186288;859.414109;
0.578416;229.502615;
0.639282;299.785708;
1.860078;764.392136;
3.244200;1411.819192;
1.106557;398.580314;
1.467528;605.850020;
1.581184;698.013328;
0.681592;227.089366;
2.936956;1078.114300;
0.503764;195.245778;
0.297590;127.090124;
1.137626;447.064545;
0.525291;182.385844;
1.761788;741.159852;
0.115889;38.522501;
0.748213;249.693984;
0.181498;77.887973;
0.190906;86.022000;
0.473702;181.821378;
0.822507;238.639858;
0.537123;239.069925;
0.657767;228.059880;
2.605882;1218.177954;
3.474625;1601.226478;
0.961653;453.598620;
2.110167;879.222650;
2.185193;489.242268;
0.462645;190.299612;
2.948732;872.410919;
2.580455;643.308689;
0.197487;91.084913;
0.841458;374.007941;
2.348512;862.913208;
0.126836;60.046754;
0.339709;99.441121;
1.234936;497.302295;
0.272744;98.215106;
0.441464;176.823463;
1.184123;368.436171;
1.000612;345.637732;
0.703668;254.107526;
1.200372;533.120244;
0.961384;401.637027;
0.347597;129.197090;
0.887667;412.111081;
0.856792;246.469572;
1.844175;821.426833;
0.793286;356.959429;
1.455572;568.204921;
0.723308;345.012782;
0.328078;120.261883;
1.465927;692.217654;
1.167192;554.470148;
1.162437;409.989126;
1.178665;488.348280;
2.416386;953.816803;
0.748826;288.753464;
1.392533;595.508659;
0.206380;71.676368;
0.876483;251.008454;
3.948602;1518.414136;
0.193618;78.453116;
0.314168;102.141171;
0.779499;292.110652;
0.219751;93.166183;
1.510566;619.013181;
0.882229;343.188026;
0.971415;435.986136;
1.762192;706.532192;
0.757761;223.420957;
0.375109;160.023687;
0.873599;352.025429;
1.392548;566.241429;
0.415609;177.348322;
0.894265;302.051339;
0.851008;324.118678;
1.112381;504.419133;
0.918035;364.133863;
1.426695;581.709896;
0.847672;355.880580;
0.193987;84.701350;
0.680715;313.920395;
1.748435;771.217141;
1.813137;494.160300;
0.370321;160.854794;
2.527564;861.323679;
1.950781;894.580128;
0.388765;167.584222;
1.618588;563.641062;
0.788729;333.710794;
2.171820;884.132623;
0.612101;249.025847;
1.645743;570.427006;
2.229263;866.725775;
0.273818;92.804096;
1.182248;291.953936;
1.754455;685.658060;
0.751066;240.556625;
1.916424;812.360885;
1.365896;572.285978;
0.479419;151.240274;
1.222970;568.522077;
1.596827;464.326510;
0.483067;198.136457;
0.799961;322.014788;
1.026464;382.485151;
1.900845;825.706223;
1.101547;467.460276;
0.224894;95.503459;
2.467044;974.487745;
1.960900;846.238234;
0.624921;287.650499;
1.574215;614.429028;
0.478628;150.032091;
1.156705;546.786307;
2.176717;977.682542;
1.669488;736.581179;
0.600580;260.870191;
0.196207;93.313654;
2.993839;861.389940;
2.086535;941.629779;
0.756329;310.849209;
1.224749;540.155384;
0.764923;217.042947;
0.356598;154.999174;
1.138756;482.035881;
0.514081;240.442045;
1.019625;281.422629;
1.119352;451.305523;
0.143138;56.897277;
0.445538;180.484794;
0.389541;173.869254;
1.603314;619.181416;
0.947605;447.021095;
1.684081;445.910362;
0.741213;284.983363;
1.964430;905.644428;
0.477740;194.651215;
0.577091;257.223315;
0.851809;369.889158;
0.420072;173.408303;
1.766819;540.926195;
0.561214;127.808516;
0.563712;172.501132;
3.459771;1331.075764;
1.016190;401.582380;
3.542187;1687.823011;
1.993499;747.062445;
1.075489;470.075641;
1.965958;933.654259;
3.465728;1454.842732;
0.928232;349.994641;
1.218253;278.379143;
0.349590;143.714512;
2.572502;1137.111990;
1.175523;528.252060;
1.471626;564.051433;
1.674256;752.359298;
0.339803;144.436348;
1.323491;468.827144;
0.579189;162.942957;
2.599577;675.256279;
1.765628;763.720092;
0.700550;274.051686;
0.597852;260.553706;
1.484252;662.586835;
0.956938;423.243589;
1.073899;471.809729;
0.257080;102.096614;
2.373649;1119.696120;
2.836259;989.337713;
0.220893;92.857416;
1.093250;497.740099;
0.246115;83.217699;
1.551257;441.961605;
2.158130;882.322200;
0.444741;187.505930;
0.287718;116.105074;
2.009454;929.891087;
1.303413;565.793371;
1.313576;513.922863;
1.707757;678.497552;
0.098162;41.760500;
0.559167;237.337227;
0.950819;469.090795;
0.450121;133.326374;
0.526219;168.552208;
0.514903;240.642224;
0.239804;77.710798;
0.943228;434.210622;
3.619880;1720.315268;
0.902185;377.591770;
2.351131;568.468872;
2.396716;947.881482;
0.372204;159.834800;
0.558384;231.090011;
1.022524;420.807904;
1.128038;487.400781;
0.444563;198.958571;
W1;O:0.000201;R:187.247707
0.850886;342.694898;
0.905708;420.945999;
1.698989;792.635624;
1.091292;473.250587;
0.164478;64.651723;
1.749611;483.123730;
1.748193;768.220445;
0.213792;52.422782;
0.989361;466.711405;
1.269714;516.405060;
0.605582;286.376376;
1.099879;508.954330;
1.200004;292.195359;
2.108055;952.586508;
0.136236;56.859036;
2.149232;970.909328;
1.282098;596.585474;
0.174442;78.021584;
0.297104;127.252155;
2.374596;1032.806449;
2.073261;889.915928;
1.458431;643.102175;
1.414840;496.293079;
2.096200;597.255829;
1.222066;518.057420;
1.684621;771.503356;
0.574663;284.670828;
2.397714;920.280077;
0.225449;98.306928;
2.652604;1225.813565;
1.237013;519.432214;
1.215034;551.419216;
1.622310;741.600828;
0.954979;481.660000;
0.972915;284.258157;
1.028217;470.271619;
0.207094;93.836094;
0.532592;214.816381;
2.090180;587.771821;
0.410753;183.256886;
1.386390;626.941653;
0.702560;339.022883;
0.810984;371.819990;
1.271264;310.413792;
1.341223;644.672475;
1.976264;838.486800;
1.329719;544.548555;
2.044738;943.405392;
2.088695;972.017901;
W2;O:0.000217;R:200.851506
1.135485;420.071556;
0.490419;215.176132;
3.251198;1319.044122;
1.328682;524.707201;
0.424668;204.728845;
0.512148;225.818745;
1.686149;793.514834;
0.912119;245.000000;
0.786818;259.614886;
1.397976;432.992634;
2.289554;944.157202;
0.609519;252.842273;
2.099491;950.782598;
1.354793;519.304896;
0.856391;349.619984;
W3;O:0.000219;R:204.866315
W4;O:0.000207;R:183.328887
W5;O:0.000210;R:208.965349
