0.257812;76.970007;
0.362312;89.714800;
0.394449;186.535451;
0.830462;341.172764;
0.175838;47.428451;
1.033796;416.492562;
1.105858;429.998755;
0.380794;93.688000;
1.376537;338.089788;
0.479758;118.344825;
1.073063;507.872485;
1.457801;672.933848;
1.679656;767.658236;
1.276772;313.290000;
2.855544;1278.779791;
0.911349;461.106275;
2.791967;833.417631;
1.383430;668.832601;
1.415890;714.878573;
2.640051;1074.236384;
0.212021;68.963352;
0.439206;111.330846;
2.653439;1189.680308;
1.182580;561.039834;
0.387982;174.874575;
1.542447;380.009975;
0.273996;124.935447;
0.377834;178.574736;
0.149849;74.383321;
0.747751;308.016906;
3.202164;1104.098849;
1.597699;393.283800;
0.224500;100.738722;
1.000551;489.438815;
0.527118;229.214274;
1.250500;527.914807;
1.124964;276.105396;
0.385660;142.865229;
1.107135;425.573889;
0.121290;51.838338;
0.591886;282.192023;
1.985918;598.218382;
0.408884;125.848188;
0.894804;443.883564;
0.104949;50.647064;
0.160039;71.315989;
1.660201;797.627125;
0.315424;147.302947;
0.411985;158.334035;
0.983232;469.587271;
2.146765;946.436540;
1.184426;589.267019;
1.349372;601.035733;
1.012098;428.396139;
0.364612;177.813720;
3.349874;825.511936;
0.622637;155.060480;
0.442098;108.606454;
1.318529;635.508574;
1.032840;254.653496;
0.776951;352.834768;
0.451362;200.561941;
1.760682;847.539640;
2.714119;1225.442441;
1.199152;581.109484;
0.495592;249.771758;
1.321702;517.343666;
1.985249;1004.015465;
0.262706;121.823286;
2.482848;781.417700;
0.237610;111.109860;
1.037461;256.824400;
1.764785;887.023608;
0.106740;50.036772;
0.313209;149.756794;
1.659416;781.473799;
0.914606;224.447480;
2.472167;608.846355;
0.616571;297.906649;
0.690920;222.526511;
0.877743;302.827564;
0.712127;218.745841;
2.075295;947.696994;
1.655611;806.870248;
0.191520;93.474909;
3.104362;764.564220;
0.300040;151.554360;
0.823259;209.795395;
1.190682;593.544000;
2.873139;1082.224946;
0.754047;224.558349;
0.332272;159.245310;
1.430473;472.692403;
0.266053;68.286585;
1.820377;885.064814;
1.271372;435.142032;
0.165722;77.651854;
1.576436;602.517825;
0.910340;461.683926;
0.667342;338.970263;
2.856530;1201.275228;
0.300379;149.198620;
0.965600;461.963467;
0.599687;270.556706;
1.317343;590.895907;
1.646400;827.161855;
0.180596;56.900496;
0.295600;110.156121;
1.437307;567.077101;
1.609044;770.896858;
0.448615;199.647603;
1.484158;633.161261;
1.283453;310.831680;
1.155825;527.760929;
1.054667;404.412938;
2.818152;723.311111;
1.047589;312.071365;
0.279193;120.360282;
2.260672;786.690987;
0.487059;148.200387;
2.377277;1111.417703;
0.818969;387.287987;
2.382540;543.169000;
0.585764;134.236512;
0.496105;229.394302;
2.595054;924.979345;
1.191588;409.065649;
0.553989;257.421345;
1.797986;768.478180;
1.314760;298.736355;
0.281998;132.306006;
0.678940;242.652346;
2.206184;890.204127;
1.057910;242.474148;
1.487946;444.917856;
0.195428;74.753072;
1.126538;444.798725;
3.911635;1769.466752;
1.752865;529.089666;
0.753036;233.963705;
0.238414;83.988146;
3.743177;1707.287533;
3.440046;1394.809025;
0.767276;299.435598;
0.964345;322.366313;
1.475368;510.860189;
1.823667;866.790370;
1.436042;616.207563;
0.578920;231.237407;
1.057328;384.513179;
1.584712;503.276406;
1.551142;672.987916;
2.384981;886.015715;
3.191711;1387.554000;
2.984939;1040.613220;
1.317319;424.323064;
0.387358;90.478144;
0.385788;180.978062;
0.716276;163.216000;
1.932922;566.727679;
2.740541;930.685690;
0.601128;276.909370;
0.654994;286.520958;
1.575668;588.766406;
0.540176;215.181314;
0.587356;230.860506;
0.491136;184.067709;
2.291925;1037.929695;
0.728053;295.712905;
0.850902;232.330653;
1.152642;534.344641;
0.272953;99.123085;
0.820667;237.317429;
0.667416;293.362471;
1.487893;685.630517;
1.561650;360.855054;
1.064375;487.763738;
0.965243;221.101375;
1.843852;423.344700;
0.262024;92.243653;
1.238654;412.091035;
0.836131;271.085344;
1.695229;794.119085;
0.217543;95.936567;
0.524504;242.399726;
2.856226;653.964344;
0.245744;115.710596;
1.542759;623.948457;
0.462992;169.992977;
1.663321;712.911467;
1.134719;537.604199;
0.742145;347.680116;
0.923827;413.379445;
0.262145;59.829392;
1.052725;424.341691;
0.166322;55.500977;
1.200455;556.518092;
1.060011;246.258688;
0.719395;174.580273;
0.377585;175.331774;
0.581151;194.405047;
1.095434;485.679330;
2.643614;666.605187;
1.101196;461.553991;
3.588677;1243.056239;
0.760705;222.751811;
2.054396;682.168587;
1.093475;417.037008;
0.429677;194.328051;
0.870905;198.492264;
0.907602;393.309789;
2.748600;1199.418889;
1.968191;806.033264;
0.740319;332.392910;
0.439015;114.753459;
0.273202;108.932564;
0.391067;120.795085;
1.413012;488.280711;
0.409915;129.139126;
2.362214;749.925442;
1.453310;479.959691;
1.402072;657.810218;
0.791725;323.630160;
0.348385;164.111245;
0.568037;162.706743;
3.579282;1704.344603;
0.496935;222.915005;
0.526982;242.038141;
1.178303;514.398812;
1.535117;683.751127;
1.341365;583.028896;
0.166666;70.708929;
1.138595;531.041484;
0.575102;170.233441;
1.155592;266.603656;
0.332421;118.960694;
0.881703;281.109306;
2.880011;1333.015720;
1.502346;647.701635;
1.199939;272.332985;
2.309518;982.136889;
0.601281;266.329821;
0.372865;176.441318;
1.734195;401.841000;
0.542866;242.414284;
1.117841;254.837888;
0.135004;61.169440;
1.220229;434.856675;
1.803062;838.072604;
1.460614;656.283700;
0.105021;35.710842;
0.502927;230.468982;
0.300958;70.324800;
1.012699;232.232022;
1.263946;439.076305;
1.536150;636.628433;
0.254321;97.236658;
1.360360;513.020607;
0.667492;251.200792;
1.862436;876.400543;
0.782089;355.129143;
0.909007;231.671627;
1.137859;448.095792;
0.360355;157.790482;
0.503244;189.688821;
3.699080;1381.188407;
0.405349;157.411340;
0.476503;108.782352;
3.361414;1519.216995;
1.170574;542.291894;
0.469538;206.484430;
0.116441;47.619494;
1.578916;599.783987;
1.024696;234.353892;
4.107529;1389.466119;
1.182641;549.029062;
1.440023;601.020666;
0.278415;64.852736;
0.371618;117.079019;
2.595550;595.850492;
0.907493;321.578807;
0.534888;247.039921;
2.913449;1133.901053;
3.578571;1667.889672;
0.130308;47.025035;
1.105570;452.009066;
1.062615;244.713320;
0.911610;379.194855;
3.199898;1347.090765;
0.139018;56.091433;
0.966237;348.546813;
0.251068;118.299763;
0.557859;128.885088;
0.579772;255.906845;
0.714455;163.903256;
1.210320;531.600625;
0.826395;376.405283;
0.497679;220.176954;
0.444503;131.408975;
0.403623;178.555379;
2.063439;934.505645;
0.227614;104.444955;
2.432267;968.878440;
0.596541;209.319967;
3.335371;1101.431574;
0.417699;181.664207;
0.767526;350.653643;
0.388180;87.097500;
2.132248;782.789668;
0.270407;107.636841;
0.256380;58.563225;
0.368615;146.805812;
2.066480;935.009345;
0.732538;278.028109;
0.369142;135.437933;
1.159437;530.434157;
0.756573;292.319415;
0.578116;131.567884;
0.266948;121.415460;
0.815819;356.679843;
1.069712;297.649094;
0.685722;206.910150;
2.000929;878.459612;
1.004013;229.486536;
2.002326;836.562154;
2.095122;880.482313;
0.394228;89.202141;
1.169346;430.922156;
1.284664;462.998407;
0.203180;78.142175;
0.896035;313.863760;
0.134972;37.602311;
0.572683;259.483819;
0.162993;36.800000;
3.460761;1578.485577;
0.895147;396.802108;
1.358500;400.272822;
2.175232;945.964997;
0.892435;387.577938;
0.767492;179.152832;
1.404703;482.668827;
0.851704;213.924167;
2.144868;489.895776;
0.679552;241.517759;
1.084629;252.399541;
0.939550;345.266581;
0.958526;428.690003;
0.228154;95.157669;
1.241990;561.714568;
1.079149;411.284937;
1.304478;453.699109;
0.660389;308.804685;
1.593211;683.087916;
1.114373;468.736880;
0.461284;216.729834;
0.499645;113.425200;
0.335080;77.693234;
0.667231;308.561075;
0.614492;236.523687;
0.790319;291.780086;
0.333842;119.226373;
3.354686;1442.321389;
1.291393;555.441484;
1.135504;531.622122;
2.529759;1189.440955;
1.664155;747.376154;
0.674884;298.552769;
0.325640;74.499444;
0.661067;206.499095;
2.057844;894.038871;
2.337580;1094.045559;
0.420115;184.522312;
0.558960;215.719852;
0.286089;117.110638;
1.136881;482.715644;
0.602680;181.061117;
0.950084;423.306418;
1.663421;378.389450;
1.981726;544.062826;
2.358702;652.581765;
0.606649;262.423627;
0.377276;93.474479;
1.631679;770.343619;
2.402146;803.667975;
1.045905;338.372533;
0.484862;109.300752;
1.337053;553.187600;
0.178368;70.593770;
0.893638;338.118100;
1.916604;644.776718;
1.541589;540.672466;
1.497733;388.272581;
0.700802;237.667959;
0.455584;216.193941;
0.504814;232.801617;
0.274826;122.038544;
0.281451;114.778602;
0.681608;301.414321;
0.919486;368.923735;
0.530551;233.303470;
0.909792;366.391715;
1.646721;764.657558;
0.522450;222.635233;
0.523056;236.660130;
0.310161;129.901775;
0.595202;274.201100;
1.257505;545.932398;
2.027298;616.508826;
1.547513;657.939108;
0.531074;226.186462;
0.388600;143.748419;
1.341841;608.367540;
3.126883;1319.980943;
1.287125;600.788001;
0.810457;338.002580;
1.583933;642.401699;
2.949064;1230.332527;
0.443013;185.565587;
0.393688;179.336309;
0.463375;138.326722;
0.985278;422.787295;
1.421875;670.192637;
1.624371;716.189794;
1.880408;786.183318;
1.845937;642.263156;
1.089934;355.637619;
1.079689;325.384428;
0.248474;103.595138;
1.246132;446.016122;
3.657055;1430.509723;
0.423586;161.392877;
1.719207;535.717764;
0.513156;240.321256;
1.691067;387.898112;
0.295942;113.570446;
1.055256;357.057020;
0.756428;348.902536;
1.076642;453.098232;
0.695295;287.396525;
2.681011;1149.723781;
0.590926;251.119708;
0.843605;370.688666;
0.593025;208.345081;
0.762213;344.614913;
0.504128;115.555000;
0.430409;97.225920;
0.397277;161.490625;
0.663942;269.301067;
2.279709;523.618752;
0.857580;327.064475;
0.774571;285.645411;
1.352356;528.275685;
0.152676;63.837477;
1.052093;499.350800;
1.416801;637.004035;
1.060184;455.578179;
0.926090;210.290850;
1.121742;255.678300;
1.077020;447.291168;
1.983251;452.964096;
1.090403;360.768617;
0.275315;97.379897;
2.701895;1277.241383;
1.242879;283.548496;
2.129698;993.434029;
1.116630;406.536784;
0.727693;339.204138;
1.080920;399.113432;
1.101494;464.798918;
0.817180;186.075540;
0.288042;134.879734;
0.364868;90.579512;
2.089769;964.623208;
1.198005;363.165307;
0.875991;361.965081;
1.265792;291.055392;
0.485611;191.926016;
3.344232;908.954045;
1.756212;431.158768;
0.707142;186.116744;
0.874932;384.106245;
1.557241;717.981237;
2.516808;1144.330038;
1.841990;586.659245;
2.475472;913.363434;
0.291795;70.042516;
0.487377;216.857035;
2.447281;1042.279408;
0.637784;214.023966;
1.364767;308.981248;
3.272325;1273.071882;
0.525107;122.550596;
0.154818;71.418949;
2.580917;890.441410;
1.447146;611.003557;
1.258857;463.747580;
0.402309;175.625147;
0.673459;306.280031;
0.682801;277.883606;
2.024082;754.735274;
1.682231;694.903835;
0.506427;233.405829;
0.352239;162.806500;
0.551449;206.895700;
0.661211;287.757519;
0.866720;309.070765;
0.134866;62.544544;
1.252960;418.010547;
0.847359;345.232462;
0.728597;269.369602;
0.377158;178.375344;
2.365002;542.332080;
0.229812;82.284539;
0.942822;320.255641;
0.800445;321.504626;
1.597794;699.175277;
0.888999;418.747376;
3.874530;1093.351820;
2.547293;1016.701987;
1.321692;582.330728;
0.839032;217.523987;
1.149813;500.443538;
0.351121;147.850062;
0.506368;220.843210;
2.422919;1118.879832;
1.601372;757.186856;
1.482341;679.868731;
0.760463;347.174823;
2.813317;1252.473156;
2.082027;719.057258;
0.798423;357.600984;
1.719114;820.112475;
0.750477;171.532482;
0.558280;251.813538;
0.120988;38.135168;
1.120009;443.683758;
1.945628;692.656339;
0.806230;377.464376;
0.413780;128.881815;
0.194296;90.002336;
1.718381;396.031091;
1.557770;671.516661;
1.816991;840.184742;
1.558380;574.804861;
1.626603;742.820499;
1.037342;441.387229;
1.137218;261.796212;
0.547497;220.830090;
1.336008;617.387358;
3.051568;698.040000;
1.745968;761.534245;
0.661422;216.573204;
0.429411;165.234566;
2.842024;1098.803003;
0.880860;318.999024;
1.723711;783.152418;
2.982545;1264.429612;
1.922824;760.082700;
1.115196;399.912696;
1.087740;343.296491;
1.483094;577.386713;
2.096369;718.469306;
0.567840;238.988637;
0.863368;378.193060;
0.342613;152.115196;
2.744640;631.847412;
0.294521;116.553118;
1.599499;614.617616;
1.517227;657.145217;
0.858309;350.879290;
0.252774;119.125631;
1.409072;658.727035;
0.407220;190.019785;
0.500364;160.939176;
2.203851;870.198126;
0.772552;244.165973;
1.120231;480.205424;
0.886731;251.987133;
0.278055;117.413141;
0.917481;369.401477;
0.993775;445.724584;
0.916717;432.822571;
0.970231;429.213452;
1.214609;575.824085;
0.917304;371.445283;
0.317448;142.830336;
1.595080;458.807592;
0.170897;73.887953;
0.847798;194.037201;
0.152581;52.834425;
0.424457;154.419639;
1.174505;548.395002;
0.327536;141.775490;
1.874420;827.578230;
0.406650;186.995320;
1.945442;915.533301;
0.509119;234.440024;
2.035169;950.135736;
1.750743;674.713426;
0.521194;160.028465;
2.213446;763.752569;
0.968364;387.269869;
0.741361;169.003989;
1.105821;307.720853;
0.285817;108.888061;
2.347957;995.063588;
2.692094;1154.948288;
0.526442;244.953136;
1.634039;732.041411;
0.943550;345.231374;
1.002348;411.955878;
1.942041;791.746356;
2.180880;930.399984;
0.782743;192.436435;
0.162696;38.421351;
3.298654;1471.888940;
1.292830;610.119423;
1.177651;270.774000;
0.752247;355.633803;
2.018429;460.162316;
0.439741;184.029414;
0.550628;238.503803;
3.536717;1521.174505;
2.840436;1306.004804;
1.889653;878.416444;
0.948278;284.212543;
2.912848;1371.605555;
0.209444;68.784445;
1.849559;784.266076;
3.731553;1735.574730;
0.934198;241.389944;
1.448093;587.740054;
1.802379;590.853885;
0.557338;216.775022;
2.853511;876.796661;
2.455908;559.963125;
0.415132;130.627972;
1.131310;399.180704;
1.942081;846.673080;
2.345608;816.554884;
0.402648;186.903695;
0.508811;145.696223;
1.090578;510.304277;
3.063480;1296.244534;
0.526317;201.998496;
0.805415;226.006115;
0.158150;70.404090;
0.339037;132.496263;
0.986926;436.003107;
0.830388;209.808871;
0.726652;274.892465;
0.374662;128.209940;
0.656007;240.088151;
0.662065;306.351548;
2.483674;1032.798104;
2.418244;842.742105;
0.528817;223.209162;
1.579390;363.549375;
3.436184;1608.925829;
1.237739;463.050134;
1.058314;443.095822;
0.197663;66.440651;
0.179012;52.485530;
0.305769;122.471147;
2.540227;902.824453;
1.434228;562.163512;
0.818595;385.560362;
0.908006;426.453631;
2.721535;992.987624;
2.077691;899.606283;
0.383999;124.703243;
1.283466;295.547066;
1.169797;455.611888;
1.508995;627.796696;
0.729075;206.336030;
0.586810;232.021884;
1.544108;449.929792;
3.249239;1427.277384;
0.848105;230.776113;
0.508067;116.072670;
0.362279;100.218883;
0.165131;38.825885;
1.619938;719.695165;
0.807956;303.232937;
0.389902;119.129788;
0.373551;162.604301;
3.671693;1057.831339;
3.685085;849.374424;
2.693984;1171.727646;
2.824740;1116.418593;
2.898137;1053.670642;
0.870779;280.013580;
2.341952;933.049741;
0.252838;57.713011;
0.820102;339.616622;
0.500421;175.414060;
1.534004;405.834169;
1.876459;809.990401;
1.380007;595.541748;
2.110701;942.136735;
0.710932;297.238556;
0.382613;167.040810;
3.371749;1497.594760;
1.486655;649.485502;
1.647087;755.496034;
1.401708;571.624297;
1.384751;623.489133;
1.051595;473.041101;
0.265962;99.383504;
0.456313;105.601419;
1.908402;438.339572;
1.255355;588.724194;
0.131065;61.908621;
1.736247;789.357048;
0.342890;97.843656;
1.067610;510.422486;
0.588067;259.904488;
1.012865;467.623567;
0.581446;251.368897;
1.467688;675.403391;
0.619279;262.252085;
1.531231;561.083464;
0.293483;111.591111;
0.996309;358.447352;
0.595337;272.448262;
0.940322;369.451800;
0.442454;154.586587;
0.648889;306.175588;
1.108935;445.010472;
1.298398;298.727500;
1.134479;454.605877;
0.175224;77.197159;
1.896986;589.790317;
0.370184;84.786384;
1.538927;351.576163;
2.333746;994.179625;
2.118528;948.224381;
1.530607;536.233677;
0.654858;276.220336;
1.992833;483.013902;
0.677170;233.649219;
1.190776;501.730954;
1.103010;510.673025;
0.617455;201.866027;
1.587184;638.764698;
0.590083;276.065630;
0.798510;256.528153;
2.005007;788.313607;
0.438250;184.554390;
0.645649;219.833641;
0.339502;132.380729;
0.929819;228.245709;
1.850140;809.282988;
2.257004;927.683983;
2.598095;965.217229;
0.452501;144.858369;
0.413334;190.328291;
0.192206;52.876102;
0.850274;254.706869;
1.459235;672.823081;
1.353354;452.775835;
0.415011;103.783411;
3.453305;1440.695279;
0.544349;199.043471;
1.069444;426.807699;
0.711928;312.211181;
0.635529;258.133353;
0.376583;161.008375;
0.738795;342.343230;
1.491181;555.447560;
0.803963;184.895120;
0.491924;219.166100;
2.588174;966.443065;
2.193109;999.142020;
1.598396;629.163441;
1.409808;391.140381;
0.448236;101.816181;
2.281197;993.384936;
1.543022;719.806920;
1.156634;536.386236;
1.159828;538.760860;
0.388745;129.613758;
2.274987;1025.556042;
2.553155;589.030704;
2.203882;959.710649;
1.871274;879.810262;
0.158420;36.394054;
1.198062;493.567982;
0.864693;322.730669;
0.798172;210.022856;
1.975233;749.522281;
0.738235;318.019637;
1.661282;769.884596;
2.190815;864.112984;
0.490148;169.984652;
2.041483;803.419560;
1.178756;456.109863;
0.551888;208.319161;
1.921435;826.167917;
0.249486;57.141907;
0.812112;275.825910;
1.613427;750.745173;
1.162279;463.785691;
2.223466;754.437723;
1.338512;404.264074;
0.629250;155.884105;
0.386576;164.281344;
0.157000;72.486305;
0.437544;177.948499;
0.321920;134.582696;
1.077054;468.852193;
0.511731;210.064647;
1.480114;697.860081;
2.999479;1166.644917;
0.640292;218.768877;
0.744251;309.222630;
1.061229;411.021397;
0.227193;106.097766;
2.547056;987.496070;
0.559774;250.987798;
0.848421;366.688322;
1.229561;514.266809;
2.798200;970.351777;
1.988564;892.294609;
2.979849;1222.613747;
1.025130;443.542179;
0.301249;122.594323;
1.526734;525.149689;
0.821601;320.428864;
1.076763;487.220867;
1.817629;545.412945;
0.462914;164.971174;
0.787649;353.031387;
1.029644;363.359276;
1.541597;653.030568;
0.292761;100.283053;
0.789664;338.270140;
1.286611;492.791593;
3.324728;922.999928;
0.532133;243.822322;
0.403680;172.221141;
0.260937;113.188416;
0.630181;285.909965;
1.393352;546.626813;
0.501168;232.145276;
2.274241;822.584916;
1.275531;583.016404;
3.648242;1383.557783;
1.928547;742.812951;
1.264181;508.187989;
1.530573;512.194263;
1.260220;479.177762;
0.474170;205.533706;
0.806996;221.769133;
1.165131;552.554824;
0.121531;53.569636;
1.321602;622.025096;
0.221472;101.181997;
2.660011;1203.955988;
1.983917;748.047024;
0.806768;337.447771;
0.658678;150.700500;
3.038828;698.295296;
0.413452;154.153550;
0.205686;72.113241;
0.675974;290.171255;
1.674097;537.536445;
2.052345;756.829343;
0.282796;66.170341;
1.383385;603.829220;
1.717510;802.122198;
1.054231;454.483201;
0.577769;215.352760;
0.408285;118.394936;
0.572982;254.611931;
1.003037;430.480938;
2.385101;1093.353234;
0.732668;256.756044;
0.371357;103.964822;
0.240583;88.033671;
2.562397;863.984551;
0.878290;200.495040;
0.598387;260.990586;
0.399436;183.796995;
1.034244;465.125584;
0.957349;340.865096;
0.390790;133.877807;
2.538327;1041.014829;
1.536637;548.968154;
2.770207;635.836640;
0.445636;108.744178;
0.936464;360.580894;
0.364583;163.084139;
0.945714;274.893067;
0.210160;89.249478;
0.312487;86.412051;
0.706513;197.528903;
0.316232;132.762062;
0.811962;359.475249;
0.433402;145.585757;
0.938068;425.385926;
1.026809;261.573196;
1.031485;474.764343;
2.699457;706.612174;
0.707067;305.148353;
0.646284;304.447728;
0.592853;142.343872;
3.409035;1388.043973;
0.953715;336.911276;
0.760219;310.066313;
0.432235;181.112102;
0.330839;154.507271;
0.622161;244.155655;
0.896921;359.301483;
1.541869;653.320153;
0.426225;174.150880;
0.766934;274.414529;
0.772136;365.571484;
3.854028;1243.349763;
0.429322;199.659626;
3.339647;1355.909121;
0.777906;299.822348;
0.870824;335.812377;
0.231108;103.300832;
1.062944;240.961616;
0.699983;311.395505;
3.038303;1035.147395;
0.294657;97.967120;
1.857196;427.352800;
2.394195;1092.791560;
0.346939;153.285359;
0.459313;126.667818;
1.411090;599.134193;
1.566835;671.461237;
1.029721;428.879579;
0.515465;219.257894;
0.572420;268.041134;
2.256591;927.448925;
1.448065;529.636029;
1.765698;687.997780;
0.960447;398.178202;
0.714046;239.907901;
0.523290;232.324064;
0.494871;170.670542;
0.975897;436.649428;
0.250771;116.860528;
0.584085;255.887891;
0.281130;64.567080;
0.817186;376.424968;
0.944469;334.837872;
0.191366;56.615472;
0.763465;355.772536;
2.429816;999.750737;
2.111376;638.706376;
1.581044;625.434034;
1.690922;389.145600;
3.828698;1625.377879;
0.831745;256.209715;
0.225486;74.590007;
0.615780;240.564013;
1.514601;706.366481;
1.457856;676.139736;
0.353374;138.860132;
0.297223;118.465440;
1.311160;536.617376;
2.760825;1062.356770;
0.838395;362.214627;
1.761149;607.066196;
0.877745;341.868070;
2.831600;1205.806176;
1.353392;631.275701;
1.841682;788.384681;
0.837442;387.859834;
1.663168;724.274030;
0.638359;241.573627;
0.482787;193.813803;
1.632885;514.080912;
1.920095;903.075235;
0.277128;104.167452;
0.869537;397.970041;
0.383820;163.166841;
0.355175;131.822939;
0.129722;56.556226;
1.482865;634.870684;
1.228707;540.131579;
3.280634;1426.986387;
0.182533;63.298102;
1.968116;655.401864;
1.626222;718.365881;
2.138141;697.881404;
2.370868;1038.211080;
1.054290;488.728424;
0.569958;194.954954;
0.399183;133.667795;
3.158223;1372.637678;
0.652409;293.830350;
1.432507;646.154322;
1.915633;837.234375;
1.537432;592.406084;
1.187447;445.557159;
0.601054;229.937026;
0.968720;441.148202;
1.178718;368.744132;
2.249382;921.916654;
2.761583;642.318526;
0.722626;302.357707;
0.387204;180.165785;
2.166543;790.937644;
0.439279;206.947422;
1.770215;813.185679;
1.646149;721.742999;
1.015224;337.771742;
0.461827;187.212783;
0.421719;168.100050;
2.842080;1266.870278;
3.320730;1423.323927;
0.936446;404.024605;
1.897741;435.490504;
1.142984;500.550178;
0.496771;140.470024;
0.321242;135.457370;
0.993544;471.838633;
0.887727;221.094256;
1.439378;666.286345;
0.190606;49.640064;
0.672330;280.882735;
0.883129;208.485575;
2.423612;1040.259406;
1.421708;663.140080;
2.298178;1005.962800;
1.352663;573.557269;
0.992184;412.702006;
0.319301;151.679602;
0.688472;310.975247;
0.876513;358.780606;
2.234978;993.265031;
1.998379;498.784655;
0.266697;126.062183;
2.264760;985.446590;
1.728903;787.469654;
1.507346;626.012495;
1.521667;669.732793;
2.948602;1073.795268;
0.720987;329.642106;
1.413554;534.451072;
0.475502;185.212102;
0.957093;423.747478;
0.249250;110.589303;
0.950568;310.620672;
0.521651;239.793502;
1.430733;341.869424;
1.455103;662.943874;
2.140613;975.794635;
0.332096;153.407101;
0.542438;255.226234;
1.561416;613.505409;
0.387041;177.922648;
0.362518;162.457531;
1.002458;350.605560;
0.464436;183.084637;
1.208956;503.181018;
2.634773;828.484219;
0.345756;121.083115;
2.109820;767.541996;
2.703881;1116.926967;
2.552029;1189.831470;
0.710314;255.573234;
1.344020;609.926982;
1.110697;268.076096;
0.870365;207.378711;
1.535564;720.740262;
0.268830;76.211250;
3.750046;1675.774865;
0.213514;60.157002;
0.881249;341.266292;
1.197219;403.405493;
0.189663;88.668205;
2.210321;944.990086;
1.777983;648.479860;
0.419638;95.883264;
1.797553;412.525769;
2.383686;1136.900543;
0.603332;258.912067;
0.631317;292.153332;
1.079509;437.817631;
1.469818;675.125086;
0.571833;266.337352;
0.321855;85.766869;
0.430476;115.127130;
1.930171;541.043154;
1.983973;818.265113;
0.580863;220.292386;
1.462558;679.785312;
3.417299;1016.263597;
0.657911;282.209432;
1.308838;575.102585;
1.278259;560.919902;
1.341952;566.287134;
2.324900;1033.856979;
1.017824;327.601342;
1.797906;812.263336;
1.052884;445.132882;
0.429101;173.176300;
2.058141;691.607875;
0.948802;328.563381;
1.807135;715.026678;
1.392876;653.774031;
1.226814;483.844805;
1.264402;298.718897;
3.138814;1469.127411;
0.387938;121.309733;
0.472650;108.963577;
0.341729;162.289107;
0.606177;235.338810;
1.088972;425.142920;
0.301271;135.277033;
0.318377;137.413235;
0.601639;259.604969;
3.124273;1456.043951;
0.663335;311.752910;
0.172596;65.891499;
0.493716;117.117623;
1.997083;460.541952;
1.061320;476.456866;
1.301715;480.855979;
0.954052;396.735859;
0.997648;288.691922;
0.487459;214.734983;
1.133582;407.465919;
1.069636;505.809250;
0.171580;61.117230;
2.036012;706.868066;
1.206110;496.522313;
0.582987;132.666778;
0.655740;308.432503;
1.891182;667.128883;
0.683951;154.484928;
0.570507;247.623227;
0.304204;138.401846;
1.105185;413.644662;
0.560529;133.724353;
1.463564;687.808360;
0.748919;255.906993;
2.172600;889.432120;
1.895131;882.987708;
1.408212;644.732088;
1.211824;492.881197;
0.381779;131.217638;
0.798231;264.808355;
2.161629;497.193000;
2.916130;972.834185;
0.396423;181.054902;
2.535196;860.494678;
1.768795;711.169198;
0.201880;87.293765;
1.246399;572.918775;
2.282439;1043.431893;
0.246265;77.830799;
2.037740;781.057955;
3.324132;1360.770147;
1.373771;514.588417;
1.234667;533.145296;
1.586943;590.934041;
2.490153;1176.683673;
3.389388;1180.597699;
2.162684;495.734225;
1.336279;342.078289;
0.432715;123.665903;
2.823896;1076.503604;
0.283354;123.100752;
0.262990;119.168099;
2.166148;716.458736;
2.425333;1135.085016;
1.309510;385.605550;
2.042924;971.715096;
1.405723;651.838447;
1.546582;550.653869;
0.727117;230.475668;
0.682659;307.895998;
1.739248;632.230774;
1.654482;544.375194;
0.842454;381.659728;
0.491096;227.177538;
0.316664;87.399384;
1.498585;465.674717;
1.449852;673.316277;
0.414185;179.681303;
2.211146;786.554362;
3.206210;1219.450352;
0.451419;201.619428;
1.859656;782.939459;
1.143990;428.613004;
2.268265;1037.533217;
0.305909;117.213625;
1.823966;644.364483;
0.193046;44.497259;
0.318790;73.354314;
2.294516;832.756421;
1.319651;392.802666;
0.314357;127.947915;
0.514065;242.216717;
2.832811;1056.176288;
0.930118;288.173909;
1.439984;601.169398;
1.592601;671.631118;
0.376994;118.891126;
0.308592;131.971116;
0.468365;153.370005;
0.116595;50.018906;
0.793411;368.687091;
2.593731;1233.820949;
0.642497;214.245128;
1.797886;791.891286;
0.482400;220.230381;
0.408375;193.096652;
0.255357;67.035339;
2.746038;986.091641;
0.582668;259.623562;
0.745881;328.547938;
0.218208;93.849302;
1.937866;867.117372;
2.927690;1110.135581;
2.281679;840.142840;
1.221985;530.067475;
0.611851;279.180061;
0.909879;237.122984;
0.422831;183.916149;
0.228819;98.514898;
3.238094;1367.743661;
0.981157;464.853091;
0.307469;144.758723;
1.404777;624.483551;
1.301993;445.728469;
1.045101;364.226988;
1.409997;438.517708;
0.662455;155.966701;
0.579216;133.281200;
1.350701;570.973088;
2.542561;1057.156546;
1.531784;346.956875;
1.289056;511.784663;
0.569431;184.797051;
1.433128;634.665036;
0.284481;122.072071;
0.532293;248.564272;
0.685804;252.987720;
0.787521;274.075813;
1.373593;555.161516;
1.196363;559.452275;
0.753308;338.735049;
1.283351;373.401092;
3.789652;869.088114;
1.528796;478.163254;
0.201880;93.112658;
1.489872;572.918723;
1.016797;408.182474;
2.166299;1015.270275;
0.155772;72.660718;
0.706556;266.515089;
0.693268;286.536299;
1.607016;730.996996;
0.881999;421.280036;
0.947239;316.158897;
1.113799;380.755801;
3.360930;1201.945648;
0.189672;44.152264;
1.168176;543.212864;
0.104438;42.108390;
0.354870;126.272132;
0.432044;187.634415;
1.190395;513.342140;
0.324982;149.440643;
1.114560;527.070584;
0.362870;111.820112;
0.333535;135.107858;
3.679871;1601.561990;
0.224497;82.048179;
2.330537;1034.233286;
3.627711;1406.023680;
0.285387;121.225257;
1.295568;593.554828;
0.957420;447.155783;
0.320591;146.701707;
0.861131;406.162834;
1.447956;672.650531;
0.766532;312.423783;
0.394549;176.227543;
0.780834;352.146789;
0.509584;229.143874;
0.571885;254.388899;
3.165426;1334.418984;
0.438691;124.454163;
1.459799;563.647560;
1.461835;587.912965;
2.775448;1021.248910;
0.819110;234.125285;
0.925884;429.557379;
0.106936;37.192109;
0.237049;107.428998;
1.475647;620.875702;
0.457901;104.903100;
2.127628;828.496740;
1.506442;643.160429;
1.903162;846.714212;
1.106772;477.043362;
1.858947;556.868852;
3.256413;747.295864;
1.618239;688.934983;
1.664273;752.087478;
0.247334;112.941155;
0.508228;178.576368;
2.534699;967.273448;
0.219522;101.141958;
2.109546;976.248183;
0.280004;110.144932;
0.692430;158.687311;
0.596600;171.005903;
1.044927;484.350975;
0.481827;114.375510;
1.090431;358.504660;
1.065188;269.673775;
0.477688;193.665833;
0.885445;203.959376;
2.515540;902.663748;
0.194884;92.354248;
1.664672;749.382664;
1.147322;293.513295;
1.720887;554.860657;
0.458812;180.834916;
0.444943;106.929468;
0.454790;187.135524;
0.727457;316.771078;
0.537793;214.641654;
1.948426;905.979827;
1.554215;730.923192;
0.523961;243.753596;
1.634954;557.574946;
0.255978;110.394711;
0.340304;158.295753;
0.330751;112.550662;
2.786513;1323.701965;
1.828144;829.875851;
0.768987;361.512860;
0.730357;327.571702;
0.527745;138.549297;
1.805038;828.160289;
2.082095;478.519300;
2.853782;1073.270425;
2.860756;1363.710918;
0.367083;147.726796;
0.863809;391.487354;
1.310584;528.703913;
0.417004;182.117133;
0.653796;249.256258;
1.571614;654.713171;
0.490852;155.906541;
0.439669;121.992785;
0.684797;206.620933;
0.792741;242.042106;
0.689438;306.435846;
1.010068;439.901209;
2.860231;1043.567618;
2.196124;1003.624805;
0.728707;318.884363;
0.888829;351.993039;
0.650013;291.662607;
1.666027;751.859735;
1.782730;670.481054;
0.588847;279.349981;
0.378981;177.776998;
0.971240;223.104252;
0.432335;153.056865;
0.322207;139.640774;
0.329930;143.812927;
1.065499;386.712886;
0.880595;416.301909;
0.230869;91.777811;
0.998702;350.065386;
1.962263;926.732669;
1.916062;769.063045;
2.320748;1102.025823;
0.389599;174.126777;
2.804016;1335.625550;
1.663532;448.760519;
1.059282;261.429696;
0.289886;121.964723;
0.268237;113.347352;
0.983329;445.219208;
0.290345;116.919495;
1.221645;480.129652;
0.619058;171.679278;
0.840374;398.519718;
1.651548;492.491185;
0.408400;194.240443;
1.070846;433.081204;
1.606814;614.574635;
0.238409;88.176218;
3.369587;850.607925;
1.056153;248.270652;
0.352508;162.924435;
0.922551;209.334834;
1.071838;378.810249;
0.633339;261.335857;
1.855417;600.981434;
3.069116;1289.404464;
1.690622;517.065247;
0.704667;324.344527;
2.883325;1049.373738;
0.253388;108.642221;
0.937234;223.359571;
0.359749;84.066716;
0.322379;138.237612;
0.540180;235.648322;
0.609956;231.189852;
0.372173;131.562659;
0.532548;165.959676;
0.438541;190.866525;
0.208287;47.864295;
2.255451;517.806918;
1.591501;725.950213;
0.867027;197.925696;
0.971496;428.954608;
0.584474;190.126203;
2.044455;901.415568;
0.578637;210.917926;
1.378026;628.834632;
0.343149;79.060983;
0.828390;364.766152;
0.319978;143.502379;
0.342347;151.649143;
1.589206;706.564957;
0.866281;361.157850;
1.571275;609.794999;
1.748206;791.057388;
0.868900;361.334227;
1.202494;491.358733;
0.119615;49.842125;
3.027057;1283.787282;
1.548820;613.188790;
0.098908;40.268774;
1.427643;506.979583;
1.150793;511.107516;
1.230054;283.250000;
0.219813;83.158610;
1.391620;615.512627;
3.878807;1223.438716;
0.807323;354.182455;
4.089989;1309.922595;
1.047942;450.188228;
2.220378;859.051045;
3.040755;889.171450;
0.858852;388.275565;
0.177042;59.325999;
0.912102;299.579878;
1.514306;539.789776;
1.573218;578.049490;
0.725634;296.468198;
4.105023;1922.139614;
1.092477;468.339321;
1.849791;724.534044;
2.419916;548.432500;
0.171846;53.185045;
1.075419;446.292698;
0.575872;193.932470;
1.259084;449.763121;
0.294216;125.301780;
1.069827;459.852368;
0.976124;448.375069;
1.741074;822.322804;
0.118983;27.190600;
0.399017;164.987321;
0.640046;204.675019;
0.585989;135.000540;
2.391957;1130.856036;
0.212089;81.096608;
0.966746;307.989671;
0.177674;67.048635;
2.961622;1047.438949;
1.591054;522.500270;
0.854280;194.401152;
1.408955;606.141535;
1.193172;479.346425;
2.549808;1004.604260;
0.960679;387.975395;
0.975291;223.821978;
3.079786;1356.594663;
2.259175;701.132664;
0.331690;123.558201;
0.947102;347.054365;
0.280969;91.952139;
0.237988;54.436878;
0.548423;222.563690;
1.766067;525.404757;
1.165645;492.619306;
0.714442;328.101674;
1.434615;668.154376;
0.582977;136.049803;
2.138876;621.519887;
1.119973;524.052309;
3.064193;1357.447492;
1.324440;550.868886;
0.389552;176.990144;
1.834822;851.938419;
0.200479;91.724718;
0.244236;73.598583;
0.427256;175.603205;
3.105090;1437.930917;
1.534889;722.972710;
1.012275;462.561770;
0.647891;164.106114;
0.344183;151.134205;
0.615259;140.550091;
0.446749;116.029636;
0.511723;224.985757;
2.128878;579.213329;
2.029543;892.387194;
0.400982;94.648188;
0.420409;190.269751;
3.426680;1377.968283;
1.943742;636.287163;
0.570810;230.841059;
0.598945;282.002746;
1.595373;643.758943;
0.119078;49.125494;
0.425839;168.892818;
0.167002;38.506567;
0.235462;98.182198;
1.322243;360.620337;
2.348434;992.105173;
0.204650;72.584577;
0.308374;131.038136;
1.062191;498.292122;
3.648078;1561.999700;
0.258507;105.183367;
2.200318;1038.207468;
1.085746;385.099433;
1.135663;488.141763;
0.467203;110.256785;
2.861926;656.065800;
2.362763;542.555625;
1.065565;459.993184;
0.629689;265.653291;
0.230238;107.585237;
0.420710;194.033588;
0.577934;131.030736;
2.159085;704.248512;
2.507651;1030.459674;
0.575271;222.158817;
0.741505;348.781735;
2.171904;798.663560;
0.819227;379.587079;
2.717234;1219.014374;
1.751959;774.674597;
2.831109;1318.111158;
1.064948;260.963775;
1.432865;580.021279;
0.966746;389.003000;
2.693114;977.979787;
0.463801;221.674576;
1.384186;618.302018;
1.045197;463.383438;
0.521091;119.567664;
1.663000;527.620720;
0.815088;378.812575;
0.653958;211.573222;
1.243394;528.471031;
0.617085;241.972493;
0.649267;177.986112;
1.783320;761.135263;
0.737637;290.252885;
1.559451;467.368942;
0.410403;173.987844;
2.138613;490.010375;
1.016299;233.426397;
0.391330;182.792534;
3.133313;718.987811;
1.201307;390.336856;
1.277674;501.440334;
2.061192;901.495712;
3.579664;821.684800;
1.437255;625.050415;
3.155194;1337.485959;
0.240449;112.082581;
0.422439;187.097182;
0.324291;102.769328;
1.199492;381.743813;
2.913872;1152.401008;
1.511388;623.943562;
0.482582;110.001888;
1.339941;480.156017;
0.572149;238.431702;
0.718541;304.109717;
0.568147;197.468893;
1.311150;466.238544;
3.687883;1729.457560;
0.961152;371.036456;
2.083593;907.874729;
1.056875;481.683904;
3.225410;1413.888669;
3.340799;1332.256825;
1.008300;404.633886;
0.507326;238.205746;
0.279917;63.706500;
1.882294;771.842095;
0.402888;112.868326;
1.577903;727.891753;
3.315232;1554.847531;
1.391775;618.869878;
0.684764;155.428735;
0.524618;226.988850;
2.159753;849.274514;
1.973241;742.793767;
2.313537;1060.359818;
0.291086;91.263443;
1.288799;365.080357;
2.279165;1068.760763;
0.304339;125.977733;
1.404112;576.569118;
0.320166;135.973820;
1.857223;723.626721;
2.574307;1226.228631;
0.473298;219.493030;
0.814371;374.337188;
0.821266;331.617740;
1.468014;538.296385;
1.215239;551.531301;
2.297181;527.456256;
0.488151;213.994934;
0.852442;398.261096;
2.124188;1006.499796;
0.486621;223.783914;
1.649047;761.904047;
1.036790;491.437973;
0.663509;151.563632;
0.204691;95.665948;
1.969587;459.080829;
0.892390;324.636772;
0.789547;334.999266;
1.990748;482.106420;
2.907986;1238.692363;
0.966794;404.133548;
1.224398;326.509988;
1.374269;628.127471;
1.481258;605.961221;
1.929290;854.023541;
0.357100;129.542499;
1.967498;852.282449;
2.534789;964.255111;
3.254049;1458.023593;
0.461428;185.458077;
0.405976;92.942710;
2.263572;1058.301987;
0.483206;193.960545;
0.317483;104.614981;
1.886353;822.878378;
0.210988;83.423270;
1.142403;443.199803;
2.342640;1038.277657;
0.390019;176.806578;
1.215675;469.336066;
0.656665;252.489597;
0.581023;232.750470;
2.628453;973.088318;
1.881125;717.995447;
1.323357;545.853883;
1.460342;659.836779;
0.308110;122.742541;
0.844295;394.060258;
1.934776;445.798080;
1.513705;433.901036;
1.513192;607.806588;
2.553992;702.460954;
2.176544;501.852453;
0.460376;186.440376;
0.837867;335.749503;
1.757953;769.527187;
1.717313;784.997987;
0.747830;350.577566;
0.506794;116.166126;
0.735765;349.359050;
1.759535;812.763284;
0.170646;67.910275;
3.049398;1387.507586;
0.526103;162.630290;
2.838053;973.920903;
1.076505;435.161296;
1.808424;832.957935;
1.183402;314.028891;
0.315364;120.078591;
0.418829;168.965256;
0.595124;204.510142;
1.183039;418.750644;
1.454919;520.190524;
1.321085;625.283942;
1.236835;398.622205;
1.027076;234.547648;
0.546046;124.711488;
1.724062;811.369398;
0.416080;161.200608;
0.305173;107.220766;
1.696093;794.400127;
0.413752;191.556272;
0.578279;232.190455;
0.286659;65.298860;
0.202114;95.670406;
1.761164;725.858550;
0.315944;111.203564;
0.259259;59.774000;
1.539157;475.144811;
2.459061;984.114462;
3.017586;1089.628147;
0.941988;216.500868;
0.268011;86.891350;
1.390438;646.587228;
1.166362;556.176740;
3.098422;1436.084911;
1.478673;529.816573;
0.317156;100.075395;
0.326019;146.005701;
1.519103;705.267242;
1.376260;484.366385;
1.121769;418.863030;
3.109057;1082.526204;
0.251840;57.567744;
1.100366;524.157202;
0.978102;432.401946;
0.526474;147.267777;
0.847278;194.780600;
1.288281;472.523411;
1.921951;743.726596;
0.592802;138.624485;
2.257459;1071.634045;
2.402634;570.688300;
0.883913;335.171348;
2.419909;1132.921721;
2.308091;1073.865424;
2.715654;1124.338337;
0.869331;313.918863;
2.057641;970.142150;
1.156921;451.057779;
1.888566;740.976921;
0.342276;128.467922;
0.225384;76.659359;
1.481113;338.848908;
1.156665;434.942088;
3.081562;1387.052717;
1.794566;782.041368;
2.554286;1104.456490;
0.402825;160.596351;
1.474618;631.098633;
1.098754;514.522768;
1.983968;913.989556;
0.466581;188.410915;
0.565360;250.241304;
0.845082;334.867593;
0.256823;103.102640;
0.298388;90.549500;
0.485179;181.072743;
0.538849;214.542502;
0.323844;85.072184;
1.453709;664.971989;
0.490537;222.128257;
1.305299;595.410837;
1.169183;534.191913;
0.832299;190.534656;
2.150475;950.064067;
2.257562;919.991590;
1.939412;877.300629;
1.990303;923.558177;
1.322472;603.357177;
4.237768;1932.645243;
2.826523;1232.288607;
2.442387;1163.524445;
1.058128;404.662687;
0.213402;80.027542;
3.307735;1410.615657;
1.012537;408.922672;
1.340379;626.519155;
1.106511;515.255792;
1.511435;693.400172;
0.410712;195.247613;
1.782913;406.835897;
0.844833;382.820662;
0.218180;102.122355;
0.766173;308.665389;
0.625121;229.643982;
1.309332;435.152689;
0.604987;239.553147;
0.824810;385.310266;
1.148876;536.802153;
0.392408;89.413240;
0.974175;454.504869;
0.515913;222.810646;
0.775048;323.492438;
0.341016;119.082316;
0.177021;78.357899;
0.445531;204.721705;
1.172225;553.220563;
3.752574;862.838400;
0.848891;329.376726;
0.606270;139.762693;
3.241731;1365.275623;
3.367822;1236.476670;
2.085643;734.994039;
1.338400;306.705736;
0.465211;209.120299;
1.526045;678.167876;
0.455164;200.461658;
0.690627;293.571621;
0.462114;106.810959;
1.030153;455.804243;
2.350444;539.706384;
2.184312;821.275577;
2.709646;1213.546567;
0.678083;154.598400;
3.029060;695.528208;
0.444447;111.455594;
0.406395;186.321949;
1.418952;625.373991;
0.459117;216.356753;
1.354219;587.695043;
1.135967;506.016094;
0.340185;152.061502;
1.491212;403.915650;
3.199739;753.379735;
0.822390;333.326943;
0.418605;193.916820;
1.465419;373.954939;
0.757163;256.244850;
1.831743;587.042129;
1.533872;431.457856;
1.073203;459.324500;
1.892543;778.304262;
3.888567;1597.663639;
1.564335;638.608335;
0.207988;62.967626;
0.826458;370.912405;
2.684097;910.351912;
0.633979;275.586119;
1.898612;895.520297;
1.069638;274.776460;
0.595532;244.195082;
1.314252;535.987125;
0.288546;102.600971;
1.830316;449.304195;
0.751404;333.423435;
1.803610;639.393976;
0.591065;229.472336;
1.545597;676.721908;
2.658828;1147.822877;
0.416312;159.792235;
1.726425;711.995876;
1.467354;672.506125;
0.126458;58.029886;
0.425531;200.972717;
0.226196;88.944748;
1.309595;528.052170;
0.764322;356.013169;
0.205033;60.009746;
2.705616;980.814124;
2.194495;895.705942;
1.933611;893.798169;
0.456345;185.877301;
1.500476;613.201395;
0.172814;78.486006;
1.320296;602.012054;
2.428250;1082.557907;
0.505068;220.459592;
2.816801;1061.600105;
0.959476;330.576417;
2.952098;683.074350;
2.292815;821.334504;
2.707449;1277.913489;
1.371096;318.037941;
0.848750;361.583094;
1.301343;615.362460;
0.839192;278.797101;
1.224019;504.993219;
1.316589;626.055969;
1.413489;664.121612;
1.784336;655.398984;
2.096739;644.116627;
1.221075;405.787784;
1.035944;306.428350;
0.495361;114.307101;
0.311606;93.845566;
1.938331;643.460259;
0.844245;205.571851;
0.400168;163.453708;
0.763674;313.992673;
2.476973;1047.365762;
1.585385;549.718578;
2.014163;668.179058;
0.450037;176.909852;
0.388822;160.186917;
1.862262;841.677679;
1.526599;672.344154;
0.462032;133.372797;
1.070784;414.289611;
3.801850;1248.022371;
0.473142;197.159317;
1.641397;661.911172;
0.735554;327.187226;
0.291533;100.411061;
2.943287;1385.259495;
0.350124;154.056820;
0.986019;363.979969;
1.188078;542.172031;
1.420661;626.887980;
0.589344;264.880135;
1.063077;244.528128;
1.229397;498.044543;
0.186097;64.059336;
1.903580;800.962328;
0.485300;213.079585;
2.316064;658.102086;
2.984281;1199.711243;
0.742471;251.780277;
1.591505;636.501279;
0.937288;445.835592;
2.884092;1154.359426;
1.160856;498.190615;
0.256881;72.961491;
M0:0.004230
W0;O:0.000381;R:388.721014
0.483516;147.005790;
1.723708;774.414673;
1.638253;669.939019;
1.736083;747.226154;
0.243800;96.526979;
0.768026;315.541934;
1.728329;752.971443;
0.799311;216.436461;
1.073549;495.958872;
1.294791;500.706597;
0.547744;229.074051;
0.319997;150.350381;
0.541101;169.236989;
1.272448;541.986080;
2.821980;1228.896234;
0.425140;195.080905;
0.379403;86.842368;
0.233265;85.672477;
3.170352;984.056771;
1.994836;844.501249;
2.828073;1334.809396;
0.325008;102.242590;
0.933359;215.069900;
1.075904;461.172255;
0.979765;464.280435;
1.695979;703.180228;
1.722495;396.837420;
0.363888;167.877108;
0.245252;56.273833;
1.210158;472.115684;
3.800500;1630.716195;
1.798013;822.600649;
1.606721;710.685025;
0.427928;130.458615;
0.186141;86.909985;
1.128506;418.879337;
0.985803;451.533487;
0.831068;349.968083;
0.310149;124.531789;
0.181440;81.516947;
1.290264;583.166645;
0.622318;292.811306;
3.669462;1743.321349;
0.470569;171.243364;
1.208574;447.599374;
0.877233;398.612396;
1.533804;418.951252;
2.083406;843.925181;
1.184205;481.638266;
1.683289;389.919717;
1.260265;543.391068;
0.859586;393.728508;
0.248059;108.845271;
1.977728;826.688676;
3.162587;1296.678211;
0.661251;259.466148;
0.501647;228.254893;
0.957098;380.299182;
0.418852;124.504940;
1.109398;408.224200;
0.724031;291.525825;
0.926763;305.160704;
0.803956;287.260936;
2.598855;1094.553222;
0.445657;170.884015;
2.013793;543.085760;
2.545608;583.533552;
0.987430;450.751207;
1.321728;480.418418;
0.151455;66.530602;
0.311371;133.016343;
0.833998;330.523464;
0.395817;180.691962;
1.182624;270.262575;
0.141230;41.383158;
1.034854;347.775400;
0.622256;147.277053;
1.067867;456.118557;
2.470492;810.917795;
1.949360;446.407200;
3.645401;1035.975503;
1.342229;601.650789;
1.698298;749.524596;
2.362617;1112.345878;
1.477144;505.002069;
1.162900;493.986604;
0.351270;154.540975;
0.867605;386.389991;
1.917429;563.213946;
1.908125;876.021975;
1.846875;765.687799;
1.055943;381.119766;
0.388821;149.872885;
0.309814;117.885642;
2.205158;783.380962;
1.120769;500.163077;
1.059433;451.659218;
1.246742;468.115619;
0.571974;139.762150;
0.365588;137.743002;
1.401461;664.442132;
0.202421;91.163804;
0.253169;84.340133;
1.354578;421.781864;
1.476735;523.550296;
2.348583;567.872035;
1.297973;515.256755;
0.190708;82.272320;
1.844638;724.628222;
2.131490;488.658625;
2.938308;676.578825;
3.166031;953.628148;
2.530913;1098.681908;
1.286556;557.360101;
0.332136;119.851400;
0.664687;151.956945;
0.200190;91.116765;
0.905903;344.562855;
1.612072;365.857216;
2.237151;986.400963;
1.123145;406.027117;
0.409098;181.771397;
1.633330;580.239215;
0.464928;218.423525;
1.904076;629.276002;
0.485945;188.161897;
2.260564;953.777990;
0.490320;177.281477;
0.100130;41.032710;
1.398906;573.449431;
0.709739;266.285347;
0.676387;241.199516;
1.517410;665.967642;
0.378970;124.838381;
0.212748;55.093196;
2.297571;1011.947061;
3.020681;1355.831840;
0.471528;158.321397;
1.697424;525.705371;
0.814055;263.312895;
0.368525;161.275859;
0.548724;242.262529;
1.311320;300.321683;
0.312407;110.624528;
1.091147;403.054883;
2.652506;1221.289570;
2.357360;811.889415;
0.566079;173.122397;
1.374031;473.634469;
0.165098;76.028424;
1.798873;413.635950;
0.556686;225.428882;
0.534770;247.371363;
0.207837;64.036403;
0.355544;166.530221;
0.191098;67.197857;
1.300750;602.833664;
0.403086;110.080327;
0.622458;221.579337;
2.110294;796.930410;
0.612965;210.877850;
1.701762;798.598784;
0.356498;145.516985;
3.168252;1503.601744;
0.246860;55.935441;
0.217041;91.619833;
0.568414;191.705090;
0.461051;203.334105;
0.375051;176.660029;
0.904638;285.558104;
0.625484;143.063244;
0.314182;105.394565;
2.054250;897.468233;
2.446495;983.142672;
0.342558;159.331080;
0.120009;53.642699;
1.308614;477.764940;
2.751946;1169.525196;
0.572980;190.862524;
1.010784;399.153149;
1.257308;476.052315;
0.428472;140.070828;
0.295402;67.892517;
0.808221;359.341452;
1.868122;569.279552;
1.987396;649.353604;
2.422251;1040.858890;
1.000671;464.537510;
1.231617;504.344061;
0.844411;402.044762;
0.451576;176.620616;
0.555723;129.178800;
0.263638;118.641686;
0.453567;105.234948;
0.734427;253.802159;
0.940645;246.147314;
2.319552;917.544974;
1.036545;447.607451;
0.570691;247.601175;
0.942052;414.632118;
0.221342;88.974822;
1.460231;331.156852;
3.419147;1632.494045;
1.468906;621.716809;
0.164069;73.102744;
0.948559;376.251597;
2.838500;1288.009016;
3.415590;1620.659291;
0.306577;124.138852;
0.226258;107.227488;
0.919018;342.982257;
0.201295;92.637728;
0.412975;194.120906;
2.430160;875.310605;
0.643707;194.237845;
0.290517;67.160772;
1.691416;587.284791;
1.091309;494.525048;
2.761968;953.391805;
0.167657;75.042208;
1.376060;636.644050;
0.706974;163.509668;
0.906679;376.498163;
1.321137;617.308367;
1.013541;465.964018;
3.211054;1448.854566;
0.233072;77.922179;
0.598290;166.377837;
2.475753;1016.622845;
0.583700;260.464089;
0.769630;304.685744;
0.273387;64.891233;
2.134033;771.571200;
0.246611;91.046618;
1.211486;279.120170;
1.895623;698.071469;
2.754253;1175.063257;
0.493289;197.262987;
0.472661;222.318583;
0.688003;320.375308;
1.000816;452.835769;
1.117646;366.224395;
0.513192;147.885755;
0.346377;102.767510;
2.971819;1316.466978;
1.379223;646.532543;
0.355193;132.207163;
0.567215;268.347168;
0.325537;100.651943;
1.158899;427.147361;
0.199295;93.882378;
0.273035;99.696392;
0.393332;155.168379;
0.320329;147.599721;
0.324447;149.369538;
1.882163;675.646293;
2.682400;1274.544394;
1.954241;587.983150;
1.157180;367.780115;
2.400186;748.649114;
1.671858;618.063648;
2.449028;1071.024708;
0.827964;391.140928;
0.334118;89.143298;
1.030259;406.023209;
2.783729;640.315449;
0.386048;171.625281;
1.436663;626.958799;
0.751122;359.245489;
0.243650;102.479686;
0.441733;173.529131;
1.856311;568.354605;
0.455571;209.459384;
2.442165;822.753270;
1.491967;395.016441;
2.598613;886.290664;
0.946991;269.611695;
0.209528;86.176891;
1.249588;414.898318;
1.267659;513.296252;
1.420673;337.550257;
1.948938;678.014441;
0.900590;293.608130;
1.603068;686.368434;
1.581555;725.001775;
0.128602;56.340640;
2.488289;1116.676959;
0.995155;413.205323;
0.562877;233.105277;
2.272375;994.123401;
1.233030;473.660028;
0.973650;399.059315;
2.134604;991.965875;
1.440802;621.567256;
0.595013;257.611370;
2.111875;483.004368;
0.653321;226.556277;
0.386836;178.848804;
1.328129;572.032356;
0.185589;73.288866;
1.347443;573.493859;
2.898436;1066.132362;
3.070635;1382.925373;
0.327256;139.462981;
3.354885;773.310528;
2.180331;498.369838;
3.811019;1274.485685;
0.297207;128.224784;
0.421243;166.316493;
0.460709;199.482505;
0.684350;266.834367;
2.622704;1055.698297;
1.835552;787.491255;
1.171696;522.849892;
1.034600;238.476348;
1.164866;552.413420;
1.649639;651.559315;
1.574962;359.498660;
0.271710;123.676278;
2.847061;1239.150497;
2.026852;551.403451;
1.985886;767.663948;
0.996996;449.024196;
1.433223;637.523099;
1.232908;559.851746;
2.046145;852.201636;
2.211112;708.654491;
2.703639;1072.765812;
1.383163;431.225314;
1.383390;552.994944;
1.218066;515.373912;
3.026345;1363.473453;
2.698117;612.528601;
2.047527;882.584019;
0.794074;340.716565;
3.047798;1189.191859;
0.226029;81.471237;
0.879976;270.768094;
0.249382;76.905871;
3.625003;1487.034442;
2.909570;943.793777;
1.397179;634.049232;
1.256567;401.805970;
1.770131;645.005824;
1.160961;268.087678;
1.352064;309.071028;
2.912218;1167.040624;
1.324525;594.967636;
3.795173;1723.911715;
0.563172;190.092951;
0.559683;257.173666;
0.920381;435.932542;
1.400520;649.035026;
0.966859;444.242940;
0.592137;280.678202;
0.344640;88.761678;
0.458251;208.251809;
0.733328;175.025654;
0.371672;172.928888;
0.216798;92.489175;
1.823795;419.612400;
1.774096;714.610114;
2.245362;802.241735;
1.046077;476.191220;
0.500979;204.713533;
2.027402;954.791349;
0.709943;331.345921;
1.492808;337.767015;
0.313734;146.475446;
1.194642;527.155235;
0.446356;196.127055;
2.183971;967.940276;
0.385847;89.447919;
1.524610;349.014358;
2.181300;839.355208;
2.235996;585.559987;
0.933538;391.753188;
1.057656;435.738576;
2.211232;977.126377;
2.108442;873.535491;
2.484180;972.713923;
2.759265;1263.572843;
0.863063;292.331929;
0.482628;172.745016;
2.844957;667.804947;
0.803922;287.015245;
0.293905;124.426502;
0.345628;110.972307;
0.205816;47.739375;
1.149594;480.279261;
0.244209;107.421060;
0.293860;74.997478;
0.266085;115.345183;
2.984031;1348.510193;
2.587732;870.416873;
0.352660;159.401576;
0.454051;191.012622;
1.277261;512.544234;
1.222077;279.726264;
0.385730;88.060896;
1.713156;813.111557;
2.173853;998.596530;
3.767471;1502.318516;
0.599440;174.011967;
2.502609;576.365625;
1.388816;580.310633;
0.294510;121.214654;
1.451527;693.043383;
1.066124;454.224023;
0.789304;367.754875;
0.155251;70.654152;
2.032882;663.497683;
1.035307;457.417427;
1.348483;582.503860;
0.135555;57.932872;
0.496545;206.245455;
0.414483;175.828400;
2.505086;1030.346389;
3.662380;1697.125413;
1.480091;622.729341;
1.277920;454.173714;
0.389079;131.146948;
0.371115;160.888231;
0.799930;269.738411;
2.006865;934.445950;
0.645904;255.369714;
3.198268;1454.967099;
0.326672;154.366867;
0.525945;204.251620;
3.336676;991.149362;
1.203167;514.230277;
1.462126;597.588324;
0.240196;80.897609;
2.733452;1024.739020;
1.300863;490.732150;
0.461518;198.598562;
1.121835;525.728459;
0.223435;95.497372;
0.978989;433.286639;
1.967017;836.724549;
0.267997;93.688966;
1.130097;508.204822;
2.643673;1085.470693;
0.642624;146.001927;
1.123549;403.506634;
0.337140;133.269865;
2.350262;538.216778;
1.420570;592.022571;
2.310859;679.573833;
2.562187;1185.753450;
3.889364;1761.024180;
0.313553;87.699397;
0.484255;128.964004;
0.656660;252.474195;
0.458226;141.950443;
3.632156;1717.116159;
1.423094;579.144636;
0.906010;424.927788;
2.370124;569.904955;
0.380283;166.763453;
1.479646;706.138798;
2.048526;772.723203;
1.458044;541.061907;
1.762993;752.041779;
1.286104;526.397112;
2.833587;1284.678554;
1.975015;933.104256;
0.750448;301.203885;
0.856862;363.784559;
2.844104;1076.068707;
0.489670;207.667521;
0.262006;70.554980;
1.845222;806.469439;
0.183731;83.882003;
1.687909;799.421524;
1.745077;715.350371;
0.591136;168.078905;
1.400035;576.932451;
1.097171;378.638069;
0.438258;100.117941;
3.799497;1741.071980;
2.173275;927.980219;
0.336168;148.645882;
1.779052;742.751267;
3.291754;757.221872;
2.772827;1199.289059;
0.295546;87.561435;
1.680845;392.590024;
1.443241;631.581912;
0.645083;306.789363;
1.809334;840.192148;
1.226117;447.234680;
1.451897;439.953243;
0.331293;143.147009;
0.729502;344.645230;
0.325259;120.684268;
3.397484;781.761600;
1.788124;695.364800;
0.141744;52.451389;
3.937727;1704.977928;
1.845178;871.859348;
3.081796;1256.859774;
0.290938;110.048944;
0.344799;142.562271;
0.662888;277.633370;
0.572107;163.722790;
0.654476;235.776990;
0.329521;96.851649;
0.334855;139.886242;
0.421245;193.109276;
0.471666;196.615405;
1.258053;572.587341;
1.335094;560.442641;
2.286890;906.356194;
0.664094;153.410455;
0.251571;105.932287;
0.774328;346.030573;
0.677920;302.204132;
2.147438;491.855900;
2.392165;1080.546923;
0.431879;112.148233;
0.908141;384.888120;
0.339884;112.964619;
2.840978;1039.865078;
0.398182;168.000196;
0.594052;201.358807;
0.573850;132.098000;
1.587160;691.343912;
0.725258;337.286948;
1.136787;497.857366;
0.662833;307.619564;
0.328513;139.861377;
2.428015;986.125036;
0.462495;193.677355;
0.197696;57.086848;
1.237626;443.543563;
0.402067;176.955421;
1.328316;480.353800;
0.749505;316.029476;
2.402776;874.749583;
0.215772;97.940382;
2.625487;1205.118410;
2.956671;998.467045;
1.670338;507.621536;
0.440397;208.412910;
0.643501;237.980926;
0.433150;190.719523;
0.283002;109.381340;
1.058358;496.691714;
0.401644;187.722545;
2.144614;928.795398;
2.409834;1135.858346;
0.234908;94.482227;
0.874164;400.892082;
2.311937;987.758538;
0.374730;145.869079;
0.417165;95.276925;
1.193892;436.617984;
0.691924;228.248575;
1.422642;623.377845;
1.738676;695.310575;
1.179834;412.613806;
3.597980;1409.747626;
2.513478;1113.750934;
0.957895;404.952244;
1.710615;781.163370;
0.405690;191.748608;
0.642755;261.907215;
0.855480;394.586863;
2.444561;964.740967;
0.712658;310.777268;
0.568907;244.183812;
2.224294;1041.017277;
0.360191;82.389872;
2.882921;1174.295681;
1.592925;743.578707;
0.325556;74.973364;
0.777096;207.882015;
2.466362;1134.148409;
0.968480;373.403364;
1.545285;357.188716;
0.737337;308.952542;
0.551407;260.142804;
0.791807;195.340243;
2.927455;1322.722377;
0.410424;94.560984;
0.412161;184.703090;
1.050484;465.966800;
1.663745;738.835048;
1.102166;478.632099;
0.559143;238.984038;
2.327846;989.780461;
0.511766;175.298844;
0.424466;176.078680;
1.350664;568.602324;
0.311260;71.360500;
2.381864;1120.045867;
2.793528;1176.708097;
3.198956;1362.380176;
1.012833;309.081270;
0.333897;140.290943;
0.304100;80.222158;
0.768702;225.377603;
1.161415;430.428452;
0.866953;321.926917;
0.949716;449.355179;
0.912233;383.196125;
0.399213;139.629060;
0.739332;298.210832;
3.730930;1667.368680;
1.329243;368.135844;
1.499011;393.800684;
1.420553;647.572048;
2.143702;490.372987;
1.469470;693.435757;
0.455378;206.290338;
1.594754;603.500013;
1.321590;588.652212;
0.192855;87.709400;
1.152301;541.551240;
1.869497;431.499552;
2.067573;876.756766;
0.368932;138.573877;
0.553626;215.226951;
1.785607;455.818447;
0.256937;65.108746;
0.460705;193.532030;
1.425256;563.532939;
1.619898;672.541351;
0.430820;145.443986;
1.924655;897.722694;
2.941560;1307.931971;
1.086414;493.440726;
3.591282;1703.849321;
3.725745;1616.661933;
0.806911;352.727702;
0.297387;77.318484;
1.570642;403.181281;
0.591015;273.054789;
1.574366;682.817004;
0.153843;50.086670;
2.141970;974.991398;
0.669651;240.501718;
2.605316;1243.134774;
0.488241;216.405288;
0.178465;81.235015;
2.775025;962.207931;
1.989538;733.997009;
0.334153;128.590074;
0.742130;273.513013;
1.300572;481.238480;
1.255952;568.222049;
1.224649;538.198101;
0.121019;50.413854;
1.404429;566.487787;
0.301953;126.794553;
3.674878;1546.784883;
0.377414;153.116359;
0.374679;150.250075;
2.094000;742.771329;
0.544539;248.396112;
1.573723;681.929474;
1.463427;501.184543;
0.987555;308.547669;
0.263816;106.513996;
0.794261;354.006738;
0.615240;214.076874;
0.256591;88.436618;
0.387933;168.805187;
0.866088;413.184952;
0.468018;213.522981;
0.646067;260.935142;
1.151231;500.952831;
0.840018;262.408509;
0.403795;181.560474;
1.896983;739.948031;
0.460241;190.360649;
0.588836;135.224397;
1.745845;662.779399;
0.805059;185.569100;
0.186948;77.756149;
1.433035;653.887926;
1.165015;546.020845;
0.151838;50.409523;
2.574525;1077.076383;
0.755702;330.701671;
3.001547;1341.466686;
2.514933;1054.156609;
3.469697;797.543121;
0.791855;369.897428;
0.683252;280.323706;
0.614699;280.325950;
1.792049;650.331864;
0.258417;68.723476;
3.159463;1425.861319;
0.726591;334.575006;
0.211629;69.917231;
1.717236;612.256557;
0.178478;80.980765;
2.932330;1356.652210;
0.272104;83.053864;
1.326859;302.750390;
0.175586;82.452455;
1.334698;569.667546;
0.342298;163.067438;
1.071617;434.461554;
0.849608;394.605773;
0.603792;257.259000;
0.584104;214.760619;
0.671125;308.585969;
2.130929;651.359637;
1.547299;606.074516;
0.347515;152.831399;
0.616652;279.147038;
0.370260;149.010192;
2.192868;1038.451654;
0.353479;161.913756;
1.293541;454.726534;
2.872139;920.925234;
1.278587;291.559408;
0.282252;75.200060;
1.332424;440.556761;
1.248929;288.904288;
0.861016;300.734519;
0.785073;266.483943;
1.049650;430.613522;
0.395363;123.822871;
1.805770;782.433306;
2.465357;569.250792;
2.640872;879.070069;
0.634093;300.169531;
0.449683;103.193088;
1.074900;309.104544;
0.327055;148.929851;
1.311916;598.342741;
2.334817;1066.692580;
1.303098;532.353444;
2.260672;517.920611;
1.548623;723.032590;
2.182472;621.398197;
0.331180;153.394988;
0.514224;148.398520;
2.134584;754.022220;
0.803749;255.826123;
0.763849;297.269612;
1.560412;724.362369;
0.524060;199.272837;
1.300043;592.510631;
0.284647;135.617856;
1.013002;233.079525;
0.627411;299.429059;
0.296859;140.360806;
1.297821;601.746661;
0.600651;257.923351;
1.129280;260.544420;
0.151375;54.646847;
1.133052;404.791077;
0.315740;143.195662;
0.805326;374.226839;
0.404874;176.496239;
1.907186;596.787605;
1.076015;434.983135;
0.375453;151.682172;
0.427646;180.669591;
0.928442;414.362459;
0.467954;203.999342;
1.856268;854.153077;
0.415509;166.347886;
0.946667;438.912672;
0.250963;97.256619;
2.436898;663.504368;
0.175473;63.736765;
1.636281;670.798995;
0.275019;112.814933;
0.934711;274.653758;
2.703816;1200.894218;
2.192466;1032.571969;
1.688227;794.187773;
1.213564;288.860629;
0.105960;47.206133;
0.989308;389.573642;
0.472065;123.408384;
0.250941;109.217993;
1.210703;564.673895;
0.757571;324.273612;
0.196211;91.711766;
0.402670;155.677570;
0.235944;98.776537;
2.082926;478.826116;
1.402270;654.811980;
2.346426;782.462191;
1.647678;688.097076;
1.828311;413.412758;
1.682443;532.821920;
0.130963;55.107174;
0.450382;147.105099;
2.223178;674.296842;
0.896770;229.228906;
0.301499;124.533188;
0.312067;136.212005;
0.681373;293.403745;
1.035784;355.723499;
2.639873;772.518055;
1.300298;432.297986;
1.732590;761.521950;
0.211525;60.430398;
1.071624;481.490946;
1.717134;441.755829;
0.606808;220.928948;
3.707275;1538.219475;
0.728015;340.599652;
0.904836;409.388254;
0.352703;165.350050;
0.226755;104.762523;
0.655281;247.236216;
1.489497;687.425105;
1.944739;664.314390;
0.456140;205.118171;
1.667894;779.956120;
0.780188;361.023905;
2.911272;1257.559079;
0.449131;178.125288;
0.588995;208.220365;
0.862989;389.270971;
0.578662;230.938572;
1.578518;658.945655;
0.651005;292.180885;
0.736919;306.013715;
0.177292;66.424036;
1.464585;601.301622;
2.362000;1079.458190;
3.894136;1853.454023;
3.644481;1448.030453;
0.491798;208.403813;
0.642317;301.973122;
0.372954;84.310271;
0.789288;258.507986;
1.153143;482.728697;
0.529503;217.163084;
0.673283;284.367720;
0.150389;64.420992;
0.535582;244.010863;
0.347496;145.114214;
0.704260;238.805109;
1.133944;392.226290;
0.400747;177.380166;
2.131767;993.167406;
1.104542;491.561054;
2.052029;809.540605;
0.963252;405.071291;
0.238010;94.714638;
0.563392;129.226241;
0.526139;233.289659;
0.807088;284.836675;
0.400421;176.493105;
1.781817;834.642237;
0.300087;106.660346;
1.943729;638.708112;
0.948419;218.314968;
3.393128;1589.427319;
0.305539;98.879428;
1.546962;684.813264;
0.327749;121.549023;
0.755185;326.863304;
1.906222;890.449525;
1.887940;830.347889;
0.354218;88.261362;
0.232162;93.788362;
3.292776;1451.245782;
1.953817;449.956537;
0.621883;266.987104;
1.158655;505.457959;
1.116503;300.155075;
1.907634;696.235693;
0.661284;178.928860;
0.961674;434.659954;
0.283908;132.410650;
1.106099;426.811734;
1.313244;495.768525;
0.712208;280.029867;
1.522691;718.473894;
0.940697;416.042384;
2.163649;908.132368;
0.803905;285.199310;
0.526085;171.408467;
0.287538;127.158028;
0.611811;273.660087;
0.506235;234.262370;
0.482402;213.877134;
2.462483;766.269490;
2.640805;1256.742693;
0.695809;159.952320;
1.051950;241.722896;
1.120746;437.065220;
0.422945;107.352735;
0.178624;67.215381;
0.150016;34.078720;
1.641947;710.542930;
0.906575;379.147995;
0.514923;196.044611;
0.778024;350.811362;
0.693083;240.379502;
1.925105;496.266627;
1.261504;563.512734;
1.655818;651.001960;
0.210079;98.102037;
0.450012;221.482830;
0.163186;39.521948;
0.937315;393.021818;
0.116017;51.631767;
0.593464;280.595054;
0.558764;272.623009;
1.282903;575.822985;
0.947170;434.664866;
0.359826;165.432695;
2.796374;1347.047749;
0.922482;421.307923;
0.777179;222.364047;
2.608383;631.975520;
0.111351;30.234634;
3.733374;1765.018701;
1.297894;566.870975;
1.101479;521.355174;
2.522055;1226.949779;
1.296344;432.261120;
1.422105;345.778692;
0.736471;178.660616;
0.264531;64.115309;
0.679910;314.156094;
0.517545;218.030558;
0.420485;210.829887;
0.292052;124.857997;
0.455640;207.436093;
0.902402;381.941046;
0.977859;473.144867;
1.644662;502.862811;
3.552944;1090.642019;
1.730782;844.553626;
0.909197;443.001128;
0.811663;374.568093;
0.761876;278.752567;
0.957288;363.937455;
0.111571;26.780416;
1.661729;780.391152;
1.873889;888.267774;
2.410631;1208.503720;
1.128251;499.339898;
3.293790;1631.701598;
1.270759;603.858804;
0.218096;77.674530;
1.287359;311.975550;
0.846708;369.010703;
0.985811;472.023251;
1.664880;607.005399;
0.268093;125.144548;
0.489327;202.289954;
1.588955;635.448702;
0.319226;145.940423;
1.050615;445.427133;
2.293429;958.551586;
0.267806;128.753677;
1.750999;858.400258;
0.772028;360.163967;
0.334501;164.884693;
0.320418;77.513220;
1.190570;521.318002;
0.293216;132.714342;
0.527561;171.919841;
1.412077;514.412740;
0.724259;324.579226;
1.020482;271.726940;
0.661522;303.774608;
0.902727;415.448418;
0.203635;85.998429;
1.758978;816.830358;
1.276697;628.602498;
0.823723;320.384458;
0.565717;252.810841;
2.914245;1436.491295;
0.666062;324.968746;
0.332584;161.971803;
0.298663;128.562266;
1.483584;728.614143;
0.531942;259.406235;
2.314116;1093.350155;
0.858171;378.086981;
3.645591;1596.376663;
0.288550;87.122202;
0.128514;54.255966;
0.476090;113.977984;
1.417153;342.745200;
0.223893;95.117260;
3.484675;1586.154520;
0.733283;338.921717;
0.358993;152.714407;
0.871225;211.257200;
1.336209;602.385430;
2.950601;1363.558320;
0.746486;179.854400;
1.155237;518.816148;
1.564706;697.765611;
1.735917;750.334101;
2.391666;856.966492;
0.420232;105.102640;
1.174102;485.201403;
0.722703;273.308179;
0.400021;173.012880;
0.645323;309.846924;
1.870379;825.619209;
0.979360;387.324922;
3.016224;738.644816;
1.803367;888.527886;
1.374660;337.039605;
0.786585;342.405755;
0.185236;91.968579;
0.300056;149.868682;
0.882154;385.205796;
0.696310;282.035046;
0.473740;184.665327;
1.119159;347.445924;
1.019901;506.541792;
1.469534;690.874633;
1.519542;527.727277;
0.211802;55.993529;
1.191967;576.495704;
1.043573;521.355732;
0.344180;147.077608;
0.487128;118.076400;
3.068943;1186.131409;
0.339256;144.253336;
0.392488;166.685142;
0.710974;175.171572;
1.821602;888.399445;
1.316564;456.663090;
1.107373;443.889641;
2.548189;1218.073754;
0.536156;201.394867;
0.758055;373.081730;
2.589926;977.587998;
1.231610;592.664441;
1.135309;478.590076;
1.511028;613.270808;
1.035414;376.162941;
0.759242;342.505501;
2.174092;806.269672;
2.022606;998.009257;
0.522587;249.518544;
3.099971;996.453428;
2.658867;1078.102102;
2.326929;1058.175698;
0.322365;126.984059;
0.770240;223.845540;
2.320234;1042.659307;
0.385345;191.133900;
0.503358;222.784003;
0.718584;325.260432;
0.633194;223.144287;
0.295574;101.634376;
0.747118;283.244832;
0.836098;390.038035;
0.775865;374.413314;
2.083043;831.824035;
1.937436;908.882365;
1.283412;310.586157;
0.784402;190.527161;
0.292147;141.547161;
0.319866;77.249700;
0.419213;197.773070;
0.592896;265.544459;
0.307208;102.636480;
0.416039;192.172255;
2.179006;837.555201;
0.972243;415.630950;
0.497733;244.045383;
W1;O:0.000602;R:594.501805
W2;O:0.000615;R:602.851088
W3;O:0.000632;R:571.454227
W4;O:0.000620;R:618.460889
0.361415;182.775693;
0.984100;242.742996;
0.672558;307.821765;
W5;O:0.000596;R:616.012502
