2.69465;465.522;
2.16053;361.999;
3.7474;607.05;
3.583;508.868;
4.36277;650.336;
4.68126;708.133;
4.73138;681.752;
6.89461;1154.83;
5.19646;763.306;
5.76741;819.033;
4.9932;732.032;
3.26247;445.785;
5.68933;897.245;
4.57623;750.973;
4.16669;578.221;
2.9242;435.765;
5.87188;849.097;
5.6633;823.4;
2.91861;392.655;
6.2793;876.081;
3.23195;469.442;
4.34378;614.609;
5.32226;901.538;
2.89203;404.772;
4.03046;589.095;
5.29963;759.861;
3.0319;448.208;
3.71585;547.046;
2.59692;381.863;
3.92591;554.124;
5.02245;898.636;
4.88162;700.692;
4.95636;712.244;
4.19152;548.928;
5.14238;762.14;
3.28458;585.36;
5.21484;746.74;
1.91414;263.527;
4.36919;682.385;
6.32389;916.035;
5.05797;739.6;
5.63541;797.989;
4.60988;638.953;
5.23349;874.114;
3.78165;550.989;
6.4956;925.698;
6.18814;899.624;
4.67827;645.715;
3.43081;483.453;
4.32334;716.871;
6.71283;921.103;
5.71278;805.428;
2.22042;378.21;
4.58686;638.837;
3.7936;553.939;
5.74106;798.534;
2.70204;383.689;
4.7827;649.019;
2.40676;386.197;
4.70331;664.044;
4.01746;569.633;
3.66883;634.171;
5.55607;803.989;
4.52235;659.337;
5.73855;814.527;
4.50125;644.564;
8.53432;1192.3;
2.91724;418.581;
3.67113;649.313;
4.11966;621.682;
4.07765;553.119;
3.04017;440.074;
1.9582;330.879;
5.81114;848.439;
4.61962;644.698;
7.72285;1109.64;
3.14573;458.445;
4.61758;763.547;
6.66651;975.882;
4.21074;620.068;
7.11409;988.963;
5.51777;814.473;
6.39633;925.472;
3.39319;610.743;
7.08958;1019.4;
5.20403;722.601;
4.17093;639.969;
5.10458;782.958;
4.27029;716.804;
4.99564;707.144;
7.24028;1123.88;
3.4468;484.057;
4.63251;703.091;
5.74009;801.078;
4.44426;738.209;
4.50526;658.057;
3.48507;473.375;
3.93513;548.217;
2.99024;520.542;
4.98754;733.253;
8.13168;1082.19;
5.19787;761.597;
3.15949;551.574;
6.00331;860.126;
6.09235;897.145;
5.06632;738.965;
5.0058;718.103;
4.35693;635.637;
6.09772;833.824;
3.90297;556.444;
3.87215;558.708;
4.73881;789.495;
4.08932;582.312;
4.43843;636.213;
5.01826;734.176;
3.06792;531.872;
2.74221;378.8;
3.71005;492.238;
4.08263;553.096;
5.61785;788.367;
3.30007;449.319;
3.3525;476.761;
2.68654;408.131;
4.49006;602.734;
5.3678;967.492;
6.37392;973.483;
6.22073;905.313;
3.33899;498.875;
2.96583;439.767;
5.24157;699.977;
4.02298;661.449;
4.16489;563.161;
5.14956;736.742;
5.78892;800.208;
1.76523;258.078;
5.0103;723.65;
2.84578;402.845;
3.77233;653.974;
4.70914;712.361;
5.71263;770.305;
4.91684;722.075;
4.62093;681.935;
4.06067;606.717;
3.86253;566.525;
1.91229;271.465;
3.93863;648.956;
3.85328;538.212;
4.02102;600.933;
5.15016;731.431;
4.34141;603.412;
4.15893;751.866;
5.0636;739.576;
5.31175;769.795;
2.03964;366.541;
4.5143;641.993;
6.37928;947.349;
7.53719;1005.9;
5.06815;738.027;
2.72879;397.756;
5.65437;859.731;
7.08648;1139.35;
4.85327;849.797;
3.66388;545.967;
3.29095;492.68;
2.91586;470.323;
4.67031;684.391;
4.12456;619.039;
4.32955;689.168;
3.70766;482.062;
4.00936;559.945;
8.12712;1186.96;
3.69832;526.641;
4.20889;755.875;
3.74112;554.382;
2.10818;307.339;
3.38732;512.744;
5.17341;719.05;
2.26787;359.629;
4.37275;653.916;
2.85596;426.28;
4.96005;688.602;
3.06665;512.99;
5.26951;754.884;
5.70018;738.026;
4.15825;623.24;
5.41444;679.868;
2.7782;402.999;
3.01689;405.824;
3.66792;609.413;
4.87103;679.37;
5.11902;732.054;
6.38241;939.428;
2.45316;416.041;
3.55325;521.783;
4.99491;665.452;
5.47916;794.471;
4.9291;694.157;
3.77369;568.081;
2.98868;455.246;
5.84496;796.87;
5.92587;958.082;
2.93522;438.314;
3.57427;520.576;
4.42198;645.003;
5.19311;743.489;
3.20667;491.916;
7.73729;1070.42;
3.60939;479.371;
6.22974;1006.34;
5.33445;798.617;
3.23292;477.633;
4.67842;714.671;
6.89199;955.454;
2.33771;423.349;
3.84577;509.977;
7.64962;1148.05;
4.15035;555.326;
2.75408;390.806;
4.56188;608.126;
4.90085;733.313;
3.15274;465.948;
2.5511;365.175;
3.65157;497.972;
5.59198;953.835;
3.84137;540.641;
4.30487;595.406;
3.25277;477.64;
5.20838;781.446;
4.1449;602.263;
2.32302;330.226;
5.13526;843.759;
9.56203;1322.03;
4.22643;582.162;
5.70955;821.708;
5.69364;811.343;
4.25723;610.768;
4.39546;623.431;
4.38658;748.666;
3.19429;479.915;
5.04902;736.213;
4.29507;581.139;
3.65153;546.245;
3.20976;488.056;
5.4217;793.983;
7.02722;987.62;
3.71969;658.201;
4.21805;605.736;
5.86865;796.047;
6.86499;939.416;
4.98981;674.37;
6.86856;977.025;
5.36562;925.588;
7.45119;1062.31;
2.19176;311.824;
4.02564;566.527;
5.57484;837.249;
6.48426;787.737;
2.00194;287.514;
6.04706;860.317;
4.22447;720.942;
4.39813;618.305;
4.65306;699.01;
6.15157;846.045;
3.50823;501.661;
4.26565;599.172;
4.77746;642.52;
5.22686;893.207;
3.41339;509.475;
6.05156;848.276;
2.03736;334.839;
3.80087;572.234;
6.26696;841.85;
4.03219;607.234;
2.77089;411.611;
2.79539;410.515;
6.20321;896.295;
4.1224;714.48;
4.42475;617.614;
4.25036;619.626;
4.63128;642.529;
5.35556;775.16;
4.57152;673.442;
2.85317;503.142;
4.70094;675.567;
4.01389;578.036;
5.68732;820.451;
4.30724;732.051;
4.99245;734.28;
9.58492;1369.01;
6.4696;889.305;
4.22368;572.937;
4.67611;709.392;
3.49795;596.928;
3.65265;517.743;
3.10955;421.673;
2.8546;379.808;
5.54096;802.398;
6.73779;953.286;
2.8688;485.082;
3.38431;516.25;
