1.030962;450.186106;
1.031462;450.186106;
1.031773;450.186106;
1.032413;450.186106;
1.033408;450.186106;
1.033906;450.186106;
1.030804;450.186106;
1.030807;450.186106;
1.031942;450.186106;
1.031524;450.186106;
1.031285;450.186106;
1.031916;450.186106;
1.031009;450.186106;
1.031576;450.186106;
1.032033;450.186106;
1.031674;450.186106;
1.031448;450.186106;
1.030944;450.186106;
1.031127;450.186106;
1.031976;450.186106;
1.031290;450.186106;
1.031988;450.186106;
1.031101;450.186106;
1.031143;450.186106;
1.029822;450.186106;
1.030234;450.186106;
1.030577;450.186106;
1.030074;450.186106;
1.030301;450.186106;
1.031065;450.186106;
1.030598;450.186106;
1.031514;450.186106;
1.030845;450.186106;
1.030752;450.186106;
1.031208;450.186106;
1.031358;450.186106;
1.031647;450.186106;
1.031141;450.186106;
1.031441;450.186106;
1.032005;450.186106;
1.031942;450.186106;
1.044088;450.186106;
1.031794;450.186106;
1.030899;450.186106;
1.031031;450.186106;
1.031523;450.186106;
1.031082;450.186106;
1.031067;450.186106;
1.032585;450.186106;
1.031443;450.186106;
1.032465;450.186106;
1.033114;450.186106;
1.032776;450.186106;
1.033665;450.186106;
1.030826;450.186106;
1.030377;450.186106;
1.032077;450.186106;
1.030418;450.186106;
1.030749;450.186106;
1.031174;450.186106;
1.032778;450.186106;
1.033085;450.186106;
1.034746;450.186106;
1.032577;450.186106;
1.034487;450.186106;
1.032942;450.186106;
1.029006;450.186106;
1.029581;450.186106;
1.028510;450.186106;
1.031473;450.186106;
1.029598;450.186106;
1.030144;450.186106;
1.031161;450.186106;
1.031475;450.186106;
1.032453;450.186106;
1.030721;450.186106;
1.031713;450.186106;
1.030443;450.186106;
1.031531;450.186106;
1.032059;450.186106;
1.030925;450.186106;
1.032344;450.186106;
1.043037;450.186106;
1.031595;450.186106;
1.031034;450.186106;
1.031000;450.186106;
1.030564;450.186106;
1.031324;450.186106;
1.031794;450.186106;
1.030682;450.186106;
1.032240;450.186106;
1.030628;450.186106;
1.031018;450.186106;
1.031685;450.186106;
1.031459;450.186106;
1.031053;450.186106;
1.032962;450.186106;
1.031461;450.186106;
1.031429;450.186106;
1.031325;450.186106;
1.031228;450.186106;
1.031787;450.186106;
1.031146;450.186106;
1.031010;450.186106;
1.031727;450.186106;
1.030430;450.186106;
1.030440;450.186106;
1.031420;450.186106;
1.030313;450.186106;
1.030092;450.186106;
1.030565;450.186106;
1.030688;450.186106;
1.030689;450.186106;
1.031591;450.186106;
1.031040;450.186106;
1.031173;450.186106;
1.030569;450.186106;
1.031208;450.186106;
1.030898;450.186106;
1.031412;450.186106;
1.031067;450.186106;
1.031458;450.186106;
1.030906;450.186106;
1.030917;450.186106;
1.030676;450.186106;
1.030527;450.186106;
1.030597;450.186106;
1.030766;450.186106;
1.031497;450.186106;
1.031686;450.186106;
1.030868;450.186106;
1.032395;450.186106;
1.030832;450.186106;
1.032056;450.186106;
1.030983;450.186106;
1.031441;450.186106;
1.030765;450.186106;
1.031806;450.186106;
1.031765;450.186106;
1.032015;450.186106;
1.031126;450.186106;
1.031254;450.186106;
1.031661;450.186106;
1.031000;450.186106;
1.030858;450.186106;
1.030971;450.186106;
1.030290;450.186106;
1.032078;450.186106;
1.030493;450.186106;
1.042269;450.186106;
1.030861;450.186106;
1.030513;450.186106;
1.031167;450.186106;
1.032000;450.186106;
1.030223;450.186106;
1.031024;450.186106;
1.032386;450.186106;
1.030686;450.186106;
1.032359;450.186106;
1.031436;450.186106;
1.031906;450.186106;
1.030818;450.186106;
1.032002;450.186106;
1.031395;450.186106;
1.032365;450.186106;
1.032722;450.186106;
1.032061;450.186106;
1.033076;450.186106;
1.032428;450.186106;
1.031321;450.186106;
1.031526;450.186106;
1.031663;450.186106;
1.031260;450.186106;
1.031510;450.186106;
1.031533;450.186106;
1.030709;450.186106;
1.031906;450.186106;
1.031070;450.186106;
1.032022;450.186106;
1.031431;450.186106;
1.031185;450.186106;
1.030696;450.186106;
1.031128;450.186106;
1.031434;450.186106;
1.032633;450.186106;
1.031708;450.186106;
1.031401;450.186106;
1.031788;450.186106;
1.033022;450.186106;
1.031366;450.186106;
1.031449;450.186106;
1.031505;450.186106;
1.031219;450.186106;
1.032071;450.186106;
1.031865;450.186106;
1.030867;450.186106;
1.031459;450.186106;
1.031511;450.186106;
1.031986;450.186106;
1.030983;450.186106;
1.031250;450.186106;
1.031012;450.186106;
1.031630;450.186106;
1.031765;450.186106;
1.031429;450.186106;
1.032610;450.186106;
1.031521;450.186106;
1.031921;450.186106;
1.032445;450.186106;
1.031204;450.186106;
1.031134;450.186106;
1.031731;450.186106;
1.032066;450.186106;
1.031601;450.186106;
1.031319;450.186106;
1.032615;450.186106;
1.031373;450.186106;
1.031694;450.186106;
1.032063;450.186106;
1.031819;450.186106;
1.032147;450.186106;
1.032431;450.186106;
1.030769;450.186106;
1.031152;450.186106;
1.031715;450.186106;
1.032232;450.186106;
1.031953;450.186106;
1.030882;450.186106;
1.031250;450.186106;
1.031136;450.186106;
1.030824;450.186106;
1.031198;450.186106;
1.032146;450.186106;
1.031715;450.186106;
1.031853;450.186106;
1.031286;450.186106;
1.031077;450.186106;
1.031523;450.186106;
1.030838;450.186106;
1.030987;450.186106;
1.068086;450.186106;
1.068593;450.186106;
1.069724;450.186106;
1.078882;450.186106;
1.068920;450.186106;
1.070020;450.186106;
1.099257;450.186106;
1.099919;450.186106;
1.099059;450.186106;
1.098917;450.186106;
1.099658;450.186106;
1.099471;450.186106;
1.098792;450.186106;
1.097827;450.186106;
1.098644;450.186106;
1.099312;450.186106;
1.099002;450.186106;
1.098721;450.186106;
1.099102;450.186106;
1.098830;450.186106;
1.099124;450.186106;
1.101358;450.186106;
1.099962;450.186106;
1.099668;450.186106;
1.103083;450.186106;
1.103753;450.186106;
1.103366;450.186106;
1.103193;450.186106;
1.103015;450.186106;
1.103498;450.186106;
1.100304;450.186106;
1.099671;450.186106;
1.100846;450.186106;
1.101319;450.186106;
1.100906;450.186106;
1.099961;450.186106;
1.102554;450.186106;
1.101614;450.186106;
1.102866;450.186106;
1.102060;450.186106;
1.102197;450.186106;
1.101452;450.186106;
1.096229;450.186106;
1.096381;450.186106;
1.095247;450.186106;
1.096655;450.186106;
1.096334;450.186106;
1.096300;450.186106;
1.094108;450.186106;
1.094334;450.186106;
1.094551;450.186106;
1.095461;450.186106;
1.095616;450.186106;
1.094863;450.186106;
1.105937;450.186106;
1.103570;450.186106;
1.103873;450.186106;
1.104553;450.186106;
1.104534;450.186106;
1.103436;450.186106;
1.099627;450.186106;
1.098655;450.186106;
1.099578;450.186106;
1.100169;450.186106;
1.099186;450.186106;
1.098958;450.186106;
1.102464;450.186106;
1.103082;450.186106;
1.102809;450.186106;
1.102619;450.186106;
1.102849;450.186106;
1.101825;450.186106;
1.097849;450.186106;
1.098524;450.186106;
1.096709;450.186106;
1.098031;450.186106;
1.098380;450.186106;
1.097583;450.186106;
1.099725;450.186106;
1.099122;450.186106;
1.098671;450.186106;
1.110514;450.186106;
1.099484;450.186106;
1.099898;450.186106;
1.101548;450.186106;
1.101230;450.186106;
1.101290;450.186106;
1.101063;450.186106;
1.101158;450.186106;
1.101724;450.186106;
1.096033;450.186106;
1.096055;450.186106;
1.095818;450.186106;
1.096647;450.186106;
1.095752;450.186106;
1.095121;450.186106;
1.102514;450.186106;
1.103173;450.186106;
1.102656;450.186106;
1.103391;450.186106;
1.103341;450.186106;
1.104181;450.186106;
1.100736;450.186106;
1.100767;450.186106;
1.101923;450.186106;
1.101447;450.186106;
1.101357;450.186106;
1.113507;450.186106;
1.101873;450.186106;
1.101396;450.186106;
1.101228;450.186106;
1.101012;450.186106;
1.101489;450.186106;
1.100597;450.186106;
1.106771;450.186106;
1.106380;450.186106;
1.105869;450.186106;
1.106771;450.186106;
1.106369;450.186106;
1.105414;450.186106;
1.100370;450.186106;
1.101104;450.186106;
1.099996;450.186106;
1.100861;450.186106;
1.101316;450.186106;
1.102196;450.186106;
1.100302;450.186106;
1.100627;450.186106;
1.100192;450.186106;
1.101109;450.186106;
1.100789;450.186106;
1.100060;450.186106;
1.098218;450.186106;
1.099514;450.186106;
1.099530;450.186106;
1.099926;450.186106;
1.098804;450.186106;
1.098358;450.186106;
1.104130;450.186106;
1.102383;450.186106;
1.103614;450.186106;
1.103637;450.186106;
1.103688;450.186106;
1.102542;450.186106;
1.099792;450.186106;
1.100092;450.186106;
1.099781;450.186106;
1.100332;450.186106;
1.100549;450.186106;
1.100395;450.186106;
1.103687;450.186106;
1.105037;450.186106;
1.103603;450.186106;
1.105368;450.186106;
1.104597;450.186106;
1.103773;450.186106;
1.104267;450.186106;
1.103726;450.186106;
1.103019;450.186106;
1.101824;450.186106;
1.101775;450.186106;
1.102521;450.186106;
1.094034;450.186106;
1.094871;450.186106;
1.095212;450.186106;
1.095892;450.186106;
1.094925;450.186106;
1.094658;450.186106;
1.096277;450.186106;
1.096187;450.186106;
1.096806;450.186106;
1.096448;450.186106;
1.096832;450.186106;
1.095840;450.186106;
1.104078;450.186106;
1.105127;450.186106;
1.105662;450.186106;
1.104887;450.186106;
1.115098;450.186106;
1.104705;450.186106;
1.098089;450.186106;
1.098541;450.186106;
1.098732;450.186106;
1.098648;450.186106;
1.098423;450.186106;
1.099060;450.186106;
1.102639;450.186106;
1.103392;450.186106;
1.102229;450.186106;
1.102252;450.186106;
1.103536;450.186106;
1.103023;450.186106;
1.100225;450.186106;
1.101270;450.186106;
1.099736;450.186106;
1.099844;450.186106;
1.100447;450.186106;
1.099767;450.186106;
1.096281;450.186106;
1.096551;450.186106;
1.098389;450.186106;
1.096412;450.186106;
1.097315;450.186106;
1.096665;450.186106;
1.100981;450.186106;
1.112773;450.186106;
1.101045;450.186106;
1.100504;450.186106;
1.101623;450.186106;
1.101499;450.186106;
1.098530;450.186106;
1.097987;450.186106;
1.098457;450.186106;
1.098603;450.186106;
1.098211;450.186106;
1.097397;450.186106;
1.098824;450.186106;
1.098657;450.186106;
1.099009;450.186106;
1.099258;450.186106;
1.099595;450.186106;
1.099999;450.186106;
1.097641;450.186106;
1.097716;450.186106;
1.097950;450.186106;
1.096952;450.186106;
1.098109;450.186106;
1.097742;450.186106;
1.100365;450.186106;
1.101275;450.186106;
1.100637;450.186106;
1.099489;450.186106;
1.100952;450.186106;
1.099402;450.186106;
1.095923;450.186106;
1.096221;450.186106;
1.095543;450.186106;
1.096042;450.186106;
1.095973;450.186106;
1.095197;450.186106;
1.100914;450.186106;
1.101899;450.186106;
1.101256;450.186106;
1.101926;450.186106;
1.101551;450.186106;
1.102123;450.186106;
1.101149;450.186106;
1.101222;450.186106;
1.101563;450.186106;
1.101507;450.186106;
1.100326;450.186106;
1.104072;450.186106;
1.098364;450.186106;
1.098970;450.186106;
1.098284;450.186106;
1.098431;450.186106;
1.099274;450.186106;
1.097732;450.186106;
1.099526;450.186106;
1.100322;450.186106;
1.101466;450.186106;
1.102061;450.186106;
1.112374;450.186106;
1.101117;450.186106;
1.094549;450.186106;
1.094854;450.186106;
1.094038;450.186106;
1.093853;450.186106;
1.096039;450.186106;
1.094279;450.186106;
1.096157;450.186106;
1.096778;450.186106;
1.096809;450.186106;
1.096228;450.186106;
1.097060;450.186106;
1.096412;450.186106;
1.102047;450.186106;
1.102664;450.186106;
1.101903;450.186106;
1.102783;450.186106;
1.102866;450.186106;
1.103997;450.186106;
1.101584;450.186106;
1.103933;450.186106;
1.114983;450.186106;
1.102607;450.186106;
1.103220;450.186106;
1.103457;450.186106;
1.101028;450.186106;
1.100378;450.186106;
1.101192;450.186106;
1.100711;450.186106;
1.101046;450.186106;
1.101132;450.186106;
1.099334;450.186106;
1.099433;450.186106;
1.099269;450.186106;
1.099754;450.186106;
1.099216;450.186106;
1.099430;450.186106;
1.101239;450.186106;
1.101858;450.186106;
1.102027;450.186106;
1.113054;450.186106;
1.102099;450.186106;
1.102866;450.186106;
1.100493;450.186106;
1.099493;450.186106;
1.100044;450.186106;
1.099391;450.186106;
1.099770;450.186106;
1.111791;450.186106;
1.106041;450.186106;
1.105625;450.186106;
1.105472;450.186106;
1.106162;450.186106;
1.105831;450.186106;
1.117725;450.186106;
1.099778;450.186106;
1.098224;450.186106;
1.099602;450.186106;
1.100778;450.186106;
1.111895;450.186106;
1.099905;450.186106;
1.097834;450.186106;
1.097408;450.186106;
1.096594;450.186106;
1.096658;450.186106;
1.097649;450.186106;
1.097969;450.186106;
1.100159;450.186106;
1.099897;450.186106;
1.100688;450.186106;
1.099866;450.186106;
1.100578;450.186106;
1.100687;450.186106;
1.100692;450.186106;
1.100150;450.186106;
1.100226;450.186106;
1.099844;450.186106;
1.100208;450.186106;
1.100751;450.186106;
1.100469;450.186106;
1.100788;450.186106;
1.100559;450.186106;
1.100583;450.186106;
1.101025;450.186106;
1.101162;450.186106;
1.098707;450.186106;
1.098356;450.186106;
1.098016;450.186106;
1.097600;450.186106;
1.098553;450.186106;
1.098341;450.186106;
1.096499;450.186106;
1.097188;450.186106;
1.096427;450.186106;
1.096335;450.186106;
1.096713;450.186106;
1.096707;450.186106;
1.100356;450.186106;
1.099514;450.186106;
1.099225;450.186106;
1.099216;450.186106;
1.098786;450.186106;
1.098480;450.186106;
1.102319;450.186106;
1.102552;450.186106;
1.102494;450.186106;
1.103176;450.186106;
1.103480;450.186106;
1.112563;450.186106;
1.105396;450.186106;
1.105131;450.186106;
1.105818;450.186106;
1.106005;450.186106;
1.105610;450.186106;
1.105257;450.186106;
1.099371;450.186106;
1.098719;450.186106;
1.098152;450.186106;
1.100339;450.186106;
1.100676;450.186106;
1.100636;450.186106;
1.099905;450.186106;
1.099086;450.186106;
1.100163;450.186106;
1.098823;450.186106;
1.097779;450.186106;
1.098533;450.186106;
1.099438;450.186106;
1.099319;450.186106;
1.098780;450.186106;
1.101122;450.186106;
1.098982;450.186106;
1.110737;450.186106;
1.095707;450.186106;
1.096089;450.186106;
1.095800;450.186106;
1.096879;450.186106;
1.095998;450.186106;
1.095549;450.186106;
1.098349;450.186106;
1.097770;450.186106;
1.097280;450.186106;
1.097201;450.186106;
1.097384;450.186106;
1.097857;450.186106;
1.099106;450.186106;
1.099199;450.186106;
1.098640;450.186106;
1.099248;450.186106;
1.098987;450.186106;
1.098746;450.186106;
1.103221;450.186106;
1.103123;450.186106;
1.102387;450.186106;
1.103034;450.186106;
1.102452;450.186106;
1.104221;450.186106;
1.100241;450.186106;
1.101097;450.186106;
1.101448;450.186106;
1.100237;450.186106;
1.100419;450.186106;
1.101173;450.186106;
1.096044;450.186106;
1.096742;450.186106;
1.097577;450.186106;
1.098183;450.186106;
1.097608;450.186106;
1.098847;450.186106;
1.101751;450.186106;
1.103158;450.186106;
1.101521;450.186106;
1.101611;450.186106;
1.101107;450.186106;
1.100773;450.186106;
1.100332;450.186106;
1.101068;450.186106;
1.112553;450.186106;
1.100669;450.186106;
1.101887;450.186106;
1.101507;450.186106;
1.101442;450.186106;
1.102116;450.186106;
1.100773;450.186106;
1.100870;450.186106;
1.101746;450.186106;
1.100828;450.186106;
1.104621;450.186106;
1.115983;450.186106;
1.103159;450.186106;
1.103870;450.186106;
1.103881;450.186106;
1.103102;450.186106;
1.105244;450.186106;
1.105266;450.186106;
1.105221;450.186106;
1.106352;450.186106;
1.105845;450.186106;
1.105662;450.186106;
1.099015;450.186106;
1.110003;450.186106;
1.097807;450.186106;
1.098472;450.186106;
1.097703;450.186106;
1.097064;450.186106;
1.100381;450.186106;
1.100074;450.186106;
1.101559;450.186106;
1.100641;450.186106;
1.101047;450.186106;
1.100021;450.186106;
1.116959;450.186106;
1.104156;450.186106;
1.104344;450.186106;
1.104990;450.186106;
1.106259;450.186106;
1.105836;450.186106;
1.101990;450.186106;
1.100960;450.186106;
1.101457;450.186106;
1.101234;450.186106;
1.101177;450.186106;
1.101068;450.186106;
1.102397;450.186106;
1.102802;450.186106;
1.102144;450.186106;
1.102028;450.186106;
1.101228;450.186106;
1.101838;450.186106;
1.101571;450.186106;
1.101989;450.186106;
1.102282;450.186106;
1.102111;450.186106;
1.101907;450.186106;
1.102811;450.186106;
1.099893;450.186106;
1.101221;450.186106;
1.100898;450.186106;
1.100319;450.186106;
1.100658;450.186106;
1.101318;450.186106;
1.098999;450.186106;
1.099979;450.186106;
1.099944;450.186106;
1.099094;450.186106;
1.098874;450.186106;
1.099184;450.186106;
1.099320;450.186106;
1.099304;450.186106;
1.099311;450.186106;
1.100307;450.186106;
1.098999;450.186106;
1.099168;450.186106;
1.096645;450.186106;
1.096338;450.186106;
1.097020;450.186106;
1.109465;450.186106;
1.096415;450.186106;
1.109585;450.186106;
1.103911;450.186106;
1.102695;450.186106;
1.102890;450.186106;
1.103278;450.186106;
1.103010;450.186106;
1.102634;450.186106;
1.096878;450.186106;
1.096161;450.186106;
1.096119;450.186106;
1.096766;450.186106;
1.096224;450.186106;
1.096373;450.186106;
1.100180;450.186106;
1.102159;450.186106;
1.100583;450.186106;
1.100619;450.186106;
1.101881;450.186106;
1.114737;450.186106;
1.097406;450.186106;
1.098992;450.186106;
1.097818;450.186106;
1.097704;450.186106;
1.096642;450.186106;
1.096354;450.186106;
1.114528;450.186106;
1.101241;450.186106;
1.101140;450.186106;
1.101782;450.186106;
1.102372;450.186106;
1.102519;450.186106;
1.102166;450.186106;
1.103096;450.186106;
1.101860;450.186106;
1.102300;450.186106;
1.102035;450.186106;
1.102417;450.186106;
1.104333;450.186106;
1.103589;450.186106;
1.103203;450.186106;
1.103478;450.186106;
1.102504;450.186106;
1.102986;450.186106;
1.099698;450.186106;
1.101285;450.186106;
1.100698;450.186106;
1.100291;450.186106;
1.101049;450.186106;
1.100818;450.186106;
1.102424;450.186106;
1.103139;450.186106;
1.102630;450.186106;
1.102280;450.186106;
1.101694;450.186106;
1.101939;450.186106;
1.099740;450.186106;
1.099655;450.186106;
1.100950;450.186106;
1.100713;450.186106;
1.100275;450.186106;
1.101869;450.186106;
1.099884;450.186106;
1.099971;450.186106;
1.098430;450.186106;
1.098699;450.186106;
1.098467;450.186106;
1.099048;450.186106;
1.099422;450.186106;
1.099039;450.186106;
1.108667;450.186106;
1.099080;450.186106;
1.098069;450.186106;
1.098543;450.186106;
1.098722;450.186106;
1.099314;450.186106;
1.098646;450.186106;
1.098500;450.186106;
1.098908;450.186106;
1.099190;450.186106;
1.102640;450.186106;
1.102174;450.186106;
1.102367;450.186106;
1.103190;450.186106;
1.102073;450.186106;
1.102491;450.186106;
1.101303;450.186106;
1.100206;450.186106;
1.101295;450.186106;
1.100979;450.186106;
1.100555;450.186106;
1.101281;450.186106;
1.100317;450.186106;
1.099304;450.186106;
1.099578;450.186106;
1.099486;450.186106;
1.099287;450.186106;
1.099833;450.186106;
1.105255;450.186106;
1.106340;450.186106;
1.104822;450.186106;
1.105669;450.186106;
1.106907;450.186106;
1.105871;450.186106;
1.105723;450.186106;
1.106062;450.186106;
1.105854;450.186106;
1.105352;450.186106;
1.106037;450.186106;
1.104895;450.186106;
1.099298;450.186106;
1.098446;450.186106;
1.098116;450.186106;
1.098038;450.186106;
1.097587;450.186106;
1.098458;450.186106;
1.101983;450.186106;
1.101732;450.186106;
1.101605;450.186106;
1.102027;450.186106;
1.101720;450.186106;
1.101848;450.186106;
1.101443;450.186106;
1.101034;450.186106;
1.101733;450.186106;
1.101453;450.186106;
1.101104;450.186106;
1.100767;450.186106;
1.098846;450.186106;
1.099321;450.186106;
1.098901;450.186106;
1.098455;450.186106;
1.100051;450.186106;
1.100044;450.186106;
1.107175;450.186106;
1.108836;450.186106;
1.108024;450.186106;
1.108405;450.186106;
1.121314;450.186106;
1.107557;450.186106;
1.103796;450.186106;
1.103831;450.186106;
1.104190;450.186106;
1.103856;450.186106;
1.104033;450.186106;
1.104126;450.186106;
1.098347;450.186106;
1.097855;450.186106;
1.098984;450.186106;
1.099653;450.186106;
1.098249;450.186106;
1.097864;450.186106;
1.100108;450.186106;
1.100988;450.186106;
1.100430;450.186106;
1.099934;450.186106;
1.100337;450.186106;
1.100526;450.186106;
1.101770;450.186106;
1.102696;450.186106;
1.101743;450.186106;
1.101547;450.186106;
1.101830;450.186106;
1.101852;450.186106;
1.099024;450.186106;
1.099068;450.186106;
1.100545;450.186106;
1.099309;450.186106;
1.099659;450.186106;
1.100822;450.186106;
1.102223;450.186106;
1.101729;450.186106;
1.102675;450.186106;
1.101554;450.186106;
1.102334;450.186106;
1.101344;450.186106;
1.098892;450.186106;
1.099369;450.186106;
1.099026;450.186106;
1.098974;450.186106;
1.100559;450.186106;
1.099332;450.186106;
1.104383;450.186106;
1.103750;450.186106;
1.103797;450.186106;
1.103132;450.186106;
1.103524;450.186106;
1.104145;450.186106;
1.101615;450.186106;
1.101652;450.186106;
1.102676;450.186106;
1.102202;450.186106;
1.102024;450.186106;
1.102159;450.186106;
1.097241;450.186106;
1.097598;450.186106;
1.097145;450.186106;
1.097007;450.186106;
1.096574;450.186106;
1.096709;450.186106;
1.099513;450.186106;
1.098625;450.186106;
1.098646;450.186106;
1.097939;450.186106;
1.098035;450.186106;
1.098320;450.186106;
1.095467;450.186106;
1.096431;450.186106;
1.096213;450.186106;
1.096562;450.186106;
1.097338;450.186106;
1.096097;450.186106;
1.101782;450.186106;
1.102122;450.186106;
1.102540;450.186106;
1.101412;450.186106;
1.114029;450.186106;
1.102177;450.186106;
1.105820;450.186106;
1.104919;450.186106;
1.104300;450.186106;
1.103573;450.186106;
1.103273;450.186106;
1.104144;450.186106;
1.096532;450.186106;
1.097133;450.186106;
1.096974;450.186106;
1.097700;450.186106;
1.096356;450.186106;
1.097213;450.186106;
1.098554;450.186106;
1.100100;450.186106;
1.099546;450.186106;
1.100935;450.186106;
1.099978;450.186106;
1.099298;450.186106;
1.100771;450.186106;
1.100695;450.186106;
1.101018;450.186106;
1.099973;450.186106;
1.100618;450.186106;
1.100635;450.186106;
1.102283;450.186106;
1.102854;450.186106;
1.102295;450.186106;
1.102244;450.186106;
1.101817;450.186106;
1.102722;450.186106;
1.103161;450.186106;
1.103063;450.186106;
1.102324;450.186106;
1.103255;450.186106;
1.102522;450.186106;
1.103541;450.186106;
1.102330;450.186106;
1.100885;450.186106;
1.101210;450.186106;
1.101915;450.186106;
1.100671;450.186106;
1.099922;450.186106;
1.100204;450.186106;
1.102896;450.186106;
1.100624;450.186106;
1.102626;450.186106;
1.102264;450.186106;
1.102077;450.186106;
1.102625;450.186106;
1.102663;450.186106;
1.102145;450.186106;
1.104030;450.186106;
1.103829;450.186106;
1.104768;450.186106;
1.106109;450.186106;
1.104926;450.186106;
1.106814;450.186106;
1.106441;450.186106;
1.105934;450.186106;
1.105850;450.186106;
1.103417;450.186106;
1.103613;450.186106;
1.105114;450.186106;
1.103729;450.186106;
1.104805;450.186106;
1.104465;450.186106;
1.114292;450.186106;
1.110372;450.186106;
1.124501;450.186106;
1.113398;450.186106;
1.110071;450.186106;
1.125962;450.186106;
1.103848;450.186106;
1.103662;450.186106;
1.104424;450.186106;
1.105036;450.186106;
1.103605;450.186106;
1.103915;450.186106;
1.100975;450.186106;
1.101008;450.186106;
1.101376;450.186106;
1.102353;450.186106;
1.102273;450.186106;
1.101642;450.186106;
1.104809;450.186106;
1.105506;450.186106;
1.106080;450.186106;
1.105565;450.186106;
1.106211;450.186106;
1.107173;450.186106;
1.101967;450.186106;
1.100842;450.186106;
1.100913;450.186106;
1.101231;450.186106;
1.101351;450.186106;
1.100991;450.186106;
1.103539;450.186106;
1.103954;450.186106;
1.104155;450.186106;
1.104665;450.186106;
1.104522;450.186106;
1.104069;450.186106;
1.115647;450.186106;
1.102419;450.186106;
1.102416;450.186106;
1.101858;450.186106;
1.102057;450.186106;
1.102962;450.186106;
1.104904;450.186106;
1.104821;450.186106;
1.105091;450.186106;
1.104569;450.186106;
1.104622;450.186106;
1.104655;450.186106;
1.107445;450.186106;
1.108545;450.186106;
1.107383;450.186106;
1.106917;450.186106;
1.107477;450.186106;
1.106884;450.186106;
1.101300;450.186106;
1.100199;450.186106;
1.101313;450.186106;
1.100358;450.186106;
1.100587;450.186106;
1.100834;450.186106;
1.103137;450.186106;
1.102540;450.186106;
1.102220;450.186106;
1.102179;450.186106;
1.103331;450.186106;
1.102863;450.186106;
1.104317;450.186106;
1.104338;450.186106;
1.103937;450.186106;
1.105596;450.186106;
1.105012;450.186106;
1.104691;450.186106;
1.102513;450.186106;
1.103182;450.186106;
1.103307;450.186106;
1.102317;450.186106;
1.101807;450.186106;
1.102835;450.186106;
1.102501;450.186106;
1.103444;450.186106;
1.102312;450.186106;
1.103136;450.186106;
1.102518;450.186106;
1.103402;450.186106;
1.101867;450.186106;
1.102474;450.186106;
1.102832;450.186106;
1.102544;450.186106;
1.102247;450.186106;
1.102644;450.186106;
1.102434;450.186106;
1.100930;450.186106;
1.101151;450.186106;
1.101516;450.186106;
1.113397;450.186106;
1.100710;450.186106;
1.103802;450.186106;
1.103486;450.186106;
1.106665;450.186106;
1.104253;450.186106;
1.103121;450.186106;
1.103729;450.186106;
1.100318;450.186106;
1.100965;450.186106;
1.100914;450.186106;
1.101389;450.186106;
1.100321;450.186106;
1.100839;450.186106;
1.098712;450.186106;
1.098779;450.186106;
1.098958;450.186106;
1.099984;450.186106;
1.099332;450.186106;
1.098295;450.186106;
1.103204;450.186106;
1.104486;450.186106;
1.103072;450.186106;
1.102622;450.186106;
1.102961;450.186106;
1.102387;450.186106;
1.101678;450.186106;
1.102676;450.186106;
1.101511;450.186106;
1.100900;450.186106;
1.101406;450.186106;
1.101892;450.186106;
1.101650;450.186106;
1.101138;450.186106;
1.101817;450.186106;
1.101761;450.186106;
1.102755;450.186106;
1.101828;450.186106;
1.104745;450.186106;
1.105213;450.186106;
1.105627;450.186106;
1.105109;450.186106;
1.116825;450.186106;
1.104235;450.186106;
1.108077;450.186106;
1.106872;450.186106;
1.108616;450.186106;
1.106521;450.186106;
1.107320;450.186106;
1.119374;450.186106;
1.103840;450.186106;
1.103360;450.186106;
1.104895;450.186106;
1.103047;450.186106;
1.103531;450.186106;
1.102933;450.186106;
1.132532;450.186106;
1.132112;450.186106;
1.134613;450.186106;
1.134621;450.186106;
1.132770;450.186106;
1.133825;450.186106;
1.111733;450.186106;
1.112592;450.186106;
1.112545;450.186106;
1.114526;450.186106;
1.113075;450.186106;
1.113970;450.186106;
1.109485;450.186106;
1.109951;450.186106;
1.109156;450.186106;
1.109309;450.186106;
1.108339;450.186106;
1.108334;450.186106;
1.105768;450.186106;
1.107022;450.186106;
1.105461;450.186106;
1.105739;450.186106;
1.106765;450.186106;
1.105506;450.186106;
1.101483;450.186106;
1.100200;450.186106;
1.099749;450.186106;
1.100495;450.186106;
1.100120;450.186106;
1.099538;450.186106;
1.103052;450.186106;
1.102163;450.186106;
1.102131;450.186106;
1.102544;450.186106;
1.104020;450.186106;
1.103290;450.186106;
1.110255;450.186106;
1.111384;450.186106;
1.110844;450.186106;
1.111306;450.186106;
1.111522;450.186106;
1.111126;450.186106;
1.102747;450.186106;
1.103162;450.186106;
1.102849;450.186106;
1.103574;450.186106;
1.103448;450.186106;
1.114339;450.186106;
1.101543;450.186106;
1.101546;450.186106;
1.100605;450.186106;
1.101821;450.186106;
1.101088;450.186106;
1.101262;450.186106;
1.102485;450.186106;
1.102676;450.186106;
1.102461;450.186106;
1.103249;450.186106;
1.102856;450.186106;
1.102199;450.186106;
1.105706;450.186106;
1.105130;450.186106;
1.105932;450.186106;
1.105071;450.186106;
1.105137;450.186106;
1.105416;450.186106;
1.103363;450.186106;
1.102391;450.186106;
1.102794;450.186106;
1.103292;450.186106;
1.101497;450.186106;
1.102240;450.186106;
1.105827;450.186106;
1.105811;450.186106;
1.105951;450.186106;
1.106548;450.186106;
1.106646;450.186106;
1.107648;450.186106;
1.102730;450.186106;
1.103367;450.186106;
1.104205;450.186106;
1.103868;450.186106;
1.103573;450.186106;
1.115043;450.186106;
1.103370;450.186106;
1.104523;450.186106;
1.103541;450.186106;
1.104066;450.186106;
1.103021;450.186106;
1.103105;450.186106;
1.104487;450.186106;
1.104540;450.186106;
1.105041;450.186106;
1.103607;450.186106;
1.103274;450.186106;
1.117894;450.186106;
1.102885;450.186106;
1.101851;450.186106;
1.104121;450.186106;
1.102599;450.186106;
1.104371;450.186106;
1.102625;450.186106;
1.106147;450.186106;
1.105436;450.186106;
1.105651;450.186106;
1.105427;450.186106;
1.104985;450.186106;
1.105081;450.186106;
1.100784;450.186106;
1.101351;450.186106;
1.101635;450.186106;
1.102463;450.186106;
1.101922;450.186106;
1.102453;450.186106;
1.104520;450.186106;
1.105232;450.186106;
1.104108;450.186106;
1.103396;450.186106;
1.103474;450.186106;
1.104287;450.186106;
1.104332;450.186106;
1.105109;450.186106;
1.105240;450.186106;
1.106003;450.186106;
1.105111;450.186106;
1.105363;450.186106;
1.103174;450.186106;
1.103333;450.186106;
1.102952;450.186106;
1.102932;450.186106;
1.104055;450.186106;
1.102758;450.186106;
1.102930;450.186106;
1.102792;450.186106;
1.102082;450.186106;
1.102127;450.186106;
1.101428;450.186106;
1.101904;450.186106;
1.100928;450.186106;
1.100550;450.186106;
1.100704;450.186106;
1.101567;450.186106;
1.101100;450.186106;
1.100137;450.186106;
1.101250;450.186106;
1.101488;450.186106;
1.100379;450.186106;
1.101043;450.186106;
1.101067;450.186106;
1.100905;450.186106;
1.098613;450.186106;
1.099229;450.186106;
1.098892;450.186106;
1.099381;450.186106;
1.100057;450.186106;
1.100342;450.186106;
1.101507;450.186106;
1.100341;450.186106;
1.100915;450.186106;
1.102747;450.186106;
1.101901;450.186106;
1.101306;450.186106;
1.100412;450.186106;
1.100281;450.186106;
1.100321;450.186106;
1.100132;450.186106;
1.100100;450.186106;
1.100763;450.186106;
1.099959;450.186106;
1.099578;450.186106;
1.099835;450.186106;
1.101739;450.186106;
1.105601;450.186106;
1.105451;450.186106;
1.112051;450.186106;
1.111690;450.186106;
1.110765;450.186106;
1.109095;450.186106;
1.109817;450.186106;
1.107910;450.186106;
1.108986;450.186106;
1.109552;450.186106;
1.109535;450.186106;
1.108427;450.186106;
1.108074;450.186106;
1.108618;450.186106;
1.100385;450.186106;
1.099546;450.186106;
1.100853;450.186106;
1.099807;450.186106;
1.100056;450.186106;
1.100795;450.186106;
1.101654;450.186106;
1.101999;450.186106;
1.101573;450.186106;
1.099641;450.186106;
1.100756;450.186106;
1.100352;450.186106;
1.103849;450.186106;
1.104360;450.186106;
1.103593;450.186106;
1.103378;450.186106;
1.105074;450.186106;
1.104059;450.186106;
1.100141;450.186106;
1.110978;450.186106;
1.099070;450.186106;
1.097993;450.186106;
1.098977;450.186106;
1.098482;450.186106;
1.100729;450.186106;
1.100270;450.186106;
1.100892;450.186106;
1.099321;450.186106;
1.099378;450.186106;
1.100585;450.186106;
1.106732;450.186106;
1.105355;450.186106;
1.116793;450.186106;
1.105985;450.186106;
1.107127;450.186106;
1.106141;450.186106;
1.101623;450.186106;
1.102266;450.186106;
1.101230;450.186106;
1.101579;450.186106;
1.101202;450.186106;
1.100898;450.186106;
1.100867;450.186106;
1.101433;450.186106;
1.100194;450.186106;
1.100465;450.186106;
1.100798;450.186106;
1.100990;450.186106;
1.102491;450.186106;
1.102567;450.186106;
1.102718;450.186106;
1.102458;450.186106;
1.103552;450.186106;
1.103284;450.186106;
1.103549;450.186106;
1.103293;450.186106;
1.104050;450.186106;
1.103769;450.186106;
1.103664;450.186106;
1.102326;450.186106;
1.101521;450.186106;
1.101506;450.186106;
1.100368;450.186106;
1.101694;450.186106;
1.113325;450.186106;
1.101256;450.186106;
1.102568;450.186106;
1.103084;450.186106;
1.104010;450.186106;
1.103197;450.186106;
1.102720;450.186106;
1.102934;450.186106;
1.106745;450.186106;
1.106974;450.186106;
1.107302;450.186106;
1.105995;450.186106;
1.105949;450.186106;
1.107497;450.186106;
1.106138;450.186106;
1.106304;450.186106;
1.106507;450.186106;
1.106796;450.186106;
1.107255;450.186106;
1.105609;450.186106;
1.105439;450.186106;
1.104395;450.186106;
1.103749;450.186106;
1.107199;450.186106;
1.105703;450.186106;
1.106744;450.186106;
1.107217;450.186106;
1.106745;450.186106;
1.106442;450.186106;
1.105347;450.186106;
1.105299;450.186106;
1.104843;450.186106;
1.102492;450.186106;
1.101578;450.186106;
1.102486;450.186106;
1.102020;450.186106;
1.101688;450.186106;
1.102084;450.186106;
1.101300;450.186106;
1.101838;450.186106;
1.101749;450.186106;
1.101334;450.186106;
1.101105;450.186106;
1.101033;450.186106;
1.101795;450.186106;
1.101792;450.186106;
1.102277;450.186106;
1.101866;450.186106;
1.102454;450.186106;
1.102248;450.186106;
1.100088;450.186106;
1.099822;450.186106;
1.100391;450.186106;
1.099810;450.186106;
1.101228;450.186106;
1.099939;450.186106;
1.101140;450.186106;
1.101865;450.186106;
1.101519;450.186106;
1.100968;450.186106;
1.102154;450.186106;
1.100250;450.186106;
1.106673;450.186106;
1.106591;450.186106;
1.106639;450.186106;
1.105617;450.186106;
1.106305;450.186106;
1.106280;450.186106;
1.102862;450.186106;
1.104043;450.186106;
1.101950;450.186106;
1.101589;450.186106;
1.102383;450.186106;
1.102073;450.186106;
1.098819;450.186106;
1.098905;450.186106;
1.099880;450.186106;
1.100766;450.186106;
1.100444;450.186106;
1.100715;450.186106;
1.100148;450.186106;
1.097946;450.186106;
1.098719;450.186106;
1.098090;450.186106;
1.097775;450.186106;
1.098348;450.186106;
1.108887;450.186106;
1.108596;450.186106;
1.109282;450.186106;
1.109344;450.186106;
1.109659;450.186106;
1.109397;450.186106;
1.105480;450.186106;
1.103934;450.186106;
1.104755;450.186106;
1.104352;450.186106;
1.104964;450.186106;
1.104975;450.186106;
1.105735;450.186106;
1.106570;450.186106;
1.106753;450.186106;
1.106022;450.186106;
1.106122;450.186106;
1.106592;450.186106;
1.103618;450.186106;
1.104540;450.186106;
1.104201;450.186106;
1.102372;450.186106;
1.101789;450.186106;
1.115019;450.186106;
1.102413;450.186106;
1.102552;450.186106;
1.103321;450.186106;
1.104533;450.186106;
1.103761;450.186106;
1.105014;450.186106;
1.102028;450.186106;
1.102314;450.186106;
1.103455;450.186106;
1.102916;450.186106;
1.102701;450.186106;
1.103056;450.186106;
1.100704;450.186106;
1.101170;450.186106;
1.101892;450.186106;
1.100563;450.186106;
1.100969;450.186106;
1.101204;450.186106;
1.101636;450.186106;
1.102403;450.186106;
1.101631;450.186106;
1.100642;450.186106;
1.100918;450.186106;
1.100438;450.186106;
1.101288;450.186106;
1.101440;450.186106;
1.100998;450.186106;
1.101935;450.186106;
1.101076;450.186106;
1.102761;450.186106;
1.106791;450.186106;
1.107298;450.186106;
1.108452;450.186106;
1.107272;450.186106;
1.107839;450.186106;
1.106902;450.186106;
1.102993;450.186106;
1.101836;450.186106;
1.102333;450.186106;
1.101968;450.186106;
1.101618;450.186106;
1.101661;450.186106;
1.100577;450.186106;
1.101342;450.186106;
1.101652;450.186106;
1.100679;450.186106;
1.101212;450.186106;
1.101168;450.186106;
1.101512;450.186106;
1.101032;450.186106;
1.101252;450.186106;
1.102020;450.186106;
1.101058;450.186106;
1.100546;450.186106;
1.101647;450.186106;
1.101573;450.186106;
1.101433;450.186106;
1.102740;450.186106;
1.101904;450.186106;
1.101893;450.186106;
1.103454;450.186106;
1.103196;450.186106;
1.102536;450.186106;
1.101653;450.186106;
1.103030;450.186106;
1.102120;450.186106;
1.099899;450.186106;
1.099395;450.186106;
1.099573;450.186106;
1.100516;450.186106;
1.100222;450.186106;
1.099934;450.186106;
1.105967;450.186106;
1.106408;450.186106;
1.105411;450.186106;
1.105909;450.186106;
1.105209;450.186106;
1.105278;450.186106;
1.103888;450.186106;
1.104105;450.186106;
1.103727;450.186106;
1.104179;450.186106;
1.103920;450.186106;
1.103848;450.186106;
1.104744;450.186106;
1.103828;450.186106;
1.104919;450.186106;
1.104567;450.186106;
1.104800;450.186106;
1.104136;450.186106;
1.103550;450.186106;
1.116747;450.186106;
1.104379;450.186106;
1.104036;450.186106;
1.103548;450.186106;
1.105007;450.186106;
1.105809;450.186106;
1.104300;450.186106;
1.104438;450.186106;
1.104407;450.186106;
1.104072;450.186106;
1.104003;450.186106;
1.101654;450.186106;
1.101703;450.186106;
1.100922;450.186106;
1.100811;450.186106;
1.101256;450.186106;
1.101395;450.186106;
1.103510;450.186106;
1.103883;450.186106;
1.102742;450.186106;
1.102964;450.186106;
1.102178;450.186106;
1.102464;450.186106;
1.101025;450.186106;
1.100094;450.186106;
1.099571;450.186106;
1.101137;450.186106;
1.101100;450.186106;
1.100419;450.186106;
1.099347;450.186106;
1.099140;450.186106;
1.100778;450.186106;
1.098878;450.186106;
1.098292;450.186106;
1.098699;450.186106;
1.114258;450.186106;
1.114405;450.186106;
1.114593;450.186106;
1.113528;450.186106;
1.114316;450.186106;
1.113453;450.186106;
1.106706;450.186106;
1.107092;450.186106;
1.106345;450.186106;
1.106139;450.186106;
1.105703;450.186106;
1.107304;450.186106;
1.109876;450.186106;
1.109038;450.186106;
1.109324;450.186106;
1.109719;450.186106;
1.109031;450.186106;
1.109139;450.186106;
1.105913;450.186106;
1.106575;450.186106;
1.109870;450.186106;
1.106623;450.186106;
1.107740;450.186106;
1.108261;450.186106;
1.100741;450.186106;
1.100961;450.186106;
1.099878;450.186106;
1.100821;450.186106;
1.100419;450.186106;
1.101085;450.186106;
1.111508;450.186106;
1.112934;450.186106;
1.111575;450.186106;
1.111468;450.186106;
1.112192;450.186106;
1.110398;450.186106;
1.106958;450.186106;
1.105059;450.186106;
1.118057;450.186106;
1.105350;450.186106;
1.106172;450.186106;
1.108063;450.186106;
1.106210;450.186106;
1.107034;450.186106;
1.105867;450.186106;
1.105749;450.186106;
1.105667;450.186106;
1.107065;450.186106;
1.101543;450.186106;
1.101773;450.186106;
1.102419;450.186106;
1.103566;450.186106;
1.102710;450.186106;
1.100778;450.186106;
1.104090;450.186106;
1.103835;450.186106;
1.103027;450.186106;
1.102985;450.186106;
1.104634;450.186106;
1.104800;450.186106;
1.104446;450.186106;
1.103280;450.186106;
1.103391;450.186106;
1.103643;450.186106;
1.104384;450.186106;
1.103435;450.186106;
1.102094;450.186106;
1.101970;450.186106;
1.103136;450.186106;
1.103168;450.186106;
1.102285;450.186106;
1.103138;450.186106;
1.099864;450.186106;
1.098035;450.186106;
1.099992;450.186106;
1.098197;450.186106;
1.098839;450.186106;
1.098573;450.186106;
1.104958;450.186106;
1.106307;450.186106;
1.105611;450.186106;
1.106200;450.186106;
1.105975;450.186106;
1.105930;450.186106;
1.104226;450.186106;
1.103244;450.186106;
1.103135;450.186106;
1.104843;450.186106;
1.103662;450.186106;
1.102614;450.186106;
1.101826;450.186106;
1.103112;450.186106;
1.101827;450.186106;
1.101505;450.186106;
1.101410;450.186106;
1.101637;450.186106;
1.101936;450.186106;
1.102569;450.186106;
1.101794;450.186106;
1.102801;450.186106;
1.103261;450.186106;
1.102037;450.186106;
1.100289;450.186106;
1.101709;450.186106;
1.099863;450.186106;
1.100380;450.186106;
1.100294;450.186106;
1.100195;450.186106;
1.102677;450.186106;
1.101889;450.186106;
1.102023;450.186106;
1.103697;450.186106;
1.103332;450.186106;
1.102665;450.186106;
1.109467;450.186106;
1.111203;450.186106;
1.111274;450.186106;
1.123042;450.186106;
1.111791;450.186106;
1.110305;450.186106;
1.103003;450.186106;
1.103218;450.186106;
1.102660;450.186106;
1.102563;450.186106;
1.103543;450.186106;
1.104811;450.186106;
1.104144;450.186106;
1.104425;450.186106;
1.103711;450.186106;
1.103595;450.186106;
1.103748;450.186106;
1.103850;450.186106;
1.100306;450.186106;
1.099701;450.186106;
1.101231;450.186106;
1.100359;450.186106;
1.100577;450.186106;
1.100464;450.186106;
1.103356;450.186106;
1.103104;450.186106;
1.104066;450.186106;
1.103184;450.186106;
1.103330;450.186106;
1.102454;450.186106;
1.103694;450.186106;
1.102788;450.186106;
1.103378;450.186106;
1.103237;450.186106;
1.103538;450.186106;
1.103607;450.186106;
1.103601;450.186106;
1.102689;450.186106;
1.103672;450.186106;
1.102423;450.186106;
1.103244;450.186106;
1.103240;450.186106;
1.102213;450.186106;
1.102306;450.186106;
1.101272;450.186106;
1.101378;450.186106;
1.101490;450.186106;
1.102501;450.186106;
1.102681;450.186106;
1.102037;450.186106;
1.101456;450.186106;
1.101921;450.186106;
1.101336;450.186106;
1.101558;450.186106;
1.106854;450.186106;
1.107186;450.186106;
1.107322;450.186106;
1.106449;450.186106;
1.107974;450.186106;
1.107760;450.186106;
1.102082;450.186106;
1.102705;450.186106;
1.103155;450.186106;
1.102160;450.186106;
1.103398;450.186106;
1.102919;450.186106;
1.108462;450.186106;
1.106665;450.186106;
1.105912;450.186106;
1.106170;450.186106;
1.107188;450.186106;
1.106200;450.186106;
1.101324;450.186106;
1.100329;450.186106;
1.100275;450.186106;
1.101059;450.186106;
1.100315;450.186106;
1.100244;450.186106;
1.104712;450.186106;
1.105333;450.186106;
1.105555;450.186106;
1.105304;450.186106;
1.106181;450.186106;
1.105475;450.186106;
1.110825;450.186106;
1.110092;450.186106;
1.111520;450.186106;
1.110718;450.186106;
1.112313;450.186106;
1.112165;450.186106;
1.104088;450.186106;
1.103970;450.186106;
1.103330;450.186106;
1.103736;450.186106;
1.105511;450.186106;
1.103596;450.186106;
1.101988;450.186106;
1.102418;450.186106;
1.102290;450.186106;
1.101393;450.186106;
1.102599;450.186106;
1.101328;450.186106;
1.104189;450.186106;
1.104095;450.186106;
1.104823;450.186106;
1.104736;450.186106;
1.105041;450.186106;
1.105677;450.186106;
1.107043;450.186106;
1.106057;450.186106;
1.105073;450.186106;
1.105150;450.186106;
1.105458;450.186106;
1.105776;450.186106;
1.100503;450.186106;
1.101669;450.186106;
1.101357;450.186106;
1.101277;450.186106;
1.102682;450.186106;
1.100954;450.186106;
1.108172;450.186106;
1.106621;450.186106;
1.107135;450.186106;
1.118754;450.186106;
1.118969;450.186106;
1.107002;450.186106;
1.104569;450.186106;
1.103979;450.186106;
1.105468;450.186106;
1.104615;450.186106;
1.104675;450.186106;
1.104919;450.186106;
1.101537;450.186106;
1.102318;450.186106;
1.101712;450.186106;
1.100792;450.186106;
1.101530;450.186106;
1.101977;450.186106;
1.103724;450.186106;
1.102862;450.186106;
1.104082;450.186106;
1.103547;450.186106;
1.103673;450.186106;
1.104494;450.186106;
1.103548;450.186106;
1.103703;450.186106;
1.106602;450.186106;
1.104322;450.186106;
1.105494;450.186106;
1.105122;450.186106;
1.105287;450.186106;
1.104718;450.186106;
1.104842;450.186106;
1.105013;450.186106;
1.105493;450.186106;
1.104960;450.186106;
1.100507;450.186106;
1.099657;450.186106;
1.100537;450.186106;
1.099430;450.186106;
1.100857;450.186106;
1.099255;450.186106;
1.104548;450.186106;
1.106153;450.186106;
1.104784;450.186106;
1.104680;450.186106;
1.104353;450.186106;
1.103731;450.186106;
1.107240;450.186106;
1.107754;450.186106;
1.106560;450.186106;
1.108182;450.186106;
1.107669;450.186106;
1.106825;450.186106;
1.101018;450.186106;
1.100306;450.186106;
1.099282;450.186106;
1.100878;450.186106;
1.099531;450.186106;
1.099939;450.186106;
1.107372;450.186106;
1.106173;450.186106;
1.105580;450.186106;
1.104819;450.186106;
1.104925;450.186106;
1.117112;450.186106;
1.101633;450.186106;
1.102283;450.186106;
1.103301;450.186106;
1.102533;450.186106;
1.103610;450.186106;
1.116852;450.186106;
1.106628;450.186106;
1.106356;450.186106;
1.106870;450.186106;
1.105533;450.186106;
1.104896;450.186106;
1.106501;450.186106;
1.110058;450.186106;
1.108677;450.186106;
1.108968;450.186106;
1.108971;450.186106;
1.108954;450.186106;
1.107452;450.186106;
1.105572;450.186106;
1.118503;450.186106;
1.105119;450.186106;
1.106021;450.186106;
1.105388;450.186106;
1.105033;450.186106;
1.102909;450.186106;
1.103236;450.186106;
1.102620;450.186106;
1.103054;450.186106;
1.116826;450.186106;
1.104792;450.186106;
1.121150;450.186106;
1.107607;450.186106;
1.107476;450.186106;
1.108393;450.186106;
1.107161;450.186106;
1.107524;450.186106;
1.103229;450.186106;
1.103143;450.186106;
1.102732;450.186106;
1.104902;450.186106;
1.103628;450.186106;
1.105925;450.186106;
1.105264;450.186106;
1.105217;450.186106;
1.107032;450.186106;
1.106613;450.186106;
1.118800;450.186106;
1.106770;450.186106;
1.104951;450.186106;
1.106541;450.186106;
1.105675;450.186106;
1.105858;450.186106;
1.106034;450.186106;
1.104992;450.186106;
1.105077;450.186106;
1.104920;450.186106;
1.105244;450.186106;
1.105572;450.186106;
1.104415;450.186106;
1.104998;450.186106;
1.100305;450.186106;
1.099913;450.186106;
1.100367;450.186106;
1.100067;450.186106;
1.100365;450.186106;
1.100012;450.186106;
1.111800;450.186106;
1.112658;450.186106;
1.111601;450.186106;
1.110948;450.186106;
1.123050;450.186106;
1.111835;450.186106;
1.106203;450.186106;
1.107217;450.186106;
1.106549;450.186106;
1.107295;450.186106;
1.106821;450.186106;
1.107497;450.186106;
1.106412;450.186106;
1.118906;450.186106;
1.107847;450.186106;
1.107566;450.186106;
1.107152;450.186106;
1.106416;450.186106;
1.103030;450.186106;
1.103076;450.186106;
1.103296;450.186106;
1.103752;450.186106;
1.103403;450.186106;
1.103585;450.186106;
1.102626;450.186106;
1.101616;450.186106;
1.102256;450.186106;
1.102060;450.186106;
1.103833;450.186106;
1.102514;450.186106;
1.103127;450.186106;
1.103470;450.186106;
1.103717;450.186106;
1.105392;450.186106;
1.103771;450.186106;
1.105391;450.186106;
1.103748;450.186106;
1.102233;450.186106;
1.100952;450.186106;
1.101347;450.186106;
1.101406;450.186106;
1.101615;450.186106;
1.101277;450.186106;
1.101331;450.186106;
1.101605;450.186106;
1.101362;450.186106;
1.101129;450.186106;
1.100879;450.186106;
1.114932;450.186106;
1.102116;450.186106;
1.103229;450.186106;
1.101734;450.186106;
1.102256;450.186106;
1.102799;450.186106;
1.102290;450.186106;
1.101455;450.186106;
1.101656;450.186106;
1.102940;450.186106;
1.102374;450.186106;
1.103618;450.186106;
M0:0.006287
W0;O:0.000439;R:384.192766
1.105632;450.186106;
1.106016;450.186106;
1.104905;450.186106;
1.105945;450.186106;
1.105752;450.186106;
1.105780;450.186106;
1.100160;450.186106;
1.100308;450.186106;
1.099390;450.186106;
1.099738;450.186106;
1.112477;450.186106;
1.098984;450.186106;
1.101701;450.186106;
1.102472;450.186106;
1.103883;450.186106;
1.104168;450.186106;
1.103746;450.186106;
1.105920;450.186106;
1.102840;450.186106;
1.114211;450.186106;
1.103393;450.186106;
1.103991;450.186106;
1.103092;450.186106;
1.103690;450.186106;
1.102697;450.186106;
1.102557;450.186106;
1.102445;450.186106;
1.103375;450.186106;
1.103070;450.186106;
1.102413;450.186106;
1.102768;450.186106;
1.101992;450.186106;
1.102546;450.186106;
1.102115;450.186106;
1.100803;450.186106;
1.102158;450.186106;
1.108132;450.186106;
1.108920;450.186106;
1.110396;450.186106;
1.112767;450.186106;
1.112083;450.186106;
1.114124;450.186106;
1.152153;450.186106;
1.150487;450.186106;
1.149212;450.186106;
1.150780;450.186106;
1.150375;450.186106;
1.148813;450.186106;
1.112642;450.186106;
1.126908;450.186106;
1.113057;450.186106;
1.112249;450.186106;
1.113356;450.186106;
1.112510;450.186106;
1.108670;450.186106;
1.108800;450.186106;
1.109249;450.186106;
1.108794;450.186106;
1.110167;450.186106;
1.107354;450.186106;
1.111469;450.186106;
1.111933;450.186106;
1.112566;450.186106;
1.112190;450.186106;
1.123815;450.186106;
1.112459;450.186106;
1.109632;450.186106;
1.108703;450.186106;
1.108956;450.186106;
1.108479;450.186106;
1.122654;450.186106;
1.108937;450.186106;
1.109945;450.186106;
1.109644;450.186106;
1.111462;450.186106;
1.111400;450.186106;
1.110470;450.186106;
1.109964;450.186106;
1.110947;450.186106;
1.109408;450.186106;
1.109737;450.186106;
1.110428;450.186106;
1.109118;450.186106;
1.109555;450.186106;
1.108397;450.186106;
1.107675;450.186106;
1.108524;450.186106;
1.108523;450.186106;
1.108966;450.186106;
1.108273;450.186106;
1.109268;450.186106;
1.110064;450.186106;
1.109127;450.186106;
1.109209;450.186106;
1.109912;450.186106;
1.109873;450.186106;
1.114695;450.186106;
1.113628;450.186106;
1.114081;450.186106;
1.113822;450.186106;
1.115384;450.186106;
1.114504;450.186106;
1.114780;450.186106;
1.116609;450.186106;
1.115274;450.186106;
1.115312;450.186106;
1.114926;450.186106;
1.114680;450.186106;
1.117010;450.186106;
1.118264;450.186106;
1.117436;450.186106;
1.116522;450.186106;
1.117873;450.186106;
1.116250;450.186106;
1.107526;450.186106;
1.106292;450.186106;
1.107254;450.186106;
1.106582;450.186106;
1.107840;450.186106;
1.107066;450.186106;
1.107460;450.186106;
1.106857;450.186106;
1.108648;450.186106;
1.107586;450.186106;
1.108056;450.186106;
1.108079;450.186106;
1.108252;450.186106;
1.109764;450.186106;
1.108785;450.186106;
1.108424;450.186106;
1.109536;450.186106;
1.109741;450.186106;
1.109419;450.186106;
1.108891;450.186106;
1.107444;450.186106;
1.107866;450.186106;
1.108809;450.186106;
1.107481;450.186106;
1.108391;450.186106;
1.108724;450.186106;
1.107689;450.186106;
1.107843;450.186106;
1.107689;450.186106;
1.108697;450.186106;
1.105754;450.186106;
1.106526;450.186106;
1.105622;450.186106;
1.104887;450.186106;
1.103843;450.186106;
1.103657;450.186106;
1.104162;450.186106;
1.104669;450.186106;
1.104518;450.186106;
1.105367;450.186106;
1.103808;450.186106;
1.104245;450.186106;
1.108806;450.186106;
1.120996;450.186106;
1.107812;450.186106;
1.120850;450.186106;
1.108879;450.186106;
1.107226;450.186106;
1.120487;450.186106;
1.120232;450.186106;
1.107840;450.186106;
1.109610;450.186106;
1.108418;450.186106;
1.108869;450.186106;
1.110752;450.186106;
1.110752;450.186106;
1.111374;450.186106;
1.111773;450.186106;
1.111333;450.186106;
1.112379;450.186106;
1.118124;450.186106;
1.128902;450.186106;
1.117895;450.186106;
1.118224;450.186106;
1.118223;450.186106;
1.116943;450.186106;
1.108635;450.186106;
1.109140;450.186106;
1.108695;450.186106;
1.107908;450.186106;
1.109055;450.186106;
1.109040;450.186106;
1.112824;450.186106;
1.113311;450.186106;
1.113109;450.186106;
1.113537;450.186106;
1.112845;450.186106;
1.112902;450.186106;
1.106805;450.186106;
1.106772;450.186106;
1.107419;450.186106;
1.107160;450.186106;
1.106337;450.186106;
1.106640;450.186106;
1.106896;450.186106;
1.106993;450.186106;
1.108040;450.186106;
1.106450;450.186106;
1.107290;450.186106;
1.107476;450.186106;
1.106643;450.186106;
1.106000;450.186106;
1.106256;450.186106;
1.107351;450.186106;
1.106096;450.186106;
1.105856;450.186106;
1.105747;450.186106;
1.106359;450.186106;
1.106648;450.186106;
1.106228;450.186106;
1.106312;450.186106;
1.107365;450.186106;
1.109789;450.186106;
1.108959;450.186106;
1.109583;450.186106;
1.108888;450.186106;
1.109551;450.186106;
1.109995;450.186106;
1.111159;450.186106;
1.111144;450.186106;
1.110686;450.186106;
1.110909;450.186106;
1.110456;450.186106;
1.122899;450.186106;
1.109798;450.186106;
1.108537;450.186106;
1.109279;450.186106;
1.109806;450.186106;
1.108385;450.186106;
1.109558;450.186106;
1.107786;450.186106;
1.108354;450.186106;
1.108724;450.186106;
1.108161;450.186106;
1.108518;450.186106;
1.109762;450.186106;
1.112948;450.186106;
1.113092;450.186106;
1.112896;450.186106;
1.112807;450.186106;
1.114371;450.186106;
1.112551;450.186106;
1.109233;450.186106;
1.108353;450.186106;
1.108596;450.186106;
1.107766;450.186106;
1.107459;450.186106;
1.108251;450.186106;
1.109126;450.186106;
1.108909;450.186106;
1.109598;450.186106;
1.109161;450.186106;
1.109240;450.186106;
1.108775;450.186106;
1.110203;450.186106;
1.109260;450.186106;
1.109283;450.186106;
1.109883;450.186106;
1.110177;450.186106;
1.108836;450.186106;
1.111400;450.186106;
1.111226;450.186106;
1.110324;450.186106;
1.110663;450.186106;
1.110925;450.186106;
1.110997;450.186106;
1.108607;450.186106;
1.109617;450.186106;
1.107991;450.186106;
1.108277;450.186106;
1.108340;450.186106;
1.108844;450.186106;
1.114010;450.186106;
1.114648;450.186106;
1.113643;450.186106;
1.114605;450.186106;
1.114590;450.186106;
1.114671;450.186106;
1.111473;450.186106;
1.110990;450.186106;
1.110417;450.186106;
1.111145;450.186106;
1.110092;450.186106;
1.110636;450.186106;
1.111420;450.186106;
1.111789;450.186106;
1.110332;450.186106;
1.110936;450.186106;
1.111640;450.186106;
1.111317;450.186106;
1.108113;450.186106;
1.107688;450.186106;
1.107005;450.186106;
1.108055;450.186106;
1.107878;450.186106;
1.108986;450.186106;
1.109525;450.186106;
1.109693;450.186106;
1.109508;450.186106;
1.110177;450.186106;
1.109953;450.186106;
1.108933;450.186106;
1.105422;450.186106;
1.106044;450.186106;
1.105767;450.186106;
1.104903;450.186106;
1.106437;450.186106;
1.104665;450.186106;
1.112198;450.186106;
1.111493;450.186106;
1.111232;450.186106;
1.111842;450.186106;
1.113588;450.186106;
1.111939;450.186106;
1.107733;450.186106;
1.108334;450.186106;
1.107999;450.186106;
1.109037;450.186106;
1.108340;450.186106;
1.108227;450.186106;
1.108356;450.186106;
1.107878;450.186106;
1.108594;450.186106;
1.109158;450.186106;
1.119960;450.186106;
1.120874;450.186106;
1.108244;450.186106;
1.122126;450.186106;
1.108160;450.186106;
1.108617;450.186106;
1.109076;450.186106;
1.110947;450.186106;
1.113920;450.186106;
1.114852;450.186106;
1.113724;450.186106;
1.113809;450.186106;
1.113406;450.186106;
1.112853;450.186106;
1.108940;450.186106;
1.110729;450.186106;
1.110277;450.186106;
1.109129;450.186106;
1.111250;450.186106;
1.108896;450.186106;
1.106146;450.186106;
1.106754;450.186106;
1.106957;450.186106;
1.106365;450.186106;
1.106879;450.186106;
1.105945;450.186106;
1.109262;450.186106;
1.108468;450.186106;
1.109077;450.186106;
1.108632;450.186106;
1.108117;450.186106;
1.108627;450.186106;
1.107958;450.186106;
1.108342;450.186106;
1.108898;450.186106;
1.108405;450.186106;
1.108195;450.186106;
1.121720;450.186106;
1.104947;450.186106;
1.104449;450.186106;
1.103976;450.186106;
1.104767;450.186106;
1.104316;450.186106;
1.105154;450.186106;
1.107094;450.186106;
1.108965;450.186106;
1.108290;450.186106;
1.107796;450.186106;
1.107878;450.186106;
1.110445;450.186106;
1.110337;450.186106;
1.109736;450.186106;
1.109643;450.186106;
1.110164;450.186106;
1.111079;450.186106;
1.110824;450.186106;
1.106279;450.186106;
1.105793;450.186106;
1.106109;450.186106;
1.106318;450.186106;
1.105874;450.186106;
1.105437;450.186106;
1.106813;450.186106;
1.106512;450.186106;
1.107809;450.186106;
1.106616;450.186106;
1.107629;450.186106;
1.108639;450.186106;
1.108363;450.186106;
1.109167;450.186106;
1.108155;450.186106;
1.108022;450.186106;
1.108212;450.186106;
1.107521;450.186106;
1.109025;450.186106;
1.108915;450.186106;
1.108727;450.186106;
1.109009;450.186106;
1.109956;450.186106;
1.109829;450.186106;
1.111129;450.186106;
1.111138;450.186106;
1.110575;450.186106;
1.111223;450.186106;
1.112740;450.186106;
1.111966;450.186106;
1.113880;450.186106;
1.115220;450.186106;
1.114784;450.186106;
1.114025;450.186106;
1.113658;450.186106;
1.113503;450.186106;
1.108510;450.186106;
1.107610;450.186106;
1.108614;450.186106;
1.108453;450.186106;
1.108643;450.186106;
1.107996;450.186106;
1.108720;450.186106;
1.109543;450.186106;
1.110026;450.186106;
1.108659;450.186106;
1.109803;450.186106;
1.109678;450.186106;
1.110028;450.186106;
1.109855;450.186106;
1.109745;450.186106;
1.108701;450.186106;
1.109784;450.186106;
1.108858;450.186106;
1.108882;450.186106;
1.107925;450.186106;
1.106321;450.186106;
1.107426;450.186106;
1.107326;450.186106;
1.106859;450.186106;
1.113942;450.186106;
1.114024;450.186106;
1.114363;450.186106;
1.114214;450.186106;
1.113710;450.186106;
1.113103;450.186106;
1.108785;450.186106;
1.109511;450.186106;
1.109640;450.186106;
1.109122;450.186106;
1.110306;450.186106;
1.109749;450.186106;
1.115047;450.186106;
1.116113;450.186106;
1.116110;450.186106;
1.115284;450.186106;
1.114286;450.186106;
1.115646;450.186106;
1.111477;450.186106;
1.111390;450.186106;
1.111272;450.186106;
1.111028;450.186106;
1.110741;450.186106;
1.111752;450.186106;
1.109145;450.186106;
1.109722;450.186106;
1.108766;450.186106;
1.108834;450.186106;
1.108127;450.186106;
1.108296;450.186106;
1.108193;450.186106;
1.107842;450.186106;
1.108380;450.186106;
1.107438;450.186106;
1.107758;450.186106;
1.107692;450.186106;
1.113546;450.186106;
1.113471;450.186106;
1.113702;450.186106;
1.113031;450.186106;
1.113175;450.186106;
1.112478;450.186106;
1.105156;450.186106;
1.105051;450.186106;
1.104601;450.186106;
1.105128;450.186106;
1.106397;450.186106;
1.106786;450.186106;
1.106148;450.186106;
1.105587;450.186106;
1.107363;450.186106;
1.105588;450.186106;
1.104552;450.186106;
1.105655;450.186106;
1.107044;450.186106;
1.107476;450.186106;
1.106662;450.186106;
1.107273;450.186106;
1.107534;450.186106;
1.107939;450.186106;
1.108510;450.186106;
1.109462;450.186106;
1.108303;450.186106;
1.109887;450.186106;
1.108831;450.186106;
1.108838;450.186106;
1.108525;450.186106;
1.108380;450.186106;
1.108538;450.186106;
1.109811;450.186106;
1.108227;450.186106;
1.108372;450.186106;
1.105824;450.186106;
1.105101;450.186106;
1.105850;450.186106;
1.107363;450.186106;
1.106051;450.186106;
1.105683;450.186106;
1.108255;450.186106;
1.107250;450.186106;
1.107231;450.186106;
1.108190;450.186106;
1.108674;450.186106;
1.108992;450.186106;
1.110844;450.186106;
1.111522;450.186106;
1.109650;450.186106;
1.111949;450.186106;
1.109966;450.186106;
1.108544;450.186106;
1.109869;450.186106;
1.109561;450.186106;
1.108780;450.186106;
1.109943;450.186106;
1.109326;450.186106;
1.109319;450.186106;
1.107357;450.186106;
1.108102;450.186106;
1.108033;450.186106;
1.107133;450.186106;
1.106682;450.186106;
1.107962;450.186106;
1.107045;450.186106;
1.107113;450.186106;
1.107135;450.186106;
1.107229;450.186106;
1.106908;450.186106;
1.109131;450.186106;
1.112391;450.186106;
1.113454;450.186106;
1.112214;450.186106;
1.113182;450.186106;
1.111623;450.186106;
1.112367;450.186106;
1.109757;450.186106;
1.112185;450.186106;
1.109633;450.186106;
1.123569;450.186106;
1.113433;450.186106;
1.111046;450.186106;
1.110560;450.186106;
1.110077;450.186106;
1.122103;450.186106;
1.110136;450.186106;
1.110409;450.186106;
1.110894;450.186106;
1.106037;450.186106;
1.107084;450.186106;
1.107777;450.186106;
1.120711;450.186106;
1.106182;450.186106;
1.105632;450.186106;
1.108197;450.186106;
1.108491;450.186106;
1.108922;450.186106;
1.108189;450.186106;
1.108336;450.186106;
1.108216;450.186106;
1.111061;450.186106;
1.110324;450.186106;
1.110627;450.186106;
1.110974;450.186106;
1.111077;450.186106;
1.110199;450.186106;
1.109210;450.186106;
1.109427;450.186106;
1.109180;450.186106;
1.110547;450.186106;
1.109906;450.186106;
1.110479;450.186106;
1.106367;450.186106;
1.105926;450.186106;
1.107225;450.186106;
1.106402;450.186106;
1.120417;450.186106;
1.107111;450.186106;
1.108499;450.186106;
1.107587;450.186106;
1.108058;450.186106;
1.109081;450.186106;
1.108817;450.186106;
1.108839;450.186106;
1.106602;450.186106;
1.107534;450.186106;
1.107657;450.186106;
1.107553;450.186106;
1.108104;450.186106;
1.107617;450.186106;
1.109446;450.186106;
1.108420;450.186106;
1.108293;450.186106;
1.107659;450.186106;
1.107486;450.186106;
1.107872;450.186106;
1.135001;450.186106;
1.134087;450.186106;
1.132254;450.186106;
1.133447;450.186106;
1.134273;450.186106;
1.135575;450.186106;
1.109041;450.186106;
1.108999;450.186106;
1.109309;450.186106;
1.107480;450.186106;
1.108396;450.186106;
1.108862;450.186106;
1.111004;450.186106;
1.112072;450.186106;
1.110106;450.186106;
1.111080;450.186106;
1.112569;450.186106;
1.110771;450.186106;
1.115252;450.186106;
1.114396;450.186106;
1.115466;450.186106;
1.116848;450.186106;
1.115927;450.186106;
1.115439;450.186106;
1.112242;450.186106;
1.111230;450.186106;
1.111259;450.186106;
1.110358;450.186106;
1.110866;450.186106;
1.110585;450.186106;
1.105614;450.186106;
1.105998;450.186106;
1.105940;450.186106;
1.105697;450.186106;
1.106287;450.186106;
1.107458;450.186106;
1.112574;450.186106;
1.112495;450.186106;
1.112585;450.186106;
1.113035;450.186106;
1.113068;450.186106;
1.113637;450.186106;
1.112380;450.186106;
1.110943;450.186106;
1.113028;450.186106;
1.110176;450.186106;
1.110931;450.186106;
1.111236;450.186106;
1.107615;450.186106;
1.109906;450.186106;
1.108465;450.186106;
1.107554;450.186106;
1.108141;450.186106;
1.107199;450.186106;
1.111217;450.186106;
1.111337;450.186106;
1.124110;450.186106;
1.110730;450.186106;
1.111802;450.186106;
1.111080;450.186106;
1.108333;450.186106;
1.110026;450.186106;
1.109727;450.186106;
1.109261;450.186106;
1.109496;450.186106;
1.109385;450.186106;
1.109309;450.186106;
1.109030;450.186106;
1.109649;450.186106;
1.108875;450.186106;
1.122212;450.186106;
1.109039;450.186106;
1.111997;450.186106;
1.111487;450.186106;
1.112674;450.186106;
1.111495;450.186106;
1.111326;450.186106;
1.111338;450.186106;
1.109261;450.186106;
1.108260;450.186106;
1.109011;450.186106;
1.109084;450.186106;
1.111299;450.186106;
1.111055;450.186106;
1.110343;450.186106;
1.111556;450.186106;
1.110393;450.186106;
1.109911;450.186106;
1.110427;450.186106;
1.110880;450.186106;
1.108161;450.186106;
1.107049;450.186106;
1.105514;450.186106;
1.106529;450.186106;
1.106917;450.186106;
1.106261;450.186106;
1.109393;450.186106;
1.108129;450.186106;
1.108548;450.186106;
1.108078;450.186106;
1.108209;450.186106;
1.109384;450.186106;
1.108564;450.186106;
1.107557;450.186106;
1.108445;450.186106;
1.107443;450.186106;
1.107897;450.186106;
1.108162;450.186106;
1.111315;450.186106;
1.110611;450.186106;
1.111144;450.186106;
1.112447;450.186106;
1.111636;450.186106;
1.110089;450.186106;
1.109703;450.186106;
1.123466;450.186106;
1.109013;450.186106;
1.107400;450.186106;
1.108261;450.186106;
1.108459;450.186106;
1.105484;450.186106;
1.107939;450.186106;
1.106972;450.186106;
1.106580;450.186106;
1.107095;450.186106;
1.107752;450.186106;
1.107861;450.186106;
1.107928;450.186106;
1.107696;450.186106;
1.107310;450.186106;
1.107703;450.186106;
1.109366;450.186106;
1.107959;450.186106;
1.108852;450.186106;
1.108592;450.186106;
1.108351;450.186106;
1.108609;450.186106;
1.108620;450.186106;
1.107333;450.186106;
1.107039;450.186106;
1.105235;450.186106;
1.106033;450.186106;
1.105021;450.186106;
1.105886;450.186106;
1.107994;450.186106;
1.107207;450.186106;
1.108179;450.186106;
1.107672;450.186106;
1.107675;450.186106;
1.108551;450.186106;
1.110374;450.186106;
1.108644;450.186106;
1.109056;450.186106;
1.108355;450.186106;
1.109131;450.186106;
1.121925;450.186106;
1.109853;450.186106;
1.109964;450.186106;
1.109759;450.186106;
1.110388;450.186106;
1.110562;450.186106;
1.110441;450.186106;
1.114821;450.186106;
1.115411;450.186106;
1.114533;450.186106;
1.113773;450.186106;
1.113370;450.186106;
1.113633;450.186106;
1.109624;450.186106;
1.109658;450.186106;
1.121360;450.186106;
1.109017;450.186106;
1.110735;450.186106;
1.110842;450.186106;
1.110162;450.186106;
1.110513;450.186106;
1.109979;450.186106;
1.109827;450.186106;
1.109868;450.186106;
1.111196;450.186106;
1.110813;450.186106;
1.113153;450.186106;
1.112562;450.186106;
1.111183;450.186106;
1.124107;450.186106;
1.111220;450.186106;
1.110746;450.186106;
1.109503;450.186106;
1.110457;450.186106;
1.111414;450.186106;
1.111549;450.186106;
1.110299;450.186106;
1.120754;450.186106;
1.109927;450.186106;
1.110176;450.186106;
1.108901;450.186106;
1.109666;450.186106;
1.110017;450.186106;
1.105643;450.186106;
1.105878;450.186106;
1.105687;450.186106;
1.104771;450.186106;
1.105624;450.186106;
1.104801;450.186106;
1.107099;450.186106;
1.106416;450.186106;
1.105822;450.186106;
1.105695;450.186106;
1.106586;450.186106;
1.104654;450.186106;
1.105286;450.186106;
1.105748;450.186106;
1.106247;450.186106;
1.106157;450.186106;
1.106654;450.186106;
1.107338;450.186106;
1.107910;450.186106;
1.107223;450.186106;
1.106998;450.186106;
1.108119;450.186106;
1.107124;450.186106;
1.108040;450.186106;
1.106504;450.186106;
1.105762;450.186106;
1.106277;450.186106;
1.105154;450.186106;
1.105987;450.186106;
1.105085;450.186106;
1.104971;450.186106;
1.104363;450.186106;
1.104597;450.186106;
1.105366;450.186106;
1.104211;450.186106;
1.104709;450.186106;
1.112411;450.186106;
1.112210;450.186106;
1.112127;450.186106;
1.112960;450.186106;
1.111812;450.186106;
1.111494;450.186106;
1.108630;450.186106;
1.108003;450.186106;
1.108190;450.186106;
1.108182;450.186106;
1.108011;450.186106;
1.109765;450.186106;
1.109384;450.186106;
1.109107;450.186106;
1.109898;450.186106;
1.108897;450.186106;
1.110426;450.186106;
1.109317;450.186106;
1.107689;450.186106;
1.107808;450.186106;
1.107714;450.186106;
1.108416;450.186106;
1.109201;450.186106;
1.108340;450.186106;
1.117363;450.186106;
1.115428;450.186106;
1.116023;450.186106;
1.117147;450.186106;
1.116585;450.186106;
1.118196;450.186106;
1.108361;450.186106;
1.110085;450.186106;
1.108595;450.186106;
1.108901;450.186106;
1.109563;450.186106;
1.109096;450.186106;
1.114032;450.186106;
W1;O:0.000381;R:548.511799
1.116138;450.186106;
1.113879;450.186106;
1.112284;450.186106;
1.113698;450.186106;
W2;O:0.000434;R:549.615701
W3;O:0.000384;R:548.546328
1.110369;450.186106;
W4;O:0.000495;R:549.607660
W5;O:0.000401;R:549.589675
