1.27291;453.537;
1.54524;448.577;
2.01541;442.63;
1.86241;455.875;
2.02478;448.589;
2.21727;459.182;
1.87654;442.498;
2.23051;451.656;
1.86772;450.323;
2.22896;459.351;
2.22321;460.662;
1.80705;440.312;
2.15712;447.31;
2.15324;448.456;
1.80646;443.133;
2.15762;449.708;
1.78839;437.489;
2.20103;461.23;
2.13508;444.374;
2.18069;449.11;
1.83854;444.917;
1.88693;450.699;
2.17277;445.775;
2.13862;438.5;
2.20819;448.918;
1.83854;438.35;
2.223;452.866;
1.88903;451.012;
2.15546;444.091;
2.15225;443.378;
2.15327;447.01;
1.83855;452.422;
2.19761;457.093;
1.84729;447.094;
2.18319;448.348;
2.17689;449.09;
1.9366;454.834;
2.23483;455.86;
1.87974;449.662;
2.23756;447.646;
1.84136;450.528;
2.18995;454.362;
2.15701;449.631;
2.162;449.892;
1.83576;450.515;
2.08638;435.667;
1.86756;460.503;
2.18201;454.552;
2.15177;442.893;
1.88496;453.966;
2.12867;438.963;
2.20606;451.278;
1.93675;460.748;
2.14679;438.995;
1.87966;449.848;
2.15647;444.853;
2.18417;450.951;
2.2102;460.801;
1.86766;458.536;
1.8033;444.336;
2.13177;442.259;
2.16091;450.913;
2.17967;451.772;
1.86925;453.965;
2.13155;440.806;
1.89453;456.449;
2.18043;446.751;
2.18477;448.101;
2.17897;450.364;
1.83561;445.924;
2.19108;455.691;
1.83346;450.423;
2.13144;443.167;
2.1419;447.071;
1.83777;451.934;
2.14044;447.61;
1.82854;447.379;
2.19119;455.83;
2.18532;449.669;
1.86417;445.934;
2.19072;448.636;
2.20644;452.169;
1.83298;438.184;
2.19864;454.105;
1.81196;443.124;
2.14516;447.609;
2.14376;447.957;
1.84688;452.279;
2.14945;449.658;
2.18822;455.017;
1.82363;449.142;
2.18253;453.504;
1.86348;451.896;
2.12961;439.435;
2.15469;440.597;
1.89806;451.238;
2.1619;443.378;
1.84419;447.427;
2.20373;454.743;
2.19659;453.992;
2.17199;451.438;
1.80966;443.254;
2.17501;454.547;
1.82277;448.322;
2.10403;440.228;
2.17601;454.766;
1.8264;450.569;
2.16552;450.778;
2.20421;457.97;
1.86761;450.873;
2.15024;443.963;
1.82478;441.853;
2.18283;450.028;
2.17517;446.746;
1.80652;440.542;
2.1579;449.811;
1.84054;450.651;
2.14614;449.398;
2.16585;451.423;
2.14348;445.944;
1.88033;460.29;
2.24151;465.483;
1.91831;463.143;
2.21436;454.664;
2.17256;444.549;
1.87696;448.329;
2.1954;451.5;
2.14848;442.55;
1.81131;442.488;
2.15897;452.003;
1.84243;451.27;
2.18975;456.616;
2.18348;455.447;
1.84409;450.601;
2.17643;452.086;
1.82462;447.161;
2.22519;457.71;
2.17589;447.218;
2.19388;449.634;
1.89647;454.145;
2.20529;449.72;
1.88258;450.883;
2.12205;439.229;
2.14733;443.098;
1.83576;446.578;
2.17895;454.439;
1.88009;462.353;
2.15127;448.073;
2.16585;450.736;
1.83414;450.683;
2.15584;449.373;
2.13239;440.211;
1.90458;455.786;
2.22259;454.971;
1.87189;450.668;
2.21794;457.711;
2.12685;435.809;
2.12427;438.541;
1.90773;451.598;
2.00496;452.638;
1.80826;442.603;
2.13675;446.021;
2.17353;452.073;
2.1789;455.154;
2.18044;451.655;
1.82074;442.857;
1.81567;435.732;
2.18815;444.904;
2.30645;456.898;
2.22178;451.684;
1.85441;440.477;
2.2751;451.541;
1.85688;445.603;
2.19979;455.365;
1.84192;451.168;
2.12607;442.633;
2.11059;440.349;
1.8684;457.318;
2.21414;456.21;
1.96089;443.347;
2.25627;448.749;
2.15598;440.423;
1.96048;444.525;
2.30561;458.42;
2.29744;455.735;
1.85591;448.92;
2.14897;441.379;
1.83446;447.433;
2.17672;443.583;
2.13692;445.489;
2.15243;446.211;
1.80625;439.454;
1.83062;447.448;
2.13937;442.268;
2.25341;449.478;
2.19395;447.116;
2.33635;454.906;
1.90473;451.91;
1.9356;455.094;
2.20321;450.687;
2.27639;460.534;
2.21377;455.956;
1.82934;446.357;
2.12253;441.547;
1.84883;452.929;
2.15079;446.917;
2.20978;459.873;
1.84308;445.142;
2.18307;451.811;
2.10367;445.942;
1.99024;458.763;
2.19243;447.379;
1.97397;452.064;
1.87458;443.465;
2.15661;441.1;
2.1976;451.676;
2.18003;449.091;
1.81243;443.27;
1.82361;445.764;
2.21607;459.249;
2.16641;449.497;
2.13965;443.224;
2.11645;439.787;
1.9054;457.194;
1.86785;450.337;
2.17595;444.325;
2.22022;453.712;
2.2351;455.502;
2.18692;446.745;
1.83752;446.727;
1.85855;449.451;
2.22983;462.813;
2.1724;453.402;
2.1585;448.515;
2.15935;449.882;
1.83836;454.33;
1.84675;457.066;
2.20883;453.056;
2.24235;456.537;
1.88466;448.381;
1.92321;457.003;
2.34497;460.056;
2.30779;453.967;
2.17536;447.438;
1.83163;445.982;
1.83419;450.33;
2.16379;448.819;
2.13612;446.695;
2.18994;454.47;
1.82023;446.325;
2.15913;449.621;
1.86183;458.115;
2.16995;446.364;
2.17193;444.768;
2.17255;442.815;
1.89749;449.779;
1.90391;448.432;
2.23498;456.059;
2.18346;446.33;
2.23033;447.799;
2.30251;460.955;
1.84576;449.516;
1.85355;453.425;
2.14769;446.125;
2.11863;440.452;
2.15785;445.996;
2.17039;449.737;
1.85884;450.017;
1.92921;461.463;
2.23977;453.573;
2.14844;438.414;
1.86192;447.54;
1.8234;438.417;
2.19691;449.248;
2.21516;453.792;
2.1768;450.458;
2.17151;448.886;
1.85792;451.533;
1.85081;450.287;
2.15421;441.949;
2.20581;454.725;
2.24945;458.345;
1.92053;455.843;
1.91852;454.635;
2.22222;450.045;
2.17228;439.667;
2.22767;453.166;
1.87629;458.117;
1.82919;446.19;
2.16111;446.286;
2.20416;458.41;
2.23133;449.009;
2.22138;453.652;
1.90457;452.712;
1.91191;453.453;
2.23127;454.864;
2.20075;444.483;
2.17825;447.425;
2.22435;447.832;
1.89442;446.726;
1.94885;459.545;
2.18117;446.601;
2.15148;442.849;
2.16329;445.849;
1.84232;451.924;
2.16707;451.469;
1.82055;444.942;
2.19194;454.136;
2.18202;451.787;
1.84481;440.999;
1.89142;450.261;
2.31365;455.855;
2.31674;455.283;
2.16372;440.132;
2.19716;446.816;
1.8799;451.931;
1.83337;442.502;
2.1768;451.951;
2.15016;444.002;
2.15611;445.283;
1.87672;457.431;
2.12595;439.951;
1.8627;457.885;
2.24552;444.742;
2.21187;439.168;
1.92246;454.206;
1.8728;440.35;
2.24729;455.718;
2.25881;455.241;
2.21984;450.303;
2.22758;455.323;
1.84674;450.026;
1.83667;451.364;
2.17106;451.998;
2.14966;447.286;
2.13231;442.66;
2.19304;455.611;
1.80573;442.958;
1.84149;448.973;
2.18619;450.115;
2.23404;455.658;
1.92248;454.684;
1.86471;441.381;
2.21047;449.931;
2.2254;453.091;
2.16765;446.175;
2.13942;444.284;
1.83842;451.976;
1.81582;444.273;
2.18537;454.744;
2.19734;457.827;
2.1931;448.337;
2.19168;450.187;
1.95538;451.848;
1.98965;455.472;
2.09509;434.479;
2.15254;445.962;
2.00895;450.803;
2.02318;465.078;
2.12639;448.249;
2.15175;452.98;
2.19773;457.61;
2.19703;456.942;
1.8196;446.123;
1.832;446.435;
2.21219;458.674;
2.17161;450.537;
2.19105;443.978;
2.27188;462.863;
1.88657;451.043;
1.8953;447.38;
2.24427;454.456;
2.21524;446.971;
1.86749;450.791;
2.17661;447.485;
2.20014;452.857;
1.82685;445.938;
2.11612;436.717;
2.18716;454.084;
1.85805;451.46;
1.89632;461.059;
2.18392;449.654;
2.21287;455.538;
1.9249;452.404;
2.23726;449.484;
2.2028;443.685;
1.90807;451.923;
2.20911;445.945;
2.2585;454.965;
1.83032;446.803;
1.86081;454.469;
2.17052;447.864;
2.16589;448.635;
2.19041;433.692;
2.27615;453.833;
1.89471;455.127;
1.92506;450.759;
2.1909;447.259;
2.20686;443.567;
2.13094;448.416;
2.1451;453.275;
2.02651;452.035;
1.94608;443.649;
2.10523;439.43;
2.21532;463.786;
2.29856;459.309;
1.81164;442.263;
2.30249;460.075;
1.80518;443.086;
2.16536;448.549;
2.15781;445.261;
1.92896;460.37;
2.17575;445.064;
1.92318;455.944;
2.2046;445.17;
2.19214;444.582;
2.25726;459.787;
1.85971;447.214;
1.8164;440.786;
2.19446;450.073;
2.15258;442.508;
1.81229;441.25;
2.22724;462.882;
2.14545;444.913;
1.82511;446.662;
2.1639;446.937;
2.20888;451.88;
1.95851;447.684;
2.17368;438.959;
1.94324;453.477;
2.28624;454.023;
2.27277;460.633;
2.15193;439.086;
1.79916;439.596;
1.82249;443.99;
2.16564;450.448;
2.13513;443.182;
2.13323;438.926;
2.1862;454.605;
1.88426;457.449;
2.09204;455.273;
1.90864;442.917;
2.21841;449.955;
2.21184;450.501;
1.87725;451.072;
2.18157;446.119;
1.83246;445.574;
2.17396;447.635;
2.14194;443.73;
1.87018;458.74;
2.12664;441.17;
2.16696;449.055;
1.81994;444.152;
2.17612;451.152;
2.17431;443.702;
1.89357;453.74;
2.24628;458.522;
1.89529;447.984;
2.26308;459.079;
2.22033;450.145;
1.86991;451.589;
2.19184;451.007;
1.88082;461.672;
2.13494;443.247;
2.15837;450.321;
2.15888;446.925;
1.85088;450.199;
2.15981;446.862;
1.8803;459.201;
2.15846;442.345;
2.1749;444.503;
1.91244;450.731;
2.25725;456.684;
1.91748;458.46;
2.22133;450.488;
2.19158;449.814;
2.14989;443.85;
1.79966;438.537;
2.16114;445.585;
1.87018;451.373;
W5;O:2.0905;R:165.005
2.13981;448.195;
1.98184;444.93;
1.94278;448.969;
1.80885;453.596;
2.08951;443.893;
2.09913;441.547;
1.79735;441.43;
1.77906;438.58;
1.80749;448.342;
W2;O:1.21926;R:168.843
1.90417;455.775;
1.81659;456.213;
W3;O:1.39226;R:170.007
1.67738;444.082;
1.68071;454.945;
1.51545;441.386;
W4;O:1.56525;R:170.971
1.43811;441.308;
1.39978;440.573;
1.31805;438.027;
1.327;438.552;
1.33566;453.341;
W1;O:0.699774;R:174.854
1.29152;447.209;
W0;O:0.172302;R:175.495
