1.057000;443.034620;
1.061727;448.432550;
1.075471;454.144557;
1.075780;451.915998;
1.090274;456.199620;
1.095704;464.500692;
1.097180;409.611038;
1.121246;428.590366;
1.151083;442.262018;
1.170254;451.147456;
1.157386;445.077427;
1.185331;461.420100;
1.088137;419.060563;
1.095413;421.209460;
1.197792;463.060785;
1.164308;450.534131;
1.171564;448.984201;
1.232818;471.186616;
1.134186;439.820383;
1.151920;446.457481;
1.207181;468.858038;
1.233361;478.666449;
1.210155;467.880669;
1.194375;456.729193;
1.149706;436.470749;
1.109996;425.544823;
1.171874;442.522236;
1.153943;443.922226;
1.206154;467.938856;
1.151604;441.916207;
1.233135;473.371688;
1.212629;471.544554;
1.178595;454.163440;
1.170040;452.522876;
1.130811;436.845830;
1.191252;457.440021;
1.179586;452.755766;
1.163470;450.774214;
1.211955;466.000322;
1.089190;423.769211;
1.087307;421.395692;
1.152858;444.512024;
1.018704;392.978859;
1.098431;426.067133;
1.196360;464.177724;
1.148183;442.331278;
1.171462;452.382231;
1.275937;500.920749;
1.039579;399.957229;
1.196439;463.442106;
1.130618;438.421988;
1.163755;450.852405;
1.174504;450.143098;
1.152688;449.467588;
1.144534;441.282462;
1.244313;481.940691;
1.173716;445.540095;
1.120931;433.859372;
1.105949;426.101248;
1.164673;448.613979;
1.180836;454.104891;
1.166711;455.359767;
1.148002;451.282161;
1.122893;433.617767;
1.170402;450.917539;
1.166782;446.099315;
1.166850;450.487589;
1.147351;440.424128;
1.161729;446.297795;
1.184768;455.773533;
1.264633;490.422130;
1.169933;453.340359;
1.140337;440.208206;
1.183984;451.142541;
1.162299;439.949125;
1.141967;439.620584;
1.117090;429.412523;
1.230695;477.578855;
1.193210;461.128260;
1.211995;461.492698;
1.174083;452.512668;
1.155477;442.608602;
1.238193;465.104126;
1.228337;472.376523;
1.172656;444.592437;
1.187751;451.716954;
1.159771;449.068478;
1.194109;450.853315;
1.170685;445.968667;
1.189789;457.541255;
1.144730;441.870253;
1.189776;459.497596;
1.107881;431.168424;
1.214004;466.664646;
1.124225;444.404621;
1.177600;453.897566;
1.220785;463.931233;
1.163888;436.458622;
1.187326;452.793888;
1.164424;452.647310;
1.213370;463.197382;
1.193332;455.257816;
1.185655;459.701461;
1.134899;436.363724;
1.198399;460.043079;
1.191384;454.000809;
1.132220;435.219119;
1.147705;433.511011;
1.139089;438.937161;
1.142583;430.393643;
1.176333;450.006180;
1.232191;474.110131;
1.213382;463.315853;
1.171591;446.530354;
1.130644;428.973537;
1.131825;433.482750;
1.246357;478.471982;
1.290916;491.328059;
1.258903;487.587974;
1.239591;472.045211;
1.163630;450.785344;
1.129735;441.043783;
1.164040;454.582756;
1.192209;465.180801;
1.220965;479.546035;
1.069803;425.297518;
1.112467;443.437885;
1.048539;415.184884;
1.140239;452.589982;
1.171230;469.585191;
1.069582;425.263501;
1.114418;443.902482;
1.174128;465.307351;
1.034825;413.614438;
1.114360;448.454761;
1.141018;455.259435;
1.116877;448.383816;
1.188026;482.364963;
1.117494;455.096091;
1.115514;450.797405;
1.114561;450.230237;
1.129300;456.584179;
1.038570;422.025394;
1.109596;447.379257;
1.108404;452.493412;
1.208800;488.986413;
1.159586;471.371683;
1.099071;451.240660;
1.093022;444.807891;
1.196007;480.999073;
1.095077;447.721056;
1.082953;434.435944;
1.121838;455.870435;
1.169454;477.184747;
1.198415;495.347092;
1.107822;450.478526;
1.053350;427.816275;
1.131712;456.475920;
1.119529;454.210260;
1.172829;479.596327;
1.063952;427.006696;
1.130387;457.927313;
1.127259;459.434956;
1.114057;451.188314;
1.168223;470.761573;
1.053431;423.948993;
1.135775;457.343926;
1.098069;447.708235;
1.092178;446.140785;
1.055140;428.198827;
1.066669;435.938269;
1.158499;470.788096;
1.124953;458.310289;
1.066898;435.881066;
1.034715;414.521555;
1.117644;452.708319;
1.070145;432.810008;
1.106037;448.865716;
1.054867;435.724116;
1.144732;462.827338;
1.107258;453.343088;
1.145114;463.910003;
1.083948;445.507517;
1.209670;495.308362;
1.179568;479.139043;
1.142763;468.026494;
1.112733;451.902772;
1.085651;438.269551;
1.098080;441.844827;
1.053216;429.979813;
1.053363;426.157975;
1.079066;435.392756;
1.102577;446.025125;
1.103613;450.766347;
1.051945;426.525019;
1.132149;457.945896;
1.053497;426.304942;
1.123932;454.397643;
1.063016;430.613219;
1.042558;428.743472;
1.138397;464.645897;
1.016365;419.046869;
1.096612;447.705306;
1.056515;429.486479;
1.078210;438.522942;
1.116152;451.575709;
0.986733;401.173473;
1.146753;462.541096;
1.110881;449.899831;
1.185069;475.829558;
1.140109;464.395802;
1.107773;457.443980;
1.083900;438.502969;
1.076516;440.422060;
1.076691;437.916493;
1.125604;456.471964;
1.130904;459.139906;
1.148220;464.934165;
1.138926;460.433994;
1.118774;453.133204;
1.155671;473.523457;
1.091197;443.365724;
1.087855;438.423408;
1.116106;452.659336;
1.100646;452.611840;
1.129971;462.724708;
1.122091;456.684348;
1.126922;451.614634;
1.093478;445.589127;
1.128985;456.792272;
1.058261;431.915210;
1.173731;481.639171;
1.145719;467.149174;
1.165247;469.543674;
1.019664;417.824244;
1.160922;472.382176;
1.072557;434.766632;
1.124387;459.719044;
1.030722;419.261559;
1.186583;480.921073;
1.085456;439.654372;
1.107054;450.693497;
1.101463;448.461945;
1.060016;427.034912;
1.180819;485.822547;
1.110019;449.950977;
1.119247;449.863567;
1.063486;428.801177;
1.094824;442.291398;
1.076468;427.189506;
1.171602;472.001597;
1.218015;493.640083;
1.091706;438.622514;
1.117717;451.297403;
1.109216;443.266942;
1.118401;457.473378;
1.024827;417.508919;
1.120026;455.240588;
1.047736;422.772731;
1.151310;472.142050;
1.129059;452.273071;
1.170449;472.029357;
1.125137;460.008427;
1.106580;447.332955;
1.050311;428.790477;
1.103015;451.824057;
1.083178;442.932006;
1.128812;455.473760;
1.209830;494.962791;
1.044204;426.079537;
1.148066;466.990887;
1.121005;452.373175;
1.139412;451.762785;
1.121751;454.255358;
1.067675;429.610545;
1.216824;485.089792;
1.164445;470.422082;
1.070297;440.072109;
1.157976;469.316734;
1.090940;441.646076;
1.110378;455.531941;
1.061539;425.264690;
1.043900;418.500792;
1.038852;425.002801;
1.090435;439.678419;
1.063832;438.113243;
1.194353;483.208750;
1.176109;465.905090;
1.082448;441.279234;
1.122272;459.285213;
1.117980;459.783148;
1.153094;475.673589;
1.153120;475.336189;
1.041244;419.451231;
1.206612;485.124540;
1.077104;434.383073;
1.108796;453.666524;
1.140835;461.140975;
1.113687;455.911995;
1.204761;486.917758;
1.039302;421.602289;
1.054574;428.640739;
1.102607;451.016088;
1.149693;463.501694;
1.103022;449.221755;
1.054321;423.806395;
1.172301;476.772361;
1.119079;462.112309;
1.134857;466.347376;
1.150905;471.121154;
1.073734;440.825657;
1.129922;457.494741;
1.102670;447.769957;
1.123061;454.847295;
1.130194;460.400132;
1.065781;430.673964;
1.075947;438.090041;
1.114452;458.556090;
1.115141;455.179529;
1.129755;457.924772;
1.109116;446.132749;
1.104867;451.694016;
1.086885;442.148822;
1.172950;476.438890;
1.026360;418.481434;
1.093889;441.288521;
1.167376;472.429700;
1.131139;457.118001;
1.116614;451.224312;
1.077968;441.440831;
1.116928;458.833452;
1.179755;482.171737;
1.143489;463.628415;
1.097643;442.134240;
1.051820;430.429630;
1.143915;461.968874;
1.091010;438.946385;
1.136904;456.097824;
1.180240;475.234681;
1.076801;434.995695;
1.098073;441.482417;
1.136493;456.988341;
1.147301;473.023299;
1.062499;431.413901;
1.049031;429.419695;
1.102574;456.007109;
1.077341;438.654111;
1.144424;469.559646;
1.060237;437.430676;
1.110813;446.536008;
1.144476;472.475383;
1.116930;457.928788;
1.184350;477.587650;
1.050598;429.341149;
1.037602;422.119884;
1.071657;433.047293;
1.137470;466.145752;
1.069504;436.323729;
1.156677;465.097563;
1.120275;455.544680;
1.105048;451.874772;
1.092259;448.812422;
1.083977;437.153399;
1.126997;450.968900;
1.135346;462.548373;
1.114581;453.826892;
1.109186;445.003538;
1.135155;456.450046;
1.134745;457.438566;
1.074748;437.257229;
1.051257;425.818421;
1.159627;471.377672;
1.136506;460.098242;
1.092039;443.081801;
1.115141;453.218758;
1.183490;479.238105;
1.149754;467.950397;
1.111639;453.805367;
1.042153;423.496619;
1.023846;417.448652;
1.057895;429.157268;
1.138238;467.697409;
1.106142;452.345682;
1.212513;498.089272;
1.099826;436.684708;
1.159312;475.707050;
1.135768;465.694635;
1.129526;470.815546;
1.128553;463.509120;
1.119572;457.699787;
1.141285;465.504583;
1.119711;452.684072;
1.004437;406.919569;
1.174944;479.793968;
1.117110;453.145804;
1.105820;443.899950;
1.155857;468.195211;
1.180059;480.395028;
1.144288;467.337413;
1.116383;454.223258;
1.083689;442.915643;
1.147521;464.405232;
1.105750;450.658998;
1.031528;417.890289;
1.106417;448.528536;
1.035325;419.764918;
1.122411;457.337263;
1.157310;472.006165;
1.092862;440.972390;
1.118843;453.544456;
1.099762;442.860148;
1.092770;447.947338;
1.177150;477.475212;
1.058032;426.424324;
1.155416;470.642197;
1.171801;472.433409;
1.035449;422.011486;
1.113979;456.887196;
1.211140;500.014959;
1.029443;421.950090;
1.105531;446.734306;
1.186728;486.301240;
1.051530;427.906295;
1.030061;420.479184;
1.107113;447.219527;
1.058229;431.741661;
1.129556;461.640923;
1.081527;436.192160;
1.176362;478.263384;
1.106116;449.253148;
1.075052;435.729419;
1.058938;433.706275;
1.071719;437.662196;
1.121127;456.985929;
1.097471;449.300754;
1.182823;491.312414;
1.104048;447.352006;
1.101611;446.588991;
1.119485;458.105279;
1.065530;437.463997;
1.121510;448.345656;
1.140292;470.641988;
1.148825;466.197314;
1.046805;431.601510;
1.148800;468.412433;
1.184078;483.897269;
1.125683;458.115849;
1.033070;421.292397;
1.067784;427.387922;
1.076872;439.484788;
1.094277;445.069048;
1.081086;437.385666;
1.050239;425.174599;
1.168460;477.147840;
1.026637;418.369019;
1.091361;447.583546;
1.160123;471.663241;
1.162994;471.115149;
1.072452;432.464168;
1.057987;431.498942;
1.115680;454.810523;
1.126319;459.662413;
1.033278;420.429335;
1.066467;429.844706;
1.098342;450.188204;
1.125848;454.756819;
1.015376;415.493591;
1.082367;439.046087;
1.039873;422.006362;
1.096084;445.996396;
1.044301;426.171143;
1.074808;438.116130;
1.099562;443.691571;
1.187048;484.805257;
1.069466;432.682403;
1.103105;456.080224;
1.155329;469.257805;
1.149912;473.076004;
1.093209;439.649077;
1.166214;472.128926;
1.027086;425.200900;
1.103723;450.819638;
1.052349;435.018695;
1.072769;440.328503;
1.124921;459.721856;
1.086246;441.698533;
1.094173;443.580339;
1.131431;457.808928;
1.069940;433.558695;
1.177929;475.881309;
1.107991;449.367657;
1.096614;446.324298;
1.115483;442.318817;
1.097281;441.499290;
1.131709;456.109821;
1.118092;456.008703;
1.084472;444.612251;
1.103041;446.499575;
1.071019;436.163806;
1.120161;449.283596;
1.126797;456.200406;
1.078967;432.011682;
M0:0.001850
W0;O:0.000102;R:93.700933
1.117638;453.604203;
1.141137;465.526754;
1.054329;431.010097;
1.131859;461.011566;
1.152688;470.943118;
1.082308;438.499394;
1.066233;434.844929;
1.194196;488.471634;
1.119484;448.903609;
1.213680;498.947996;
1.151588;471.073215;
1.138931;463.041520;
1.043787;426.086928;
1.028827;408.969409;
1.108672;458.351422;
1.073457;438.756532;
1.100271;447.642519;
1.164373;473.357883;
1.101401;443.193198;
1.056922;425.342545;
1.119691;454.960431;
1.150816;474.159025;
1.090405;440.982721;
1.087971;438.047396;
1.084521;445.912468;
1.060146;437.054586;
1.069593;435.328985;
1.079115;439.775448;
1.081734;434.281958;
1.106343;449.850888;
1.107838;447.676423;
1.149323;467.374224;
1.107276;444.329459;
1.129879;461.660075;
1.170712;476.388190;
1.121750;459.644178;
1.069211;432.487601;
1.166937;474.710951;
1.000280;410.938950;
1.077138;434.584264;
1.139807;462.082715;
1.121734;459.102964;
1.081151;432.116953;
1.061405;427.099370;
1.128220;461.302436;
1.164959;471.844559;
1.120949;459.663480;
1.086189;441.630705;
1.102319;448.946445;
1.077171;437.314411;
1.140310;460.131073;
1.170471;472.110637;
1.021857;413.173569;
1.163546;475.187791;
1.063534;428.647421;
1.054511;422.523762;
1.182900;478.858573;
1.077173;427.880454;
1.114394;457.770918;
1.068971;435.550282;
1.086829;446.161400;
1.157218;465.831194;
1.073573;445.059597;
1.097392;444.822171;
1.048684;426.856268;
1.062789;433.061352;
1.149940;458.140032;
1.139554;460.630422;
1.125422;454.386721;
1.107246;443.988946;
1.155416;472.626719;
1.099475;437.255077;
1.077559;435.308530;
1.080316;442.386224;
1.095153;447.787966;
1.204446;485.670232;
1.058797;431.498667;
1.085670;442.162492;
1.084526;448.084458;
1.091900;442.475582;
1.039900;420.382644;
1.058723;428.270933;
1.110104;452.633174;
1.082878;441.723347;
1.042211;426.892955;
1.086649;446.070746;
1.192309;479.570111;
1.054008;431.486931;
1.088364;435.556154;
1.141019;469.703686;
1.076966;437.480285;
1.061368;431.662889;
1.094948;444.242076;
1.225963;498.769318;
1.155224;463.139706;
1.099929;447.605454;
1.058707;425.838605;
1.197117;484.732511;
1.060311;433.729395;
1.170468;481.116487;
1.148839;461.418035;
1.094565;443.058565;
1.099594;451.544537;
1.102618;448.753906;
1.075726;435.037137;
1.066504;435.623209;
1.047071;424.761671;
1.093394;446.602489;
1.085280;439.197498;
1.136307;460.094078;
1.024345;414.854931;
1.154271;468.196457;
1.117825;455.351641;
1.130549;462.956652;
1.090064;448.916007;
1.042204;421.433048;
1.130023;455.449751;
1.139509;466.646613;
1.056080;429.893692;
1.126678;462.416364;
1.127737;457.763054;
1.140499;462.503277;
1.152510;463.463060;
1.155380;465.321161;
1.101575;451.476824;
1.161803;475.780706;
1.064365;425.990864;
1.088691;443.307982;
1.165500;469.314280;
1.098682;439.232688;
1.046308;425.061332;
1.153220;468.218453;
1.125231;460.909259;
1.150013;467.181475;
1.032306;416.554862;
1.064800;434.698105;
1.056409;425.299544;
1.132460;463.162794;
1.209098;496.463059;
1.096487;442.974876;
1.156332;468.025686;
1.160950;475.225866;
1.070000;434.344162;
1.170649;474.874845;
1.067973;430.917851;
1.095162;445.438290;
1.125580;465.522498;
1.128600;462.997067;
1.099358;452.436713;
1.056850;429.681363;
1.109835;451.280186;
1.047574;427.830194;
1.102142;445.864193;
1.128351;453.366067;
1.176906;478.970613;
1.188520;479.519580;
1.063479;432.468182;
1.163023;466.611450;
1.107922;447.462498;
1.094673;444.101532;
1.145299;463.174648;
1.132977;463.754207;
1.090974;444.888625;
1.102391;447.038569;
1.165238;475.762389;
1.151203;465.262290;
1.114982;453.949814;
1.103644;449.738932;
1.045363;426.580896;
1.160407;470.022925;
1.023051;417.752622;
1.140580;461.550504;
1.073496;434.983393;
1.169496;468.482083;
1.106078;440.600250;
1.127048;448.842004;
1.154237;467.566384;
1.158975;468.428044;
1.062171;436.386694;
1.067678;432.659543;
1.069545;435.402978;
1.151800;465.901135;
1.109227;448.881549;
1.094926;444.827400;
1.114648;449.090507;
1.162679;469.133839;
1.197105;487.636730;
1.124740;461.796435;
1.228107;498.813223;
1.112202;456.890244;
1.044173;425.717183;
1.169456;474.736783;
1.062456;433.398553;
1.142955;465.586029;
1.176206;479.823285;
1.013432;417.003789;
1.101871;450.977773;
1.087647;444.479868;
1.046893;426.417762;
1.147560;466.130505;
1.129077;460.336569;
1.092064;445.637728;
1.159427;464.737212;
1.084493;449.056591;
1.115545;453.513828;
1.129491;459.752991;
1.150641;460.095512;
1.156618;466.108641;
1.089633;441.276162;
1.036900;417.624455;
1.131459;458.038016;
1.139889;463.641353;
1.115857;456.837171;
1.052447;425.111379;
1.103984;446.322761;
1.138056;465.018259;
1.152374;473.010786;
1.130940;460.329815;
1.090853;448.148905;
1.054099;429.809595;
1.166040;475.429099;
1.144185;465.120336;
1.169493;477.236458;
1.174846;477.969293;
1.095548;446.769247;
1.101947;447.827878;
1.074090;441.049362;
1.128513;463.090827;
1.086022;435.743601;
1.110687;455.947749;
1.063902;435.262864;
1.078733;443.841417;
1.071979;438.188166;
1.193829;493.013376;
1.077536;432.192719;
1.107241;454.744450;
1.157042;472.615562;
1.091486;445.583886;
1.200999;497.824426;
1.084397;444.350605;
1.111346;451.656407;
1.111853;451.638323;
1.143013;462.675820;
1.039266;427.911119;
1.030639;415.134162;
1.146358;475.760836;
1.083362;438.948896;
1.101368;448.222132;
1.089763;443.666013;
1.148130;461.646820;
1.075022;441.490266;
1.091773;450.806423;
1.103393;443.847379;
1.083414;438.185834;
1.044573;424.160892;
1.182781;485.924752;
1.129779;460.954624;
1.105792;441.935572;
1.118197;444.476595;
1.056471;430.161974;
1.134174;456.083031;
1.192859;487.094776;
1.075779;440.208117;
1.039167;423.575525;
1.165215;474.359433;
1.023165;411.585593;
1.116254;454.181238;
1.066121;437.675093;
1.143190;464.719087;
1.134204;467.527028;
1.126335;460.707830;
1.096196;445.221446;
1.098666;438.245816;
1.126984;455.632230;
1.124234;449.867857;
1.100107;438.187175;
1.034519;412.874656;
1.153141;460.228976;
1.070241;430.264120;
1.119759;448.595851;
1.037520;415.903368;
1.156752;468.924514;
1.120256;454.274662;
1.059327;435.153194;
1.146876;470.699123;
1.104177;453.273933;
1.090172;441.976524;
1.145462;469.072304;
1.130609;456.299075;
1.095389;450.871557;
1.108024;451.349949;
1.094610;440.561710;
1.167436;480.024777;
1.088436;441.352557;
1.109351;449.398183;
1.122122;453.037006;
1.106858;451.351655;
1.086316;442.569616;
1.126185;459.580704;
1.026681;418.162353;
1.186821;478.597602;
1.074636;434.844194;
1.114621;452.796913;
1.066943;437.937822;
1.080787;433.202450;
1.051583;426.779018;
1.032821;423.211473;
1.097930;446.041666;
1.149907;463.882749;
1.156972;471.200352;
1.164805;474.118636;
1.059565;432.957014;
1.118227;454.641978;
1.119063;451.248005;
1.043593;429.743189;
1.057324;431.748298;
1.121105;450.957172;
1.018283;415.675593;
1.102235;444.908849;
1.076564;440.154873;
1.127296;453.388936;
1.066821;436.261897;
1.115896;452.657373;
1.094648;446.699600;
1.154512;473.909431;
1.123667;453.644505;
1.044272;423.928963;
1.130892;458.780333;
1.103934;451.327153;
1.089100;443.727340;
1.099410;440.767293;
1.107520;455.982779;
1.075604;434.679516;
1.097059;446.312475;
1.069703;438.967428;
1.175585;484.719953;
1.057760;425.436083;
1.100050;444.756599;
1.092614;435.991620;
1.143536;463.864593;
1.056472;429.608034;
1.170000;469.055442;
1.055388;425.791104;
1.069284;436.494570;
1.023742;414.804597;
1.098922;445.812425;
1.150335;470.185932;
1.122493;449.171324;
1.020052;411.814891;
1.159616;467.463781;
1.114282;451.688485;
1.123016;462.995630;
1.110545;454.107481;
1.056288;429.650409;
1.161685;472.386246;
1.120637;456.560390;
1.072454;437.068933;
1.040520;426.497216;
1.139825;460.941212;
1.099174;447.338152;
1.163266;474.627243;
1.099433;448.374593;
1.050067;425.239731;
1.132611;458.930126;
1.094497;441.047989;
1.137462;454.586315;
1.095260;441.958629;
1.102523;445.767506;
1.055878;418.956424;
1.073006;425.275035;
1.115376;449.698810;
1.147594;457.632371;
1.117621;442.559765;
1.093143;435.696666;
1.079966;434.762321;
1.097249;435.589387;
1.109258;449.348222;
1.160173;470.103100;
1.090710;439.353783;
1.127764;453.342361;
1.056936;427.398669;
1.147901;471.529618;
1.028224;419.913358;
1.111520;448.619743;
1.099630;449.789177;
1.161101;464.450399;
1.164690;473.643491;
1.084462;438.493467;
1.087045;436.577872;
1.086165;434.343604;
1.103087;448.918292;
1.134543;463.517246;
1.091286;447.300134;
1.101654;448.716663;
1.108629;453.279958;
1.115604;442.467568;
1.120977;449.857572;
1.104624;445.034151;
1.068740;434.312533;
1.081235;435.215206;
1.038493;425.027714;
1.179642;472.525240;
1.149656;467.807991;
1.148514;465.038868;
1.125897;455.494270;
1.112669;450.241254;
1.092385;447.509157;
1.058850;432.534255;
1.105700;453.983422;
1.060738;432.000532;
1.061600;432.435645;
1.159189;471.383175;
1.121858;463.021210;
1.096768;450.808462;
1.079132;445.220234;
1.052406;427.817841;
1.125614;464.586243;
1.170098;473.181441;
1.124518;461.060575;
1.163686;475.830254;
1.107077;455.008613;
1.149446;468.683900;
1.113692;457.889241;
1.147066;472.192759;
1.114495;453.821968;
1.056163;432.142115;
1.087151;440.088257;
1.103934;449.625844;
1.112823;454.014623;
1.094290;444.665385;
1.093123;448.270767;
1.045948;423.031570;
1.132560;468.842708;
1.107231;453.922602;
1.162985;470.569500;
1.022558;419.899556;
1.023733;414.405887;
1.115001;452.022853;
1.069514;438.712565;
1.056316;429.710175;
1.108460;449.769334;
1.084089;438.541381;
1.134671;463.538458;
1.059571;435.029547;
1.141940;463.471320;
1.118015;451.465878;
1.133547;451.191346;
1.052860;422.784086;
1.043129;423.745276;
1.061629;430.119285;
1.092119;444.450170;
1.121227;458.362739;
1.087216;435.914210;
1.170472;480.292830;
1.009340;407.393870;
1.112403;453.739029;
1.100557;445.548458;
1.096601;444.516302;
1.020232;419.659215;
1.087458;440.877779;
1.219860;493.429487;
1.117368;452.253286;
1.114233;457.169359;
1.105549;441.303062;
1.050350;428.450836;
1.116222;452.964386;
1.140560;462.584813;
1.067693;434.063377;
1.251481;510.424825;
1.126064;461.201123;
1.124122;461.333540;
1.131992;457.980609;
1.073333;441.400217;
1.044876;424.643869;
1.155187;462.016160;
1.097317;447.008221;
1.124848;454.263465;
1.105072;450.004516;
1.116891;458.044346;
1.047390;430.363588;
1.118880;462.422203;
1.112609;455.193383;
1.103803;448.678948;
1.032311;414.997930;
1.093784;446.812308;
1.139243;459.972638;
1.096402;443.279352;
1.113981;451.454203;
1.121983;455.090584;
1.116285;453.681255;
1.131636;460.994020;
1.047090;430.638878;
W1;O:0.000208;R:184.907967
1.173640;481.002011;
1.098967;449.346838;
1.046468;448.165583;
1.102319;467.019697;
W2;O:0.000225;R:185.180862
W3;O:0.000205;R:185.337736
1.040006;450.303822;
1.074854;470.065112;
W4;O:0.000216;R:185.846631
W5;O:0.000204;R:186.201285
