1.000420;434.133777;
1.000724;444.275306;
1.012742;441.504012;
1.068523;472.443962;
1.301733;540.119304;
1.320084;575.116148;
1.027665;410.163784;
1.100639;464.303796;
0.797238;331.954133;
1.172383;457.973676;
1.037851;418.280684;
1.294018;508.335434;
1.159486;480.691269;
1.080747;442.871960;
0.985504;390.254387;
1.191141;493.191249;
1.367339;532.690395;
1.182560;491.816031;
1.090078;429.597883;
1.210280;497.076457;
1.058136;437.789864;
1.180313;482.787517;
1.322263;539.912823;
1.333044;543.412032;
0.913280;382.021794;
0.946976;388.527009;
1.134101;447.835041;
1.082051;438.414896;
1.313838;547.117201;
0.981962;407.371190;
1.142820;459.468147;
1.116487;460.345869;
0.853200;359.148523;
1.071980;442.998062;
1.234244;487.769104;
1.237731;496.247372;
0.899753;374.698156;
1.128225;458.235455;
1.278571;512.026043;
1.163831;481.100957;
1.049464;405.429432;
1.108311;451.237676;
1.125542;457.424691;
1.251938;529.132865;
1.149296;478.906154;
1.125491;461.983144;
0.978137;403.097326;
1.262356;516.897240;
1.078945;444.172715;
0.806307;329.575807;
1.059625;450.097366;
1.002807;413.313942;
1.155260;476.584427;
0.836851;333.503833;
0.947882;394.528676;
1.560304;633.940504;
0.959441;366.075075;
1.155051;470.361528;
1.087051;459.374419;
1.253125;503.421112;
1.053448;430.042888;
0.981651;386.852427;
1.131671;448.969998;
1.273891;529.325371;
1.041782;435.686832;
1.250018;519.967016;
1.244916;505.507497;
1.112219;440.168385;
1.031952;418.275127;
0.968479;384.206710;
1.006173;404.361793;
1.148497;483.193617;
1.211756;502.496885;
0.922035;373.585831;
0.984543;400.119345;
1.027474;424.847417;
1.114813;450.596614;
0.973684;403.771653;
1.177827;485.777934;
0.939405;390.777265;
1.082003;436.391723;
0.968081;382.076017;
0.948246;398.900553;
1.071665;442.516155;
1.441448;577.203004;
1.089382;442.625060;
1.142558;459.224676;
1.050349;426.052513;
1.241936;510.789689;
1.153908;454.691830;
1.216904;497.124695;
1.148369;467.257481;
1.070784;452.143748;
1.039974;415.376786;
0.997421;416.824101;
1.155511;474.437596;
0.897287;361.425302;
1.134542;476.480993;
0.941750;373.476566;
1.302207;534.134818;
1.355010;544.893190;
1.327821;528.883144;
1.117258;462.240240;
0.846228;352.414251;
1.151666;477.455244;
1.109244;434.277286;
1.121204;447.877628;
1.166137;485.607629;
1.035079;425.353317;
1.094329;441.639304;
1.350683;557.311449;
1.371802;563.550192;
1.058194;421.819250;
1.238987;519.680012;
1.038201;437.807009;
1.061892;436.519460;
1.175239;501.130843;
1.170115;478.124565;
1.269266;538.130704;
1.423880;582.555721;
0.909652;365.815403;
1.356134;558.030573;
0.987190;395.770625;
1.094013;453.119216;
1.064526;443.298625;
1.148225;461.445332;
1.184016;476.912245;
1.157061;492.145038;
1.198736;484.131345;
0.921318;383.248798;
1.147630;474.353803;
1.013469;401.663948;
1.072671;444.644856;
0.823558;331.133527;
1.176490;486.791027;
0.959264;393.859338;
1.264911;514.917238;
1.132338;464.057731;
1.187577;489.591768;
1.119732;466.067678;
1.173717;480.801302;
1.108321;442.992860;
1.248849;506.219296;
0.994352;409.945217;
1.078745;441.071034;
1.080423;444.467724;
1.107789;460.205197;
1.141620;469.552369;
1.128179;462.573804;
0.994567;408.264531;
1.210688;502.259869;
1.165100;469.934886;
1.102087;448.270840;
0.996434;398.951594;
1.263934;538.631474;
1.010547;417.160175;
1.100862;448.647767;
0.995054;386.334742;
0.879444;357.034096;
0.824096;348.784937;
1.054868;429.066371;
1.105644;462.113227;
1.044183;428.013472;
1.071355;450.214012;
1.240593;519.556524;
0.788725;322.415317;
1.096223;427.698989;
1.075305;441.288753;
1.226109;486.342448;
1.039201;424.974531;
0.871641;350.762509;
0.880990;372.404245;
1.000526;406.164310;
1.137989;460.589041;
1.395414;572.046836;
1.045686;410.172586;
1.024010;424.778001;
1.110221;457.133984;
1.055798;418.930923;
1.056427;441.758321;
1.197939;487.935658;
0.820292;339.226455;
1.135118;450.283224;
1.070471;441.662045;
0.938938;383.110910;
0.923148;384.042727;
1.108013;441.836802;
1.288346;529.167211;
1.204974;476.392635;
1.100153;457.622027;
1.194312;485.846577;
1.061484;436.490584;
0.999041;413.071424;
0.980228;396.160607;
0.956942;396.309470;
0.994615;391.538772;
0.808941;326.775652;
1.053638;436.231649;
0.902359;379.122527;
0.991712;419.946347;
1.343406;523.145146;
1.138454;470.331486;
1.107544;455.032142;
1.362522;562.329109;
1.130269;474.861844;
0.942181;391.624914;
1.141446;456.872152;
1.219194;503.616325;
1.043634;429.643016;
1.148919;472.304575;
1.151429;445.946874;
1.340235;571.366428;
1.093444;436.605848;
1.235191;522.296374;
1.310919;524.746919;
1.202321;497.292289;
1.144956;482.360981;
1.124025;453.836023;
0.818928;344.364886;
1.442557;595.522239;
1.230268;494.415261;
1.123150;464.491280;
1.174103;468.228044;
0.958516;399.530747;
1.167330;485.231592;
1.259976;506.975243;
1.193152;480.381780;
0.834978;332.104126;
0.986614;406.698141;
1.179523;459.223173;
1.334699;506.105988;
1.254594;498.661656;
1.317533;554.090842;
1.139972;453.290923;
1.022064;424.890391;
1.269176;528.171802;
1.068706;433.302854;
1.097898;453.830156;
0.928075;380.922070;
0.994037;396.177320;
0.880362;354.194247;
1.109628;432.789621;
1.231248;471.482963;
0.971944;388.699188;
1.206730;498.655999;
1.063080;445.799440;
1.025452;416.884949;
1.147712;465.053952;
1.226522;513.910021;
1.132778;452.832439;
1.002600;417.127003;
1.253316;493.889383;
0.908885;380.610747;
0.982599;392.887060;
1.214505;499.542738;
1.117551;441.064909;
1.297805;550.675741;
1.142616;451.078471;
1.083458;421.966979;
0.969303;389.327217;
0.898146;363.444784;
1.075960;449.305658;
0.972157;398.012768;
1.072769;443.431503;
1.203196;495.583076;
1.035568;435.446471;
1.252790;525.436274;
1.006788;411.461829;
1.384873;566.197249;
1.152309;475.756741;
1.370629;545.675927;
1.213230;492.412298;
0.992050;407.419530;
1.062654;410.720623;
0.986364;406.791513;
0.946450;385.312144;
1.234718;488.569007;
1.216807;461.234033;
1.350307;529.572325;
1.300066;536.374603;
1.248638;506.064015;
1.028930;399.250724;
0.777919;312.136848;
0.990903;411.101135;
1.259457;504.274409;
1.368922;558.215494;
1.267829;520.777859;
0.756681;291.851824;
1.312208;536.929285;
0.907180;377.954956;
1.055870;411.172531;
0.969289;377.573185;
1.139038;466.954129;
0.876586;354.865408;
0.976206;367.180740;
1.190502;505.968194;
1.219187;486.904866;
1.057160;432.460968;
1.131397;475.020693;
0.998177;393.432188;
0.985241;396.302938;
1.545463;632.928154;
1.065076;423.621726;
1.040795;427.499503;
0.974375;403.226796;
1.269071;504.368385;
0.844272;342.676900;
1.057006;429.203184;
1.197453;487.122321;
1.083883;428.216180;
1.234275;497.912573;
1.077884;433.659219;
1.156448;469.393547;
1.070613;420.801702;
1.136672;457.671296;
0.949344;400.573059;
1.159376;480.372333;
1.024257;430.721889;
1.310663;528.232413;
1.005779;411.666217;
1.288229;509.358206;
1.124901;469.889117;
1.048658;428.080117;
1.306696;529.681091;
1.202135;472.987671;
1.272485;520.985830;
1.353750;549.014069;
1.141894;448.177287;
1.070136;430.808164;
1.219155;512.695250;
1.252551;465.798207;
1.056906;426.059651;
0.872138;356.246981;
1.134296;461.861264;
1.220043;494.969801;
0.851424;345.665428;
1.212809;487.508363;
1.128797;471.697965;
0.999000;402.146884;
1.156403;451.012611;
1.116227;445.037710;
1.252623;514.122229;
1.251684;486.282666;
0.984163;409.764505;
0.898197;374.253571;
1.046847;440.056466;
1.246716;498.725116;
1.264479;516.051990;
1.011870;425.503062;
0.928535;384.679117;
0.864364;342.908438;
1.052628;433.477981;
1.141840;463.311459;
1.098411;439.560307;
1.113508;443.417409;
0.985233;409.475652;
1.164897;476.855375;
1.533993;615.934912;
1.112437;453.131845;
1.149220;476.022298;
1.199485;490.331179;
1.173758;486.038907;
1.301816;515.601853;
1.112787;471.257931;
1.065878;419.254788;
1.090257;445.674485;
1.147588;465.056367;
1.005513;410.705411;
0.964623;376.463268;
1.242907;503.619059;
1.064024;429.802899;
1.330105;518.701016;
0.947735;366.729092;
1.021498;414.632133;
1.032588;440.286066;
0.953807;385.873527;
1.027763;398.976916;
1.015674;397.667228;
1.349432;546.919781;
0.853333;359.157643;
1.137398;447.440247;
1.499688;618.542915;
1.052503;425.467759;
1.382499;578.769189;
1.030269;433.256654;
1.028186;419.849559;
1.094751;454.018319;
0.958091;389.770631;
1.112135;454.398339;
1.300681;541.617948;
1.061038;440.041349;
0.985684;408.315823;
1.067476;442.629447;
1.059361;428.033118;
1.265603;502.235344;
1.051986;443.679070;
1.004969;419.892442;
1.354921;539.158892;
1.425493;576.188339;
1.111339;446.437785;
1.073947;418.024389;
1.230927;503.533704;
1.106673;422.257254;
1.039560;429.571142;
1.106163;446.348173;
1.109641;427.679007;
0.998180;386.688090;
1.151627;435.196086;
1.071651;437.958788;
1.048392;422.568671;
1.432328;587.281934;
1.130755;462.286899;
1.021942;419.449064;
1.045272;410.656197;
1.033922;406.750450;
1.174340;462.480709;
0.968418;408.111620;
1.000698;387.253980;
1.213790;502.937856;
1.282827;519.286108;
0.877983;365.187765;
1.185688;481.189185;
0.915451;375.865433;
1.158376;470.150985;
1.087942;447.386756;
1.056196;434.048455;
1.165822;469.192223;
1.083454;447.974917;
1.088634;449.270918;
1.112193;449.325401;
1.112131;458.525955;
1.149809;475.276154;
1.209383;500.336482;
1.180084;496.232661;
1.346190;563.178452;
1.202298;502.743733;
1.475905;600.489102;
1.182158;499.274097;
1.056647;453.393207;
1.028862;403.182221;
1.174207;479.158085;
1.118097;456.621502;
1.239121;496.907120;
1.275929;536.170368;
1.442691;575.522340;
1.082418;460.693768;
1.200045;510.189481;
1.027983;425.373244;
1.146250;465.533288;
1.123722;461.906168;
1.001945;431.442520;
1.046041;431.765883;
1.084563;444.195776;
0.977703;401.587575;
0.927848;388.852626;
1.001109;392.479796;
1.147491;463.599147;
1.050327;423.998376;
1.219227;494.308728;
0.976162;377.982139;
0.890202;359.150426;
0.941946;387.267275;
1.108318;442.084677;
0.973359;384.856229;
0.911666;376.300630;
0.930656;379.210339;
1.196708;503.564838;
1.197968;504.522243;
1.102355;455.917484;
1.276390;525.819984;
1.180275;468.525066;
1.104320;450.449836;
1.007292;404.441569;
1.000959;394.364584;
0.778090;326.506864;
1.351933;536.283919;
1.250191;484.105875;
1.079730;434.436795;
0.968319;405.728393;
1.224261;491.842599;
1.001090;433.533583;
1.070443;423.004640;
1.053666;435.350716;
1.159098;480.962964;
1.164965;439.489790;
0.905669;379.077169;
1.150724;466.960602;
1.053305;410.471547;
0.919455;376.004957;
1.031587;420.264664;
0.895221;348.919054;
0.831836;350.725484;
1.086985;446.951309;
1.099746;440.212762;
1.236756;503.022111;
1.507715;619.852883;
1.093122;433.258856;
0.862412;359.633096;
1.054086;422.130260;
1.226713;492.458705;
1.133062;470.239660;
0.972501;406.461152;
1.256366;523.722801;
1.081248;427.919093;
0.821376;338.901370;
0.958096;385.521864;
1.145802;465.184321;
1.107139;459.092326;
1.110622;457.278319;
1.166579;470.929175;
1.057279;432.608170;
1.140436;471.208645;
1.205945;453.043026;
1.120558;447.342229;
1.264514;512.609929;
1.235449;493.713696;
1.002110;406.276791;
1.087361;461.389962;
1.055468;449.144188;
1.384256;592.184699;
1.167240;491.020113;
1.331193;520.589238;
1.051903;426.086705;
1.072889;419.340034;
0.935073;370.150063;
1.169738;463.759070;
1.054815;421.149852;
1.113871;433.027838;
1.201006;502.806143;
1.222157;512.913729;
1.157231;474.654083;
1.107975;444.241613;
1.313437;523.273399;
1.015800;404.902013;
1.080324;426.170543;
0.980939;399.759701;
1.040049;431.704622;
0.953480;388.014879;
1.118840;449.980379;
1.117176;445.449558;
0.918183;378.509646;
1.133509;458.575406;
0.978291;408.487548;
1.206462;475.803772;
0.946366;399.259294;
1.453737;614.173025;
1.392469;536.047676;
1.077061;450.466428;
1.313059;533.717935;
1.042947;415.457799;
0.967431;376.257270;
0.835629;340.146190;
1.227888;509.069263;
1.220399;506.703726;
1.053218;445.538433;
1.209807;499.257750;
0.982238;404.656470;
1.137192;467.159620;
1.116705;463.126651;
1.086824;454.054682;
1.028779;409.329958;
1.159956;469.935599;
1.098703;465.857337;
0.835661;341.105384;
1.232229;506.802903;
1.346449;559.896216;
1.013921;405.662462;
1.024465;423.958398;
1.275918;533.969555;
0.871100;353.883855;
1.141813;454.226303;
1.350116;545.275235;
1.242919;457.753241;
1.412980;540.406145;
1.168138;472.387387;
1.339555;532.732166;
1.315307;516.997606;
1.255823;482.201657;
1.090013;447.794554;
1.109223;454.219747;
1.202612;493.948257;
1.044707;407.282976;
0.939095;390.525881;
1.166173;481.059643;
1.183223;461.992435;
1.187926;476.775519;
1.093127;421.424285;
1.149439;454.794141;
1.309489;549.354684;
1.095968;434.464127;
0.949247;386.329311;
1.025428;433.304942;
1.111240;441.149020;
1.207885;488.545227;
1.138823;464.751521;
1.099778;438.037015;
0.933619;385.687444;
1.201076;476.782524;
1.203086;459.832219;
1.434658;594.074359;
1.425090;581.749276;
1.249208;498.255689;
0.915158;362.319878;
1.107855;457.848427;
1.061315;426.070970;
1.064442;430.767241;
1.233658;485.686656;
0.956171;370.494366;
1.186164;501.933883;
1.213849;486.009796;
1.020772;405.287476;
0.973113;401.311177;
0.899853;363.981914;
1.262558;524.713948;
0.786433;328.885489;
1.168890;473.916510;
0.888349;369.753198;
1.092641;462.513224;
1.126033;451.821959;
1.447287;578.129468;
1.052125;430.002284;
0.961189;401.010098;
1.323515;544.969312;
0.826047;339.317270;
0.834023;334.982935;
1.160627;478.653266;
1.138337;461.411898;
1.298724;536.899300;
1.048044;421.036731;
1.233537;499.061300;
1.032915;420.502357;
0.927192;382.982149;
1.051464;416.789075;
1.080912;457.410586;
0.970588;392.864460;
0.998477;404.903820;
1.085618;447.774804;
1.347037;571.079609;
1.113973;438.192995;
1.124385;461.702421;
0.894281;360.473795;
1.269357;503.410889;
1.110397;449.808360;
1.204286;491.476305;
1.085155;459.230952;
1.243287;500.441431;
1.231016;490.449372;
1.358176;554.905759;
1.124513;463.634137;
0.931938;374.461990;
1.241912;504.856513;
1.260344;503.355512;
0.842225;352.268452;
0.963371;409.129558;
0.797804;325.995991;
1.334836;543.213870;
1.015427;419.552795;
1.012936;405.337050;
0.871248;372.278311;
1.332655;553.542952;
1.091130;432.082603;
1.200470;477.071928;
1.084381;432.499621;
0.927908;374.250302;
1.163537;469.170828;
1.179264;474.058615;
1.271361;508.375962;
1.164484;471.896481;
1.065355;426.916994;
1.046144;428.048675;
1.098847;454.241485;
1.180958;496.554415;
1.084516;432.795711;
1.038987;426.487890;
1.011165;406.354440;
0.894399;347.181980;
0.982136;399.457617;
1.422308;590.699210;
1.150670;464.672334;
1.137836;457.447996;
1.281857;523.670909;
1.117390;440.288153;
0.969431;403.278466;
0.946010;370.524118;
0.794023;313.658173;
0.931324;369.378841;
1.046930;396.753239;
1.035721;411.703549;
1.160511;467.178815;
1.148753;479.335719;
1.173110;455.076912;
1.261334;500.082625;
1.156023;449.599987;
1.217536;485.590521;
0.997020;404.222166;
0.967982;381.580016;
0.924965;373.093813;
0.925449;370.310955;
1.040034;438.426366;
0.902888;346.580240;
1.280785;492.161228;
1.144437;460.940683;
1.147889;457.194145;
1.151515;465.218069;
1.631101;673.042789;
1.084991;429.122492;
1.173770;452.270992;
1.032399;421.062408;
0.859254;327.410737;
1.312419;534.106024;
1.214371;493.942168;
1.116314;456.265281;
0.987701;401.432153;
1.115084;469.890181;
0.970156;398.260545;
0.940521;394.743441;
0.983826;393.227401;
0.989139;409.808270;
1.104744;442.689430;
1.138070;437.980917;
0.802372;334.615043;
1.032818;427.101103;
1.244599;513.305218;
0.896781;340.656911;
1.111730;451.844663;
1.053673;424.859187;
1.390927;577.970789;
1.312725;547.791714;
0.803569;324.367278;
1.121833;457.494430;
1.201552;503.442255;
0.913804;367.123372;
1.029792;418.275455;
1.034454;411.874754;
0.997963;382.001593;
1.224893;509.354778;
0.980325;401.102456;
0.942256;381.606305;
0.995021;400.363291;
1.174081;463.574252;
1.150347;470.273874;
1.327683;548.239335;
0.980429;403.619783;
1.323609;554.967097;
0.830111;343.185493;
1.279095;508.240629;
1.152412;446.293113;
1.230514;484.657079;
1.171733;465.531289;
0.946468;376.073465;
1.095063;464.459632;
1.159332;479.363381;
1.235232;486.189662;
0.959331;389.639110;
0.994758;403.378968;
1.027704;390.388188;
1.165934;470.835257;
1.301795;532.109937;
1.144975;492.941976;
1.076453;446.975432;
0.930579;382.382914;
1.354367;574.093656;
0.967240;381.417124;
1.009970;419.449495;
1.305071;553.071374;
1.493008;622.490850;
1.307278;550.227913;
1.062320;426.863781;
1.021969;424.994267;
0.923010;380.868754;
0.896083;363.263326;
1.167321;478.298128;
0.908580;365.572428;
1.159719;471.578643;
1.081479;428.941007;
1.002185;400.388753;
1.049772;433.703146;
1.090772;450.878429;
0.938288;383.250508;
0.895021;376.001466;
1.151061;463.029347;
0.995412;399.057237;
1.219481;496.437714;
1.147188;455.538409;
1.354656;539.809392;
0.924969;353.734011;
1.234669;511.314708;
1.233677;488.530761;
1.114294;443.158878;
1.016473;417.225023;
1.234694;469.408254;
0.778739;313.613969;
1.030486;402.849425;
1.385313;542.038313;
1.043143;410.678297;
1.311434;515.245630;
1.017903;421.124764;
1.256035;523.831165;
1.224089;491.756657;
1.274581;516.796495;
1.150669;465.961577;
1.172910;471.986663;
0.913116;362.117031;
0.920209;376.049882;
1.373367;548.070649;
1.131667;454.875432;
1.248178;511.507000;
1.208121;489.468117;
1.102302;435.294359;
1.190365;488.856896;
0.858736;352.432181;
0.924748;387.008520;
0.978560;402.731820;
1.416281;559.587875;
1.138670;463.241949;
0.952141;379.846281;
1.354594;542.489020;
1.130450;448.960577;
1.051266;404.546804;
1.087739;427.349148;
0.884436;370.395169;
1.144839;468.168690;
0.945770;376.379783;
1.353218;552.321089;
1.043596;431.803943;
1.092308;454.166908;
1.008034;414.116942;
1.125016;458.858087;
0.968669;387.021305;
1.087341;424.298114;
1.075214;434.460079;
1.408005;574.623833;
0.988456;401.264913;
1.190766;475.375111;
1.022255;426.670638;
1.247784;515.143439;
0.869203;346.727046;
1.177519;470.809739;
0.968109;402.197028;
1.158729;477.234821;
0.969772;403.617540;
0.991001;410.535625;
0.920552;365.520385;
1.291091;499.142506;
1.037853;414.051046;
1.159991;466.705200;
1.191706;491.919769;
1.337706;547.523081;
1.065063;443.274283;
1.022093;416.580552;
0.862439;354.536195;
1.375631;559.475905;
1.129453;445.460335;
1.102587;451.797852;
1.105279;442.272732;
1.187576;477.801619;
1.046665;438.327823;
0.873283;346.302012;
1.120511;463.907091;
1.086525;433.807027;
0.919709;365.902655;
0.914516;378.928839;
1.167242;472.631682;
1.006326;409.303078;
1.053919;423.792921;
1.174317;479.627148;
1.210385;493.524711;
1.185435;516.007561;
0.999279;399.815434;
1.105872;435.123969;
1.156090;483.443117;
1.211845;487.180882;
1.053109;422.117606;
1.173270;467.991215;
1.364610;545.848166;
1.190618;475.918769;
1.183127;457.698887;
0.960964;383.507741;
1.095739;437.010496;
1.119926;440.429621;
1.054452;435.881774;
1.027441;410.494425;
1.209666;478.338673;
1.143930;482.529486;
1.156579;466.457439;
1.350285;563.761688;
0.883652;345.004810;
1.036763;417.522101;
1.002911;402.625047;
1.153404;465.005877;
1.206344;487.674127;
1.432871;590.133973;
1.005157;401.324921;
1.098178;466.791324;
1.129389;452.509392;
1.038705;405.247167;
1.416168;587.532063;
1.350621;555.775939;
0.990633;380.762146;
0.911998;375.970268;
1.209090;475.110755;
1.258794;508.980732;
1.108423;440.701004;
1.095683;451.115507;
1.285062;514.392824;
1.166885;477.412144;
0.955593;387.716876;
0.914465;367.824583;
1.312900;542.107823;
0.954619;403.266804;
1.267805;517.036586;
1.244885;496.693635;
1.244147;501.298513;
1.276311;516.173284;
1.088611;451.789691;
1.079727;427.316435;
1.077906;433.710314;
1.339447;544.500434;
1.480205;578.197932;
1.121966;439.968144;
0.920974;375.073053;
1.029226;401.609548;
1.088205;450.557136;
1.168612;477.625800;
1.260200;514.668841;
1.113751;460.707127;
1.210321;484.418501;
0.812929;317.858032;
1.359608;547.588554;
0.968464;396.878239;
1.036795;413.129665;
1.079984;442.564179;
0.996135;409.011032;
0.984351;404.699387;
1.411030;592.909771;
1.220451;510.773232;
1.094875;426.803561;
1.164314;489.617473;
1.034701;412.103993;
1.227557;497.741327;
1.132360;442.257884;
1.240665;499.183159;
1.230408;514.129663;
1.197026;484.449181;
1.269296;510.924481;
1.166762;477.263544;
1.134489;461.496977;
1.165145;446.902811;
1.191047;481.779372;
1.327041;558.268932;
1.221432;496.286492;
1.265060;509.929187;
1.159916;462.096771;
1.060363;438.236068;
0.768165;314.204453;
1.054365;427.003436;
1.111801;469.740560;
1.304146;495.058437;
1.263592;515.599353;
1.112172;448.033010;
1.104490;436.675446;
1.037274;428.346155;
1.011532;411.633776;
0.858224;344.635301;
1.128931;447.758029;
0.954903;392.365523;
1.028671;418.717600;
0.978158;393.860350;
1.174178;484.165597;
1.082433;452.538131;
1.351501;548.609413;
0.829885;328.884281;
1.353787;540.386908;
1.272387;520.541445;
1.403005;575.270494;
1.194528;482.398835;
1.385792;556.098584;
1.068678;460.191780;
0.896148;371.986362;
0.876852;354.269705;
1.208697;480.085975;
1.550279;668.059497;
0.961519;393.770052;
1.549423;626.560574;
1.150781;483.404681;
1.297543;536.390221;
1.321104;530.140975;
0.874049;361.366464;
0.971872;375.377722;
0.952251;383.380722;
1.296670;546.902063;
1.114448;460.190486;
0.887033;372.510999;
1.471160;609.842558;
0.986760;406.637870;
1.178512;477.811881;
0.806193;324.501917;
1.121960;454.986404;
1.326618;540.448720;
1.225941;481.167094;
1.115239;434.562827;
1.210719;518.484175;
1.436038;579.178303;
1.064118;431.791178;
1.129388;461.971588;
1.009655;408.178768;
1.587862;649.266152;
1.116935;457.833629;
1.308835;530.760796;
1.302362;529.476336;
1.145342;459.001154;
0.916355;371.460384;
0.985478;412.808183;
1.190264;478.645476;
1.145474;453.104057;
1.229633;485.188993;
1.157964;448.969703;
1.039343;401.344413;
0.951969;388.598398;
1.333899;551.777037;
1.150841;456.569749;
1.145068;475.459587;
0.993457;400.824023;
1.041094;414.680947;
0.968941;401.901006;
1.283639;529.301849;
1.173767;451.931727;
1.143149;434.049414;
1.182737;486.506245;
1.069376;433.002869;
1.089893;445.723064;
1.363678;529.247477;
1.321985;549.540421;
1.075053;451.639540;
0.975867;404.386514;
1.042936;428.930425;
0.946670;385.609475;
1.254830;506.945622;
1.041336;436.947412;
1.317496;526.759653;
1.016034;403.705582;
1.070972;449.553287;
1.128797;466.784270;
1.326065;534.135932;
1.240692;477.135284;
1.077878;433.677578;
1.098208;429.002956;
1.029159;413.370177;
1.086251;428.964781;
1.155027;463.033185;
1.073774;412.692202;
1.235196;497.893947;
0.975121;396.783687;
1.024960;427.965621;
1.102337;453.480737;
0.901697;376.127133;
1.149506;464.335102;
1.125108;421.660940;
1.061006;442.280817;
1.096544;445.630416;
1.001539;397.354474;
1.322550;545.429315;
1.328338;518.980406;
0.844208;355.289746;
1.151957;452.519907;
0.984350;407.052031;
1.082567;449.771097;
1.072138;445.282824;
0.889756;368.544785;
1.173487;479.178279;
1.001553;423.181907;
1.167894;470.266626;
1.302996;535.926505;
1.245288;496.382889;
1.051784;413.192429;
0.973332;404.619377;
1.319875;518.913740;
0.952840;387.254843;
1.019153;417.360821;
1.319881;529.675256;
0.946215;393.031440;
0.935279;388.281443;
0.971557;405.180586;
0.974725;395.887456;
1.137337;449.708320;
1.080435;443.240084;
1.116059;458.960179;
1.079367;422.740155;
1.165758;474.163592;
1.065204;435.671223;
1.093990;436.947115;
1.192383;490.943469;
1.192642;498.598498;
1.177384;444.634295;
1.192122;494.761427;
1.150696;465.488313;
1.286210;531.290595;
1.119043;442.112911;
0.902957;372.083784;
1.434459;586.766984;
1.154710;459.845181;
1.169285;468.609418;
1.342922;521.268022;
1.316146;513.567735;
1.002539;388.246349;
1.069688;411.189068;
1.249889;517.704790;
1.278571;539.911070;
1.116871;456.429518;
0.986071;392.265985;
1.074564;438.948587;
1.175201;481.720517;
1.500269;589.778110;
1.081989;440.996224;
0.990016;406.199161;
1.112697;453.044492;
1.007572;406.658100;
1.085540;449.191606;
1.366211;567.048402;
1.112764;451.292804;
1.388363;522.994365;
0.941489;384.120999;
1.257670;495.037587;
1.090145;447.049635;
0.950335;391.891238;
1.120927;441.455277;
1.063638;428.644811;
0.781954;323.268812;
1.316113;516.065998;
1.050044;430.516735;
0.934826;381.885539;
1.164599;479.085106;
1.259535;517.884935;
1.303020;536.753290;
0.884918;354.312940;
0.986577;382.146123;
1.134445;446.342367;
1.015819;394.561004;
1.057765;419.170627;
1.224959;506.762973;
1.019516;419.669533;
0.799767;321.351957;
1.011170;424.393994;
1.005416;411.373240;
0.939463;396.909995;
1.326387;525.577597;
0.943261;364.686312;
1.142053;487.354924;
1.143492;489.064780;
1.129815;429.814471;
1.043756;420.163403;
1.056176;424.804923;
1.186659;457.160824;
1.047390;407.010107;
0.881636;376.896512;
1.144030;476.558523;
1.194443;500.576361;
1.136785;441.454655;
1.040476;402.887355;
1.153892;464.508078;
1.084227;433.786120;
0.989163;394.730226;
1.100902;442.277331;
1.164439;459.515228;
1.041636;418.201365;
1.177823;459.306633;
1.135303;470.406254;
1.272258;512.306233;
0.908962;374.246371;
1.241276;506.626760;
1.173740;472.995913;
0.994998;402.276609;
1.379547;572.830531;
1.213050;501.839183;
1.202752;494.747357;
0.935465;351.732788;
0.916731;359.690219;
1.021832;421.063818;
0.941919;368.313646;
0.963655;362.676738;
1.152073;440.376269;
1.017789;403.195819;
1.402469;577.601213;
1.082105;447.866167;
1.072688;431.038807;
1.366063;575.509665;
1.210525;504.769654;
0.934665;372.490015;
1.048538;419.517327;
1.099305;453.278491;
1.121236;450.283569;
1.069543;415.824850;
0.982666;403.383107;
1.302642;538.911959;
1.361387;528.810980;
1.315814;538.894803;
1.082616;450.906606;
1.242056;502.428261;
0.940976;380.808391;
1.106032;448.121396;
1.264953;512.926626;
1.269699;529.187233;
1.077649;423.755807;
1.055247;436.206161;
1.031062;426.840424;
1.131949;465.806868;
1.147535;458.655725;
0.916042;370.356537;
0.852937;349.433493;
1.278658;507.057068;
1.117860;445.224719;
1.015520;403.439923;
1.043425;409.735500;
1.091948;451.253108;
1.169012;483.466402;
0.975331;403.113053;
0.956317;377.747555;
0.883113;360.261937;
0.953469;391.240315;
0.878526;363.019524;
1.261063;510.128117;
1.207952;496.201330;
1.013467;411.653337;
1.067962;427.843452;
0.958939;389.370698;
1.060747;438.287099;
1.000387;411.888867;
1.108111;446.265282;
1.057384;427.697611;
1.083917;433.225349;
1.097447;446.200564;
0.986973;404.904187;
1.089422;448.995926;
1.156491;480.101315;
1.164894;469.960086;
1.223585;474.078368;
1.075835;448.725790;
1.195289;486.611912;
1.294556;527.386133;
1.491593;625.897770;
1.126394;455.666816;
1.027175;421.257553;
1.078269;411.397691;
1.110565;461.389594;
1.135805;457.828951;
1.076907;434.799979;
1.180408;473.709942;
1.179506;482.118262;
0.957950;385.786962;
1.134841;477.499324;
1.076153;433.424810;
1.068099;443.241893;
0.925247;368.110908;
0.985172;406.326952;
1.023149;383.492149;
0.894888;365.360241;
1.220397;494.093543;
1.387201;560.338453;
1.278143;527.276302;
0.802428;307.994265;
0.876034;360.421754;
1.062090;423.422938;
1.109816;460.562940;
1.454084;594.386965;
1.137951;472.086064;
1.110332;462.149282;
1.166964;476.820260;
1.141014;473.209502;
1.125631;466.558521;
1.107164;446.398206;
1.035495;421.776250;
1.021449;408.512152;
1.249007;506.217028;
1.443784;585.104275;
1.158506;459.342196;
1.075630;442.340144;
0.890722;366.257583;
1.295050;503.869585;
1.170747;479.392630;
1.009817;419.818892;
1.182888;492.715637;
1.049231;439.506904;
1.246312;481.993223;
1.161679;456.240264;
1.077631;454.138221;
0.893578;362.676197;
1.335674;540.950257;
1.054870;426.714985;
1.197040;476.591769;
1.070887;424.335991;
0.983376;398.153134;
1.205770;485.408921;
1.195384;492.234279;
1.014768;411.276467;
0.973650;384.715447;
1.011976;415.379060;
1.251098;498.022815;
1.198113;488.556192;
1.078133;438.492877;
1.186373;478.374224;
1.644800;615.683581;
1.036714;427.511619;
0.984963;405.595026;
0.961637;387.977100;
1.281083;521.043205;
1.079932;425.336160;
1.024181;423.194824;
1.226277;501.611640;
1.184381;486.698947;
1.022860;409.544204;
1.078290;453.197710;
1.124969;457.869564;
1.053309;433.798711;
1.029638;419.205506;
0.983688;410.277793;
1.005902;410.598456;
1.054866;437.220051;
0.896109;363.150986;
0.954853;376.273716;
0.940606;400.756320;
1.133196;456.510260;
1.067829;417.833630;
1.025013;417.356601;
1.197715;501.134458;
1.348592;566.811513;
1.018855;409.406369;
1.175715;461.242427;
0.892061;357.030267;
1.147066;463.813938;
1.059004;429.544399;
1.036520;434.018902;
0.830646;335.402799;
1.075932;448.351238;
0.916184;373.147412;
1.080628;431.824094;
1.050080;416.349889;
1.349183;525.123410;
1.147734;456.662366;
1.227351;496.160741;
1.054378;431.161149;
1.005776;404.278291;
1.110427;413.536515;
1.018742;396.595817;
0.946329;376.296760;
0.932826;381.926620;
1.456438;593.693652;
1.333544;513.772819;
0.947144;393.941041;
1.174916;468.633578;
0.886939;373.141120;
1.003072;417.753135;
1.335743;557.399422;
1.145270;448.613001;
1.182038;497.363975;
1.118512;452.763032;
1.009735;398.092441;
1.220652;486.024530;
1.040371;406.713963;
1.196790;476.764706;
1.089302;450.479169;
1.046092;435.011442;
1.306554;520.218116;
1.228315;479.276309;
0.996651;408.461921;
0.966545;377.284562;
1.194902;490.816418;
1.177813;476.227366;
0.968406;393.520448;
1.002719;408.119194;
1.231860;521.949841;
1.169890;478.722799;
1.066443;415.448323;
1.155776;473.883325;
1.267021;520.922387;
1.290190;514.669768;
0.984382;405.339109;
0.865783;342.186802;
1.177905;479.398752;
1.232185;495.380651;
1.030355;407.952531;
1.460434;568.374645;
1.282735;517.151163;
1.033842;409.935471;
1.085000;441.185198;
1.223694;481.299493;
1.103711;448.269062;
1.162162;459.807359;
1.167515;489.820378;
1.204269;489.839987;
1.120438;451.692589;
1.184251;489.415155;
1.125782;468.357801;
0.828159;327.502207;
1.011162;416.135245;
1.050033;436.706631;
0.884303;357.768119;
1.140923;470.146713;
1.028895;441.364732;
1.176121;502.863949;
1.057433;441.661024;
1.076366;443.775897;
1.261957;513.496206;
1.146796;446.783706;
1.329771;538.774881;
1.107461;439.567498;
1.372925;559.081962;
1.278330;512.496690;
1.076684;448.692389;
1.097242;443.991829;
0.892114;354.127893;
0.992514;398.625747;
1.198154;489.274613;
1.175814;469.031943;
1.021366;422.472112;
1.097927;440.341544;
1.124295;445.209786;
1.231934;501.693213;
1.134108;460.797905;
1.039862;419.527696;
1.055445;425.892949;
1.282701;518.024089;
1.282230;511.213964;
1.173853;474.600568;
0.952854;399.250196;
0.980580;392.758964;
1.138189;457.679880;
0.907799;375.622600;
0.921261;354.983236;
1.041940;439.955032;
0.971499;383.198293;
0.976500;376.976556;
1.082267;433.294694;
1.178090;464.485861;
1.066629;429.445384;
1.245248;487.788854;
1.029652;419.249943;
1.044680;422.280541;
1.208206;492.112218;
1.203033;485.502883;
1.118145;450.158926;
0.982346;391.545619;
0.927318;372.438658;
1.237998;491.265426;
0.912868;355.478776;
1.147024;472.165346;
1.195407;479.480834;
1.167788;480.739687;
1.049220;422.018694;
1.056453;420.434934;
1.224564;504.530632;
1.348607;542.306601;
1.553149;616.565320;
0.989659;404.960557;
0.973858;380.259725;
0.923106;377.333480;
1.250646;520.348138;
1.227812;507.195705;
0.981527;388.356073;
0.879465;361.324492;
1.131184;471.365067;
1.047859;411.903321;
1.190894;502.047848;
1.405053;573.470937;
1.031765;434.578335;
1.053080;437.286668;
1.305007;534.165328;
0.887587;350.062435;
1.118454;447.185990;
1.317579;533.198697;
0.946117;394.667811;
1.112341;455.999248;
1.086621;424.817020;
1.588405;652.840724;
1.039223;422.248408;
1.054761;435.972094;
0.856188;349.787766;
0.976241;379.852257;
0.965863;394.562658;
1.032205;415.033922;
1.344362;558.107319;
1.080995;438.848167;
1.243388;527.253675;
1.109018;444.031960;
1.117908;431.723907;
0.941861;384.465701;
1.059578;429.451933;
1.315096;538.814767;
1.462807;603.486424;
1.038704;401.414033;
1.100867;452.440937;
1.178384;484.650524;
0.987339;402.032962;
0.954854;381.769214;
1.054954;444.039191;
1.117693;451.617171;
1.062074;441.140260;
1.079204;443.762305;
1.184731;513.872939;
1.036631;411.030883;
0.933605;394.807192;
0.921602;359.653719;
0.911813;368.462637;
0.870836;348.093010;
1.018738;435.113328;
1.018240;419.939667;
1.159853;485.450000;
1.081937;434.391077;
1.059056;421.490186;
1.215032;498.357180;
1.066359;439.288216;
0.922460;366.543674;
0.928747;368.890237;
1.275205;532.259012;
1.164172;458.798466;
1.358197;544.974928;
1.269848;510.077264;
1.031462;418.786046;
1.090150;421.058441;
1.081255;442.004137;
1.074915;406.112251;
1.210579;499.797122;
1.277714;507.758656;
1.027058;415.477686;
0.872919;353.519598;
0.993163;385.620200;
1.048427;404.915505;
1.025152;417.688939;
1.121765;467.103355;
1.247094;515.247707;
1.175469;476.112504;
0.992848;399.616092;
1.185286;469.984212;
1.152986;474.645284;
1.167971;456.035239;
0.987352;420.270014;
1.155935;476.979082;
1.005104;400.128492;
1.455312;606.392633;
0.984564;387.136721;
1.012781;421.901941;
1.061068;433.207188;
1.321879;534.070682;
1.126635;453.083654;
1.291310;544.385849;
1.409231;577.149737;
1.134905;448.782084;
1.214591;489.791555;
1.189132;480.281875;
1.800858;713.665212;
1.390347;527.121059;
1.280418;518.661098;
1.138043;462.057131;
0.905803;358.560749;
1.254274;514.846852;
1.166978;483.064925;
1.139978;469.649019;
0.965366;395.601180;
1.086143;439.273821;
0.931179;361.249792;
1.250604;479.486974;
1.100016;456.862154;
1.044367;429.312588;
1.168754;448.601079;
1.058724;418.349416;
1.124405;444.902645;
1.213069;506.794644;
1.065335;433.329088;
1.259909;502.077909;
1.009377;419.932718;
1.196921;443.158771;
1.178215;480.658290;
1.110076;460.222602;
1.176181;455.637021;
1.041182;418.849618;
1.167726;469.645382;
0.777925;313.220757;
1.091498;427.461428;
1.106817;442.544270;
0.881539;356.928880;
0.996654;405.391061;
1.546621;612.848113;
0.782213;303.277036;
1.110583;460.261905;
1.158549;476.990880;
1.265442;521.259704;
1.332024;554.261618;
0.973572;386.954477;
1.354346;570.274536;
0.973394;396.447809;
1.057427;450.650612;
0.942788;375.052599;
1.288266;531.675886;
1.413936;588.750402;
1.049496;415.245894;
1.159059;439.564266;
1.088390;453.594340;
1.092056;449.021969;
1.121395;446.931295;
1.117203;476.691541;
0.943177;395.297045;
1.055540;440.191666;
1.087414;452.694455;
0.927552;395.298274;
0.940394;371.814224;
1.207464;477.451687;
0.958373;381.340397;
1.352402;542.485875;
1.097804;419.840085;
0.916479;375.724767;
1.058458;435.258716;
1.532965;629.668041;
0.924760;359.079399;
1.179628;458.369276;
1.255634;491.526933;
1.157723;457.390657;
1.216965;481.263273;
0.890509;366.059050;
1.152787;476.313406;
1.327047;525.354225;
0.927454;381.170636;
1.143150;470.976372;
0.977800;396.788199;
1.021535;408.957371;
1.208391;499.435438;
1.265765;504.520887;
1.188954;480.514516;
1.169363;485.833510;
1.090684;433.617701;
1.090440;446.761381;
1.307742;537.761314;
1.100964;434.886090;
0.960410;392.936413;
1.195882;504.487654;
0.914723;364.839266;
1.162807;486.602299;
1.073824;443.148586;
0.867769;357.235615;
1.135196;457.495829;
1.132277;460.712732;
1.188863;475.387073;
1.085390;444.688272;
1.497372;605.107675;
1.136744;448.686850;
1.051137;441.258710;
0.966527;387.010323;
1.233332;489.966626;
1.089868;449.477161;
1.148080;477.451667;
0.994756;402.064008;
1.421069;596.723187;
1.061645;435.409695;
1.131003;469.115455;
1.310164;534.346381;
1.370828;561.529452;
0.835039;347.602625;
0.933822;373.885435;
0.952285;384.648326;
0.921535;365.081016;
1.076153;434.715551;
1.111752;435.074476;
1.179063;483.120120;
1.158430;466.306182;
1.186032;497.137085;
1.158565;465.204772;
1.215397;479.737334;
1.133348;464.265624;
1.312603;538.409350;
0.914667;369.564925;
1.090680;433.457474;
1.204365;492.471222;
0.992570;399.718409;
1.196977;499.375261;
1.221022;510.061147;
1.024609;407.066408;
1.125681;459.118245;
0.943294;394.344565;
1.073191;437.837605;
0.987629;421.057553;
1.090335;436.027446;
1.102783;443.466215;
1.369557;572.342926;
1.043063;432.641593;
1.073081;441.431038;
1.355406;563.474483;
1.099032;421.170345;
1.061899;436.488902;
1.013203;401.333979;
1.042031;434.287602;
1.243119;505.786833;
1.198601;479.310489;
0.981776;406.633454;
0.985430;411.135060;
0.945539;378.591906;
0.970222;410.764805;
1.034750;421.276715;
1.166321;455.078692;
1.085444;453.954650;
1.020842;403.931884;
1.117286;452.598572;
0.941043;388.372104;
1.046511;429.110317;
1.119857;434.291091;
0.931099;390.019757;
1.487380;594.200970;
1.062996;433.097022;
1.066637;437.824952;
1.057542;442.736693;
1.199203;478.052219;
1.028210;415.881288;
0.920272;377.398420;
1.003959;412.027584;
1.140877;465.384723;
1.061338;428.721444;
1.064910;443.501785;
1.101158;448.809256;
1.100705;437.783188;
1.187182;461.456881;
1.549495;638.130219;
1.218692;498.037038;
1.014010;384.324362;
1.328811;533.519989;
1.303646;520.280311;
0.888200;353.437558;
1.449250;598.081121;
1.170344;461.533475;
0.971006;380.557060;
1.117881;449.147189;
1.032931;422.504156;
0.863683;337.912827;
1.180225;474.304712;
1.079279;431.255566;
0.857416;352.936496;
1.265880;516.596719;
1.288924;527.309916;
0.964686;396.912796;
1.220121;517.172574;
1.237766;472.230853;
1.144116;483.519798;
1.033999;424.249735;
1.433148;596.611655;
0.921498;367.567321;
1.279634;489.466241;
1.089977;438.810003;
0.878988;358.367831;
0.871293;360.700866;
1.398635;577.693682;
1.056357;417.193479;
1.100826;449.573544;
1.276013;508.158945;
0.928282;383.368259;
1.120715;443.734701;
0.930656;386.643547;
1.144780;465.121727;
1.046778;413.839339;
1.319405;542.223203;
1.160913;483.925831;
1.296210;526.379565;
1.042215;443.307753;
0.897253;360.889583;
1.066199;428.983047;
1.359957;553.455174;
1.082850;447.176306;
1.164273;459.537011;
1.120815;448.555870;
0.945309;379.439196;
1.104960;444.660305;
1.252236;534.163441;
1.543392;642.810132;
1.025730;424.393881;
0.991560;391.898581;
1.049420;415.467907;
1.006918;416.063120;
1.123088;437.255769;
1.012709;408.370994;
1.212746;510.048834;
1.285273;498.871772;
1.212220;492.120876;
0.979407;383.538298;
1.141122;472.143237;
1.049603;408.995797;
1.137482;459.347599;
1.076427;445.016008;
1.200101;474.857107;
1.017359;416.660769;
1.056396;421.453765;
1.107683;460.375556;
0.993754;410.873256;
1.157220;482.231481;
1.049966;419.648554;
1.003637;387.446540;
0.856598;338.683640;
0.918690;364.426614;
0.891196;359.991669;
1.161255;460.110216;
1.165874;486.615147;
1.016318;436.242401;
1.007001;416.513218;
1.025113;411.154649;
1.283685;518.517619;
1.039157;425.395695;
1.127934;456.232767;
1.109913;462.595138;
1.226586;501.214445;
0.897490;367.702525;
1.093414;445.726310;
1.239513;491.779987;
0.971776;391.362992;
1.245884;511.012609;
0.934606;387.102787;
1.250597;511.126732;
1.252522;520.444487;
1.328519;551.220470;
1.320034;527.524182;
1.183689;502.531162;
1.023749;398.954904;
0.928293;380.361102;
0.900208;364.275109;
1.452878;584.044606;
0.971978;391.659336;
1.229551;514.466644;
1.125584;458.035396;
1.082324;448.999508;
1.185064;488.514087;
0.986258;408.532209;
1.157599;455.210852;
1.195890;477.133248;
1.033078;408.099651;
1.112561;461.002050;
1.038642;404.654164;
0.911077;371.294514;
1.154604;458.349785;
1.258964;500.063076;
1.127855;458.674747;
1.435589;560.428880;
0.877209;360.004913;
1.123561;464.532087;
0.831565;348.484446;
1.291469;523.139090;
0.965060;390.860560;
1.163201;476.160301;
1.071436;430.683188;
1.283675;523.749385;
0.880135;357.161653;
0.986884;395.914116;
1.199309;470.729898;
1.132096;456.742670;
1.151879;473.419944;
0.985502;396.502840;
0.936410;364.197680;
0.990144;421.766913;
1.131271;443.302029;
1.040574;404.568403;
0.733713;288.474928;
1.168929;467.077903;
1.006101;410.443414;
1.427294;590.180792;
0.901727;364.555543;
1.293411;527.674728;
1.158690;484.017321;
1.070202;426.755251;
0.996950;417.448319;
1.147535;447.403594;
1.190531;479.054979;
1.075064;448.772344;
1.307673;529.357885;
1.061160;436.979552;
1.224985;506.973473;
1.187576;498.978790;
1.277826;514.158979;
1.266648;531.970775;
1.151188;461.515935;
1.282455;546.165069;
0.967929;388.801978;
0.883686;365.461622;
1.020397;404.807884;
0.991276;392.665868;
0.979581;387.295637;
1.006603;396.691741;
1.224252;506.716142;
1.007760;414.916611;
1.078088;447.331866;
1.010310;424.535634;
1.037710;406.806602;
1.202117;478.623827;
1.134717;460.862890;
1.146302;477.336722;
1.070480;424.729436;
0.855006;349.760958;
1.371522;570.992907;
0.920630;370.474519;
1.059195;436.354314;
0.980821;418.995451;
1.218049;489.734770;
1.132580;462.864616;
1.079192;457.514587;
1.158188;460.810641;
1.262540;524.337961;
0.998587;409.556224;
0.883144;315.777702;
0.874340;357.506004;
0.930125;377.357501;
1.055236;441.415389;
1.176059;496.284392;
1.218999;497.362117;
1.163856;478.021265;
1.074527;447.485151;
0.893674;357.144668;
1.027047;420.916075;
1.046200;431.459393;
1.195204;488.010267;
1.161276;476.316760;
1.308828;552.288144;
1.220069;504.559497;
1.271026;529.855759;
1.028163;419.784371;
0.881185;368.108889;
0.835738;334.335734;
0.882264;354.120818;
1.274230;523.429511;
1.080163;404.719843;
1.164888;474.848075;
1.210438;493.237988;
0.747374;297.477105;
1.209412;472.639721;
1.049211;421.079034;
1.272704;514.494285;
1.178243;487.693972;
1.041014;417.356704;
1.106057;470.475248;
1.479306;601.675806;
0.923909;376.924238;
1.264757;541.385978;
1.446228;594.975270;
1.444842;596.041104;
0.851568;352.454031;
1.009412;406.037147;
0.841872;342.121212;
1.021108;416.133329;
1.290540;502.819839;
1.153896;455.706033;
1.185228;475.859346;
1.071406;437.346190;
1.117577;458.251474;
1.133020;454.073312;
1.140794;467.137156;
1.228513;488.757211;
1.183543;484.056391;
1.233592;500.657739;
1.138093;454.776413;
1.209971;488.651528;
1.167494;494.656542;
1.152882;453.803631;
1.192029;483.562602;
1.227574;499.176348;
0.873338;349.903893;
1.006968;424.751061;
1.219802;499.680404;
1.164910;478.256112;
1.076472;444.648808;
1.017815;430.175431;
0.801049;326.936770;
0.969999;391.406357;
1.115711;444.064900;
1.260007;511.835842;
1.215367;490.620212;
1.147821;486.270483;
1.067514;425.665236;
1.227143;495.667331;
1.061383;442.258013;
0.748771;297.774951;
1.100375;431.467490;
1.163720;467.764748;
1.158222;469.089353;
1.019460;416.400263;
1.000650;423.507832;
0.995091;388.315993;
1.397080;577.115928;
1.126324;463.362088;
0.983942;389.779800;
1.491491;605.038356;
1.092070;452.547020;
1.065197;442.516167;
1.019491;416.263305;
1.126651;465.566934;
1.260306;538.008240;
1.179155;486.193272;
1.218617;474.805756;
0.987452;391.391352;
0.996107;415.505976;
1.283148;503.974112;
1.018466;419.353500;
1.289057;505.314817;
1.389611;562.758470;
1.049540;430.971749;
1.293676;540.482890;
1.225542;515.205222;
1.149504;471.479328;
1.375582;568.682964;
0.819346;336.789694;
1.113996;464.216256;
1.124815;478.713774;
1.027298;419.960482;
1.242730;511.039089;
1.137466;460.974731;
0.951707;396.021630;
1.115819;447.959798;
1.054409;438.969720;
0.957430;395.088068;
1.434567;592.718295;
1.056300;403.168884;
0.900547;369.942624;
1.048087;426.344380;
1.137639;463.136210;
1.065604;435.500775;
1.151236;467.073533;
1.076963;442.514204;
1.293037;528.062560;
1.222338;513.681134;
1.007890;420.479985;
1.130283;447.735889;
1.097771;439.361462;
1.115635;451.453326;
0.955357;375.872993;
1.300068;525.231095;
1.125423;474.597788;
1.130423;464.552757;
1.218549;492.922609;
1.002101;414.737089;
1.203682;476.001762;
1.013345;418.814749;
0.817359;340.308703;
1.099045;450.704324;
1.167374;490.672179;
0.995072;419.254924;
1.142795;474.831565;
1.190745;469.187867;
1.365608;554.005348;
1.440777;600.058126;
0.877301;354.814974;
1.255867;486.900947;
1.057510;437.398649;
1.020507;431.929419;
1.256169;524.783387;
1.378444;566.333529;
1.444315;618.007047;
1.300477;531.864272;
1.160827;465.688084;
1.150367;469.467133;
1.055375;414.207890;
1.118132;464.951046;
1.140554;477.339021;
1.186022;463.896719;
1.000336;393.649975;
1.268128;528.608424;
1.194503;494.307391;
1.069992;448.330440;
1.035580;439.785831;
0.989242;396.701308;
1.273225;535.505593;
1.266831;522.571072;
0.994710;413.551477;
0.992587;409.117958;
1.214702;486.503507;
1.130133;457.003752;
1.226180;513.423177;
1.252063;508.079462;
0.935590;369.273568;
1.121143;458.384202;
1.057860;439.321272;
1.021240;421.476198;
1.220117;515.916938;
1.107322;453.351228;
1.000407;407.144110;
1.138609;457.534699;
1.226819;508.663278;
1.069709;430.686617;
1.109489;448.570452;
1.142173;477.966284;
1.169250;459.343562;
1.222960;488.848104;
1.142113;455.187867;
1.174224;481.266457;
1.093303;457.554824;
1.300209;518.171020;
0.890873;353.476219;
1.162196;486.546363;
0.983425;381.015785;
1.233090;497.502145;
1.181265;488.468354;
0.815420;326.684989;
1.073234;437.157198;
1.485051;627.526863;
1.209201;503.541698;
1.096588;459.773057;
0.919478;379.592660;
0.944268;389.985274;
0.933226;386.948472;
0.986189;392.108504;
1.150794;460.147747;
1.317710;518.532626;
1.093357;455.738564;
1.321927;546.728680;
1.261958;516.071404;
1.203083;513.658792;
1.151855;468.589220;
1.209414;496.446398;
0.985467;402.810822;
1.462017;595.352118;
1.133045;437.300762;
1.046354;433.376011;
1.321999;539.261478;
0.872784;346.702525;
1.050294;425.444105;
M0:0.006200
W0;O:0.000448;R:392.309873
1.204001;508.489341;
1.110476;467.002042;
1.369484;549.295578;
1.111535;446.962825;
0.994080;399.242427;
1.142172;459.691990;
0.994294;404.374580;
1.529707;638.489699;
0.792201;334.015491;
1.255410;536.416945;
1.178418;485.254518;
1.072477;448.514074;
1.043658;413.708639;
0.952916;395.027006;
1.009102;408.700571;
1.286493;512.355086;
1.417047;585.440964;
1.007415;418.016676;
1.086061;435.604600;
1.153519;475.708584;
1.059625;436.505318;
1.166002;489.734916;
1.059376;429.786554;
1.205186;477.726506;
1.106031;450.250837;
1.035048;429.416444;
1.128373;449.134683;
1.195942;497.321967;
1.075012;435.816284;
1.088236;444.982239;
1.169275;481.760704;
1.137972;474.347951;
0.913575;374.810163;
1.142073;456.688469;
1.102276;441.785573;
1.316889;546.832030;
1.079805;442.052068;
0.977140;393.444494;
1.211498;488.751190;
1.246707;498.963669;
1.157208;473.101954;
0.989390;396.849711;
1.168686;500.749195;
1.191243;488.107589;
1.037520;420.136534;
1.162249;485.016302;
1.242677;501.609616;
1.028474;411.264856;
1.009150;405.581659;
0.906755;374.451135;
1.223568;513.970870;
0.937485;395.860005;
1.251023;506.234974;
0.950784;394.529151;
1.102438;464.961780;
0.896849;375.152451;
1.026155;416.436080;
1.195883;507.392114;
0.985514;400.194553;
1.175480;476.806337;
1.097473;462.585963;
1.374055;539.981511;
0.927206;395.728328;
1.407978;559.423922;
1.200889;496.408955;
1.091818;460.949564;
1.014308;414.887657;
1.233965;510.341503;
1.118050;456.504125;
1.267262;516.409475;
1.395393;556.567963;
1.261098;491.455779;
1.056192;424.883832;
1.082761;433.135111;
1.185896;476.262127;
1.123022;452.006985;
1.199892;485.614002;
1.259281;482.369255;
1.222289;509.401227;
1.100311;462.170750;
1.159156;490.475649;
1.189039;456.282284;
1.109238;447.698319;
1.304242;523.226013;
0.932824;386.555259;
1.333717;529.526152;
1.284930;506.534526;
1.018860;393.370771;
1.470783;615.127559;
1.159638;464.817831;
0.924921;380.879311;
1.183734;445.236383;
1.268018;510.673564;
1.075668;451.540512;
1.324813;562.100309;
1.034940;422.601485;
1.344881;544.701719;
1.102419;464.256773;
0.989022;399.256022;
0.925072;382.076657;
1.089174;439.170484;
0.933450;377.143562;
1.292100;516.834589;
1.347779;564.539090;
0.895569;363.764109;
1.018705;424.037163;
1.390492;562.887699;
1.265409;520.551445;
1.195646;473.397081;
1.082911;437.065555;
1.096195;446.891114;
1.021026;408.167361;
1.048214;387.194769;
1.177760;456.910061;
1.000973;387.389779;
1.117286;469.111063;
1.305961;534.595961;
1.252798;523.433899;
1.444855;582.283693;
0.905249;367.072128;
1.332424;545.841874;
1.047522;418.060610;
1.115113;452.181167;
1.084717;439.430854;
0.940434;385.886037;
0.855795;349.060976;
1.072047;431.755255;
1.266895;518.937908;
1.131222;453.079451;
1.413668;591.840832;
0.731531;289.440320;
0.975554;405.532856;
1.135812;469.016801;
1.139756;466.549450;
1.029452;428.537249;
1.195702;485.708831;
1.347960;534.588896;
0.949625;371.701442;
1.271263;538.562774;
0.975932;406.219389;
1.081167;448.314572;
1.147341;475.441963;
1.119946;455.798294;
0.925193;380.207149;
1.358410;550.553558;
0.777915;316.829536;
1.070701;446.643439;
1.003489;418.601324;
1.307570;512.539754;
1.078560;462.671730;
1.156487;494.493513;
1.121592;436.245868;
0.981444;404.182324;
1.123376;467.056193;
1.237122;497.531194;
0.964038;391.526854;
1.322898;525.885170;
1.061354;432.788097;
1.103699;437.124471;
1.122132;455.665945;
1.175494;489.046617;
1.254218;519.944701;
1.229217;494.150809;
1.150820;485.288810;
1.000061;407.831324;
1.016048;418.534260;
1.065403;406.515862;
1.360858;557.922341;
1.097373;448.618745;
1.357962;544.048827;
0.918735;376.887047;
1.210650;493.996868;
1.239592;514.020703;
0.882030;361.045810;
0.932976;377.041795;
1.165265;484.369176;
1.160680;463.100026;
0.921542;375.777154;
1.281994;527.503878;
1.128670;475.906106;
0.950434;381.738903;
1.016751;399.647526;
1.087448;454.384054;
0.844052;332.122908;
1.138471;460.978717;
1.227448;499.106381;
1.377407;563.036759;
1.231731;509.774542;
1.103066;431.603895;
1.356772;550.232282;
1.089252;446.651725;
0.914869;383.469355;
1.280861;524.090658;
1.320885;530.650319;
1.037073;421.161081;
1.277161;536.332866;
1.372797;556.789418;
0.767023;316.039355;
1.055716;390.631898;
1.078714;453.473160;
1.078330;428.529065;
1.078993;439.281575;
0.934104;383.134020;
0.933622;374.076310;
1.218480;491.717498;
1.073337;425.581647;
1.044949;411.844490;
1.121499;448.794977;
1.193392;508.404654;
1.034750;433.353379;
1.043644;437.744035;
1.022482;414.036074;
1.027916;411.681690;
1.111732;448.632273;
0.960162;393.826997;
1.046724;435.346049;
1.037264;420.378918;
0.999769;414.516459;
0.948265;373.472405;
1.118521;452.158660;
1.008762;414.611693;
1.002632;412.925995;
1.214926;504.167875;
1.020069;400.743201;
0.944399;359.375644;
1.171447;443.783995;
1.146568;466.924259;
1.141517;443.276776;
1.069152;434.395345;
1.152026;489.922364;
1.234065;491.675312;
0.892328;357.969333;
1.026625;413.803797;
1.150990;471.861314;
1.207686;487.241527;
1.010977;417.156529;
1.191499;481.781439;
1.219411;483.208706;
0.785555;318.992418;
1.249965;505.401532;
1.015890;408.757999;
1.212730;515.537310;
1.155944;468.470684;
1.457826;592.765547;
1.184834;476.975472;
1.261260;515.741830;
0.973106;414.888353;
1.101639;429.730093;
1.172244;473.316429;
1.065289;429.243157;
1.021109;404.174018;
1.002621;414.345052;
0.937802;372.542904;
0.878142;369.473569;
0.977647;388.712615;
1.202354;500.589283;
1.218769;501.649122;
1.186132;493.640301;
1.167830;474.031101;
0.755465;309.593214;
1.017552;411.671266;
1.201658;455.464716;
1.121182;462.135079;
1.173360;468.460069;
0.924509;369.645185;
1.287346;510.061669;
1.355785;536.505965;
1.307615;526.391218;
1.347292;543.552501;
1.418949;574.014750;
1.100530;430.427688;
1.223604;512.857188;
1.088288;413.303782;
1.017944;427.914931;
1.177460;487.933286;
1.247326;500.926101;
0.969635;402.352330;
1.250385;496.366470;
1.148881;461.708253;
0.850777;348.146037;
1.095337;434.963666;
1.350360;551.039123;
0.922313;369.316322;
1.421409;568.136023;
1.244962;496.263142;
0.977343;383.895014;
1.459674;580.194333;
1.466660;612.363755;
0.892588;351.336492;
1.103631;431.363484;
1.168528;472.869810;
1.121364;447.148774;
1.195258;502.414318;
0.928165;378.046635;
0.992832;414.897679;
1.401331;550.936248;
1.188844;480.000144;
0.966991;385.227163;
1.083628;426.019018;
1.145812;466.538315;
1.103298;452.748412;
1.216182;466.709794;
1.189579;468.682897;
0.903985;361.473030;
1.079288;435.330644;
1.148707;472.958566;
1.343145;529.527279;
1.236663;491.334424;
1.065261;436.410373;
1.221768;509.438563;
1.196693;494.360946;
0.999417;399.187221;
0.960649;400.224094;
1.032151;414.493396;
1.181697;479.812768;
1.136802;460.496729;
1.059618;414.900361;
1.141114;470.497377;
0.835192;352.341088;
1.220429;480.289230;
1.267051;483.608622;
1.108103;433.155309;
1.281508;489.551705;
1.123544;467.981423;
1.322143;546.317948;
1.279494;545.440225;
0.929663;381.591313;
1.230697;514.352246;
1.285563;540.882383;
0.949859;391.273277;
1.206537;511.808500;
1.043965;415.205880;
0.925655;378.776651;
0.943005;375.369063;
1.020283;406.319744;
1.203339;491.054475;
1.185596;474.824662;
1.255840;502.347653;
1.256309;519.763720;
1.312829;523.866271;
1.109458;441.458381;
0.939803;375.768848;
0.941325;388.630073;
0.925728;379.722928;
1.135626;452.484377;
1.118031;448.354698;
1.253066;514.577623;
1.099727;449.391559;
0.949266;379.643145;
1.101583;442.119620;
1.170429;458.266399;
0.985928;408.587208;
0.951944;389.842133;
1.268952;510.021330;
1.117934;447.830146;
1.203675;494.878834;
1.052358;422.531958;
1.038596;428.456108;
0.944410;385.274647;
0.911584;363.374099;
0.989478;411.750935;
1.221721;496.534860;
1.096639;455.458830;
0.959185;386.522689;
0.903667;361.556717;
0.940126;390.636979;
0.915579;349.065489;
1.195049;497.969114;
1.165018;490.078370;
1.207712;507.212559;
1.306081;523.913643;
0.856212;353.571929;
0.905665;383.625579;
0.950369;384.383373;
1.165049;475.585606;
0.919157;371.884938;
0.990097;414.145544;
1.251632;518.382566;
1.181940;473.636432;
1.015565;414.790270;
1.270265;522.186052;
1.105105;447.453408;
1.330757;539.156253;
1.149852;469.036506;
1.153951;448.398211;
1.194808;480.176179;
1.184691;474.677620;
1.020428;434.976992;
0.978210;410.911527;
0.952520;386.222794;
0.858479;341.526754;
1.089429;430.168214;
0.848471;334.753289;
0.992049;397.013329;
1.014436;412.889551;
0.987793;406.240765;
1.199136;472.736975;
1.049191;400.280301;
1.170643;458.451898;
1.343158;517.614239;
1.132588;445.901620;
1.337986;525.257718;
1.291471;510.594361;
1.164565;453.529870;
1.048952;411.428625;
1.380534;557.656397;
0.987194;400.478555;
1.414521;557.597806;
1.067878;432.481559;
1.300947;529.624221;
0.943363;382.756818;
0.991050;412.793152;
0.902107;365.166653;
1.081512;447.843523;
1.109020;446.415877;
1.106118;432.505601;
1.374385;586.010205;
0.881276;351.750177;
1.037489;414.687996;
1.228988;509.944912;
1.208062;495.188443;
1.206088;505.309646;
1.033530;424.811520;
1.356404;554.854946;
1.187386;477.392442;
0.856389;335.680706;
1.097915;427.402572;
1.024247;398.502615;
1.013702;419.358353;
1.223126;508.984280;
0.869730;348.816870;
1.271172;502.902532;
1.157188;448.956504;
1.041436;409.262420;
1.089988;448.590209;
0.998916;397.243174;
0.997398;409.042911;
0.948150;406.395385;
1.153120;472.860711;
1.180560;501.607518;
1.110069;446.520171;
1.122641;470.286214;
1.131764;464.361573;
1.022284;419.118505;
1.034124;425.316980;
1.230513;513.022358;
1.213692;478.196435;
1.119347;465.286830;
1.314746;529.890045;
0.873938;358.525280;
0.951105;376.479133;
1.122401;436.119488;
1.148773;467.658282;
1.400884;559.238304;
0.992815;409.852855;
0.890428;355.548002;
1.213812;483.528939;
0.941983;367.494671;
1.115842;459.436274;
1.122236;466.321853;
1.480431;616.648576;
1.105126;449.416352;
0.939585;381.231733;
1.112974;458.539979;
1.064818;425.548488;
1.205087;507.173577;
1.206583;478.539706;
0.967594;397.314937;
1.046037;424.216737;
1.176174;470.881801;
1.018310;411.653298;
0.847381;333.996144;
1.198610;469.478881;
1.177499;478.611634;
1.081137;436.504918;
1.146987;479.091357;
0.982875;394.632738;
1.083945;430.670884;
1.105448;467.093240;
1.053560;437.562978;
1.239277;485.402740;
1.209575;475.311209;
1.305609;514.538676;
0.771461;318.057533;
1.079746;442.970975;
1.087739;430.278159;
1.209428;474.939180;
0.920444;379.944110;
0.923017;378.124136;
1.080588;457.918776;
1.254156;508.338240;
0.835132;347.649925;
1.029207;410.506695;
1.080892;433.767480;
1.248880;494.215860;
0.837755;330.718355;
1.028688;410.083625;
0.965828;400.355464;
1.004515;425.324180;
1.142794;453.285827;
1.080615;429.592182;
1.175530;487.482311;
1.199787;486.657829;
1.008385;402.974137;
1.091822;445.697991;
0.807238;334.632202;
1.013028;413.119402;
1.274104;504.274839;
1.107465;456.143954;
1.220237;484.260976;
1.248703;510.988738;
1.276457;517.109080;
1.432296;559.835074;
1.116214;438.137464;
1.132050;475.020286;
1.228147;495.936819;
1.028803;419.731891;
0.998575;393.795196;
1.256161;506.564267;
1.129431;457.347524;
1.055610;435.684991;
1.237455;502.126551;
1.108811;437.716643;
1.263964;515.910942;
1.200014;496.925369;
1.085906;441.261572;
1.275109;527.719418;
1.047210;401.333653;
1.232872;501.660527;
0.894891;361.971856;
1.099455;433.272728;
1.016128;416.909208;
1.207338;505.744000;
1.124274;458.474018;
1.224173;505.169561;
1.130162;454.527543;
1.254930;517.235994;
0.785187;311.950451;
1.225273;498.652458;
1.093544;444.792636;
0.973065;414.111608;
1.095915;439.079088;
1.389392;566.373549;
1.249136;483.938815;
0.867365;355.830112;
1.205885;501.575067;
0.947740;376.610753;
1.314073;549.538246;
0.964847;412.470784;
0.851338;352.690309;
1.032702;426.823785;
1.423628;593.335361;
1.219808;496.686919;
1.237677;518.319698;
1.132356;451.547585;
1.340955;549.216797;
1.111830;446.851988;
1.028726;421.146410;
1.038288;423.162698;
1.025311;402.784257;
1.114814;443.948886;
0.993610;400.579835;
1.128394;460.107494;
1.014482;406.260217;
1.096053;437.271920;
1.251205;513.221632;
1.103148;452.941363;
1.225607;501.106937;
1.088057;443.549410;
1.232091;517.544842;
1.389361;552.198009;
1.064397;417.924316;
1.330210;525.319146;
1.131678;452.901001;
1.528158;630.230407;
1.161609;464.571231;
0.959019;395.260342;
1.467786;603.687702;
0.829046;331.119989;
1.056326;390.133608;
1.123241;447.951731;
1.033120;428.733241;
0.976284;407.316003;
0.971918;406.077105;
1.126832;457.243367;
1.189499;487.901753;
1.085848;455.458222;
1.104918;427.269775;
1.163628;475.391323;
0.867029;348.796762;
1.098156;459.827984;
1.409113;579.776728;
0.847702;356.247076;
0.719972;285.501264;
1.305109;529.756464;
1.066747;441.139176;
1.138326;474.606411;
0.974875;392.712955;
1.070819;443.484134;
1.311787;542.229140;
1.255907;498.513375;
1.022845;394.808048;
1.279965;524.011535;
1.043412;430.167912;
0.886045;359.837278;
0.910141;364.372511;
1.026212;421.143189;
1.213893;483.172374;
1.016350;409.936536;
1.014682;406.365707;
1.033028;419.825065;
1.021162;402.305508;
1.017284;422.840207;
0.918929;376.761040;
1.297293;498.422168;
1.151487;465.970099;
1.089804;429.595394;
0.902000;374.348739;
1.176299;466.338516;
1.062464;425.549528;
0.905042;370.607275;
1.087231;433.763015;
1.106719;441.072154;
1.120497;470.147861;
1.172606;460.050633;
1.142680;471.671884;
1.245919;519.792882;
0.912763;377.536910;
1.300489;524.280008;
1.140921;473.266694;
1.237731;497.393622;
1.283314;538.763679;
1.298095;533.592742;
1.025947;410.121197;
0.914803;373.517292;
1.139936;471.049531;
1.257859;508.767261;
1.174909;477.302494;
1.202939;478.272665;
1.155976;484.990425;
0.890627;355.799824;
1.091065;446.027282;
1.090221;461.467695;
1.333739;569.849254;
1.024261;426.848450;
1.122134;454.964214;
1.292462;545.584941;
0.987629;399.227436;
1.033454;411.361074;
1.412584;575.622939;
1.402781;571.191370;
1.161727;461.506634;
1.124985;471.091656;
0.851145;350.973783;
1.290644;532.390395;
1.077524;438.067141;
1.231440;494.568399;
1.013670;402.524843;
1.197213;481.991146;
1.015738;396.929810;
1.263420;519.674607;
0.964511;383.316996;
1.128676;439.758430;
1.048645;417.556101;
1.093592;439.127651;
1.020542;415.004523;
1.064029;415.691911;
1.058635;437.089405;
1.203510;483.272125;
1.190841;504.895034;
1.172582;464.229744;
1.108635;460.585911;
1.367295;545.077156;
1.348010;561.749384;
1.245715;525.394679;
1.169658;485.353903;
1.078942;435.125420;
1.461077;587.704129;
1.000237;399.930530;
1.142687;436.839655;
1.257599;490.241888;
1.284161;513.936929;
1.293310;532.869110;
1.088198;429.161487;
1.223413;500.648815;
0.899765;366.122331;
1.103333;448.144599;
1.083614;422.367737;
0.929325;361.227327;
1.140181;462.260488;
1.174733;485.357833;
0.944128;381.671634;
1.020274;396.592894;
0.944418;377.147322;
1.307246;544.647989;
1.247284;488.623049;
1.207320;490.112313;
1.278242;515.281026;
1.203666;482.756576;
1.095125;417.019296;
0.937641;379.606393;
0.973196;388.366422;
1.170528;477.288557;
1.321306;527.692022;
1.163630;465.940801;
1.237882;515.584490;
0.816468;327.497695;
1.383743;547.461594;
1.011201;404.605569;
1.180648;472.214445;
0.907925;369.012012;
1.201129;478.922725;
1.050787;429.471777;
1.238687;481.859623;
0.920889;376.974482;
1.062788;426.457008;
1.091771;439.846858;
1.060137;429.184646;
1.051244;436.179256;
0.992214;385.720326;
1.150805;448.795944;
0.976800;387.053879;
0.928027;369.171098;
1.006868;405.360527;
1.298745;550.873759;
1.207041;490.782554;
1.048008;419.419897;
1.088811;441.139801;
1.185720;510.001628;
1.231122;469.752092;
0.899073;364.838548;
1.138708;457.970172;
1.255953;500.656858;
1.221668;494.191234;
1.190014;485.277626;
1.104392;431.185271;
1.044839;423.733667;
1.110132;441.997500;
1.296537;540.290222;
1.104446;416.887878;
1.306296;534.816859;
1.038720;412.348632;
0.952218;397.144087;
0.860833;342.128696;
1.038112;420.023951;
1.094775;426.645749;
0.857668;340.223838;
1.233515;505.538245;
1.179929;502.172838;
1.062454;424.821510;
1.125766;446.879543;
1.053428;426.923261;
1.009732;410.724908;
1.284365;499.452023;
1.059881;436.453939;
1.088311;442.671843;
1.069552;429.099711;
0.993080;389.088756;
1.228447;489.095820;
1.105054;446.340972;
1.230208;501.383909;
0.831011;336.563884;
1.195085;479.868049;
1.248346;527.698580;
0.932267;382.029411;
1.158721;473.410816;
1.077745;439.869590;
1.085876;456.918538;
1.152899;460.319659;
0.883577;356.237536;
1.241485;508.960483;
1.093714;433.706771;
1.335944;548.967962;
1.113868;458.652332;
1.054701;427.293211;
1.149303;457.730054;
1.030200;426.678060;
1.306816;547.026137;
1.224942;492.011398;
1.166206;479.942348;
0.955758;389.091274;
1.461939;594.549829;
1.120314;434.426159;
1.183146;482.083474;
1.187695;466.283166;
1.142821;444.772650;
1.171360;478.174451;
1.170403;456.483600;
1.294592;534.491256;
1.191826;483.953891;
1.076726;421.879910;
0.813994;335.622722;
1.018190;418.013662;
0.950607;383.448587;
1.023943;410.465953;
1.285734;516.678685;
1.723604;675.308134;
1.060650;430.455159;
1.099110;462.182164;
0.974348;389.337474;
1.108355;463.192189;
1.130561;460.442951;
1.043442;445.564979;
1.040206;413.390374;
1.254009;517.046314;
0.883233;367.037085;
0.996235;398.670315;
1.061608;429.187772;
1.287820;496.891897;
1.074085;436.580522;
0.993171;403.233336;
1.023309;423.063323;
1.131398;459.628656;
0.985471;399.586457;
1.196178;508.373873;
1.045779;433.003382;
1.091107;438.027041;
1.000314;414.378316;
1.063167;433.320430;
1.295288;524.894234;
0.863134;331.735139;
0.986472;381.997212;
1.053469;438.284164;
1.119809;445.974334;
1.322981;564.623891;
1.415300;582.737727;
1.026774;411.795149;
0.975307;388.711481;
0.966565;393.539706;
1.197606;486.156871;
0.956529;386.404223;
1.065198;461.011769;
1.136799;481.034715;
1.390280;582.845150;
1.011063;416.347180;
1.091522;416.622550;
1.143905;451.179727;
0.949490;387.970771;
0.982677;397.144184;
1.048937;427.496355;
1.140656;466.855726;
1.038300;421.531334;
1.064357;437.660575;
0.951269;391.064983;
1.161352;465.287577;
1.081975;452.901929;
1.045360;416.283641;
1.438022;589.439444;
1.266357;510.919538;
1.103694;460.822632;
1.009327;407.428454;
1.189679;494.444931;
1.091775;443.633653;
1.102668;456.989778;
0.875959;346.711580;
1.282347;527.583526;
1.018881;420.110263;
1.012840;403.235086;
0.952563;380.996581;
0.878407;353.152345;
1.122720;455.736301;
1.055754;421.047619;
1.115288;429.499660;
0.814600;335.727122;
0.882010;358.606811;
1.167343;475.519980;
1.172879;494.605278;
1.055909;432.911265;
0.966303;412.394504;
0.980921;401.268324;
1.035848;413.039165;
0.965821;378.481090;
1.198012;505.017079;
1.185381;477.443903;
1.090532;432.238601;
0.995830;409.043588;
0.954093;384.715115;
0.977569;386.855991;
0.981469;410.693476;
1.026807;411.751373;
1.155056;487.878732;
1.255527;532.331974;
0.991300;422.065402;
1.292409;530.687160;
1.141107;451.679528;
0.872754;364.874009;
1.221269;530.025603;
W1;O:0.000676;R:556.262949
W2;O:0.000682;R:556.452578
W3;O:0.000665;R:556.252609
W4;O:0.000646;R:555.014700
W5;O:0.000644;R:556.302753
