2.01358;609.28;
2.03751;440.683;
2.61939;648.505;
2.9616;656.11;
3.89318;851.029;
3.16525;627.825;
1.77175;390.804;
2.17721;522.381;
3.6198;710.661;
2.45516;532.166;
2.02463;440.682;
2.03301;429.982;
3.18098;664.212;
2.19991;454.092;
2.69923;567.533;
1.52185;290.462;
2.46199;490.634;
1.64637;378.676;
2.15687;550.742;
1.57257;331.467;
2.55426;539.281;
1.75174;347.095;
2.72557;568.655;
1.58867;323.022;
2.20449;537.661;
2.45789;589.749;
2.19985;410.079;
2.18909;441.66;
2.06972;470.195;
2.06153;412.995;
3.4035;696.897;
1.97911;454.487;
1.71307;328.502;
2.28998;482.154;
1.95007;485.29;
2.37019;495.065;
2.66875;524.044;
2.482;609.257;
2.65634;550.171;
2.14163;467.152;
1.58436;366.46;
3.08762;598.231;
2.39717;501.047;
2.1105;393.952;
1.98022;491.327;
1.13342;239.491;
1.62076;379.227;
2.28179;469.488;
2.28915;460.992;
1.9821;488.968;
1.78622;454.374;
2.44718;529.516;
2.37579;476.562;
4.09309;813.925;
1.99588;414.846;
2.06966;500.164;
2.58328;601.767;
1.7079;408.099;
2.02549;392.782;
2.2054;466.559;
2.3037;478.707;
1.72176;357.137;
2.3468;571.208;
2.16685;537.703;
2.24706;485.216;
1.93086;432.567;
1.90865;398.43;
2.04131;371.921;
1.4386;328.166;
3.06452;664.117;
1.77762;359.786;
2.54053;577.864;
0.999103;243.417;
3.27416;604.001;
1.80183;380.055;
1.51765;359.095;
1.49479;360.186;
2.16534;450.284;
2.07955;425.943;
3.22343;663.161;
1.50906;364.062;
2.74679;568.807;
1.87977;444.307;
1.84739;391.566;
2.11127;494.593;
2.24139;444.58;
1.56223;347.038;
2.78006;548.714;
0.973944;253.456;
2.29485;463.977;
2.48037;518.756;
1.9381;468.329;
2.50944;488.376;
1.87533;448.149;
1.81092;349.907;
2.40501;488.126;
3.07747;587.731;
1.63908;398.045;
1.46509;320.429;
1.78905;320.361;
2.06476;410.731;
2.02605;409.406;
2.81095;572.841;
2.00134;479.882;
1.927;405.384;
2.26441;479.605;
1.81646;428.009;
2.07509;428.574;
1.94281;412.294;
1.73021;373.986;
2.79201;658.887;
2.00977;424.144;
1.05546;237.89;
1.77693;361.022;
1.74742;373.229;
2.08107;518.069;
1.68435;416.173;
2.57412;534.548;
3.03929;597.492;
2.27439;475.424;
1.43746;358.014;
1.67064;391.193;
2.65513;537.065;
2.21379;456.496;
1.68648;341.051;
1.41317;331.211;
2.3497;538.625;
1.5451;378.487;
2.7057;524.697;
1.63413;319.539;
3.34076;602.758;
2.4562;480.552;
1.66822;309.684;
2.30622;575.821;
1.8103;431.815;
1.88408;376.21;
1.86174;385.264;
2.07653;455.75;
1.61688;408.344;
1.62205;330.581;
1.94193;377.038;
1.85779;386.246;
2.54001;566.058;
2.56108;458.026;
2.01321;423.521;
1.93214;356.408;
2.53411;508.705;
2.27859;523.922;
2.07701;466.83;
2.77495;581.158;
2.13397;475.072;
2.35402;492.466;
1.50214;316.79;
2.05152;461.894;
2.88691;596;
1.67696;312.869;
2.49366;607.678;
3.25387;617.573;
2.10776;411.85;
1.84956;450.433;
1.43868;296.25;
2.5198;535.766;
2.98323;598.819;
2.21974;511.414;
2.02301;402.098;
1.99273;455.633;
1.42777;343.376;
2.54597;539.298;
2.45651;488.758;
2.00481;401.405;
2.48472;530.463;
2.69673;643.268;
1.92878;494.978;
1.2354;304.979;
2.27602;461.351;
2.74917;508.658;
1.9308;445.882;
3.23178;664.46;
3.34466;661.148;
2.58627;638.038;
2.11552;429.416;
2.77519;556.517;
2.06243;471.276;
2.52982;524.75;
2.71016;485.909;
1.68325;403.107;
1.7401;415.924;
1.89974;365.997;
2.45932;492.355;
1.46771;319.713;
2.44482;477.463;
2.81711;576.525;
1.89917;478.15;
2.41334;501.003;
1.88386;460.753;
2.50882;477.057;
1.3495;318.411;
1.91552;381.471;
1.57577;328.285;
1.31007;309.049;
1.92037;389.372;
1.73322;413.577;
2.35737;449.274;
2.07;439.086;
1.74068;426.851;
2.71943;578.542;
2.31275;461.767;
2.0495;403.681;
1.93767;407.197;
1.63384;355.815;
2.57579;469.584;
2.96308;601.108;
1.50225;306.747;
2.28671;472.979;
1.51769;307.136;
1.57601;327.769;
2.27369;440.299;
1.92816;368.88;
2.20605;492.652;
2.01867;523.102;
1.58884;348.573;
2.60303;540.296;
2.50389;511.476;
3.05747;632.856;
2.31556;475.603;
2.14411;496.432;
1.91595;464.33;
1.98847;398.531;
1.58503;306.873;
1.90913;377.649;
1.52507;363.817;
1.73432;343.853;
1.71485;343.094;
2.18484;508.143;
1.67398;394.657;
2.07765;412.551;
1.9227;386.815;
2.27191;515.681;
1.23764;259.472;
2.27245;496.4;
2.17681;467.981;
1.66562;320.088;
1.1338;246.706;
1.61042;405.951;
3.24209;690.968;
1.90362;398.024;
2.15373;433.654;
1.8184;465.019;
1.90502;453.522;
2.22183;443.781;
1.63441;331.803;
1.71872;353.147;
1.42078;334.982;
2.35462;489.903;
1.87445;357.218;
3.09785;709.871;
1.58904;323.7;
2.28726;490.603;
2.13854;492.02;
1.34877;299.164;
2.21872;423.261;
2.6345;572.757;
2.17144;456.737;
1.57477;388.656;
1.41109;339.306;
3.15699;639.613;
2.35035;428.789;
2.44273;486.284;
2.29411;522.281;
2.984;555.44;
2.40725;524.061;
1.74845;361.274;
1.69713;361.429;
2.43249;457.321;
1.59883;375.069;
1.76695;411.963;
1.61938;276.989;
2.28061;465.392;
1.96674;382.84;
2.16144;456.969;
1.3835;323.21;
2.21956;521.386;
2.22898;440.21;
2.27949;446.161;
2.38598;464.456;
2.79441;545.981;
2.31318;563.38;
2.3773;560.795;
2.08041;433.677;
2.16026;405.447;
2.54962;515.004;
2.11394;428.896;
2.39502;589.51;
2.58974;586.185;
2.26035;453.68;
2.06095;403.69;
1.3987;305.54;
2.62425;499.03;
2.8104;603.302;
2.01984;485.015;
1.72166;418.79;
2.22293;483.868;
1.93332;363.343;
3.1801;638.065;
2.46634;521.153;
1.42181;350.195;
2.89485;677.308;
1.94094;396.399;
2.34099;464.016;
1.81136;367.817;
1.59613;358.843;
2.75986;553.302;
2.1513;524.799;
1.83697;364.748;
1.98773;488.31;
2.46464;489.684;
1.86223;413.31;
1.80423;413.796;
2.96678;597.398;
1.57169;369.894;
1.49259;309.689;
1.93519;449.571;
3.06139;659.97;
2.80252;537.828;
1.83761;422.762;
3.55806;742.875;
1.36627;279.595;
2.4374;416.563;
2.28177;550.922;
2.16723;468.102;
1.47018;304.518;
1.96675;431.706;
1.63685;314.395;
2.45465;521.799;
2.80374;545.011;
1.77578;445.082;
1.70339;327.187;
2.77629;563.172;
2.2793;490.753;
1.58479;324.502;
2.30986;480.384;
3.15007;673.417;
2.7132;657.426;
1.33572;261.738;
1.89986;464.043;
1.66821;316.757;
1.82781;368.222;
1.9513;389.333;
2.37244;561.64;
3.10996;612.089;
2.68449;593.151;
1.59484;308.706;
2.81633;584.498;
1.72034;430.903;
1.96109;465.437;
1.85517;369.844;
1.81087;349.7;
2.40639;489.53;
2.76711;596.848;
1.88292;454.821;
1.94863;441.926;
1.84466;362.03;
1.43046;303.305;
3.04398;602.112;
2.96429;607.968;
3.41607;788.455;
2.45669;529.615;
2.85108;583.389;
2.19778;473.257;
2.4598;594.608;
2.44017;517.262;
2.23444;547.169;
1.865;403.13;
1.92763;396.298;
1.99972;415.777;
1.54418;363.955;
1.33949;269.832;
2.72499;517.333;
3.15004;616.012;
2.062;466.186;
1.35657;300.875;
1.86413;355.092;
1.63721;337.151;
2.05836;420.562;
1.9139;393.119;
1.67052;412.62;
1.96891;478.053;
1.74336;346.06;
2.30778;469.049;
2.58562;510.096;
2.13211;511.795;
2.34865;575.917;
2.74264;537.343;
2.06037;402.134;
2.1869;386.721;
1.52;328.12;
1.98786;483.455;
2.14285;424.616;
2.15901;484.663;
1.95227;403.891;
2.36791;443.804;
1.7852;377.011;
2.27866;436.003;
2.46631;549.32;
2.98597;560.836;
2.58795;506.233;
2.23753;482.078;
1.57886;318.031;
2.70334;557.178;
1.92686;390.956;
1.30063;316.176;
1.9723;398.565;
1.99045;376.129;
2.0156;477.024;
1.36165;342.432;
2.04369;393.497;
1.89677;375.847;
1.18151;263.75;
2.75546;578.934;
2.30208;471.976;
2.09501;500.224;
1.70554;355.081;
2.312;474.547;
1.34436;242.978;
1.96827;469.391;
1.27999;304.868;
2.3883;494.417;
1.3954;300.761;
1.84181;366.304;
1.86516;459.238;
1.721;426.725;
2.83738;576.682;
1.41951;297.816;
1.79238;380.146;
1.85447;370.012;
1.65214;401.446;
1.67319;364.928;
2.21621;464.073;
2.08142;430.861;
1.57914;384.74;
2.37655;486.479;
2.37527;456.098;
1.97306;471.636;
1.60667;322.25;
1.63103;327.661;
1.65607;409.715;
2.44342;547.808;
2.01743;391.994;
1.32545;271.895;
2.12677;403.686;
2.85922;731.448;
2.37599;461.898;
2.37795;466.928;
2.15841;425.884;
2.0245;421.952;
1.64206;385.125;
2.31603;457.647;
2.0067;493.473;
1.79194;379.455;
2.12945;399.275;
1.98242;423.234;
1.85668;470.944;
1.621;403.54;
2.29553;452.14;
1.92348;373.802;
1.59418;320.313;
1.51448;325.266;
1.84621;372.475;
1.71025;398.769;
1.98437;402.059;
1.44646;362.237;
0.970977;239.658;
1.97457;395.117;
2.64411;484.423;
2.7628;522.952;
1.8547;381.503;
2.09527;494.644;
W0;O:0.323653;R:170.703
2.4802;610.994;
2.31051;524.184;
2.37809;498.074;
2.33307;538.556;
1.99993;414.433;
1.14081;286.848;
2.05649;480.681;
1.90096;477.78;
1.98171;434.284;
1.38284;356.636;
2.18876;425.654;
1.11616;229.799;
1.73312;420.801;
1.63289;400.847;
1.45069;369.733;
1.4019;352.492;
1.78334;399.069;
W3;O:1.58644;R:175.077
2.04481;465.509;
1.98043;482.527;
1.84297;481.997;
W4;O:1.03116;R:177.024
1.8421;493.476;
W5;O:1.90757;R:176.558
1.55021;421.668;
W1;O:1.26936;R:177.291
1.53787;398.126;
W2;O:1.37251;R:177.219
