0.435038;187.605281;
0.673850;275.940348;
0.398946;178.608944;
0.903423;388.576567;
1.352578;624.942591;
1.464077;632.081541;
1.524222;730.127755;
1.329725;653.642332;
1.167241;523.976115;
0.232372;105.817963;
0.914883;426.824310;
1.542468;726.855888;
1.166806;450.449178;
0.643146;243.191356;
0.344714;152.376143;
0.970692;414.857564;
0.943104;371.833579;
1.895903;794.372139;
0.845289;368.705797;
0.431638;165.591187;
0.963693;422.248021;
1.041018;462.344991;
0.720843;310.373287;
0.912759;372.667041;
0.942834;366.170650;
1.418946;496.389215;
1.617847;599.146993;
1.531021;596.225523;
1.302965;515.668849;
1.067086;420.798151;
0.806304;336.163937;
1.019806;425.594857;
1.418524;552.963467;
1.269772;470.885242;
0.897677;406.314650;
1.648534;696.185097;
1.119211;509.266155;
0.631105;266.524052;
1.949469;877.938460;
0.410875;171.364825;
0.614360;254.863822;
0.625276;264.930230;
1.785367;763.462555;
0.810465;280.876066;
0.682498;274.087647;
1.625275;672.122772;
0.987616;427.531955;
1.289489;295.012449;
1.251398;523.181032;
0.596856;228.032047;
2.060872;853.808098;
1.064863;447.705662;
1.391392;570.926950;
1.029370;333.974785;
0.602191;223.720322;
1.148836;440.412477;
1.160531;453.536028;
1.037120;393.614531;
1.155547;352.461288;
1.310988;538.306742;
0.919196;384.456129;
1.573114;728.579004;
0.844155;351.353432;
1.289457;556.851904;
0.712310;270.125746;
1.398531;553.289363;
0.855195;368.615494;
1.423856;550.569400;
0.728471;251.152829;
1.158988;494.935987;
1.314017;588.860201;
1.395117;630.787233;
0.876933;286.847858;
0.748855;282.615513;
0.955664;407.191303;
1.105883;450.425925;
1.538247;617.852956;
1.474335;592.372842;
0.506628;202.539901;
0.661080;260.819769;
1.244451;549.751553;
0.898266;388.247648;
1.127102;455.615516;
1.451204;588.288681;
1.106855;427.788783;
1.365705;632.058361;
1.558563;622.961419;
1.459336;630.088153;
0.795908;297.172001;
1.348508;503.054602;
0.965156;327.696463;
0.510971;214.248453;
0.950302;422.637060;
0.924874;387.198832;
0.732825;289.959593;
1.050506;427.438211;
1.120434;475.031399;
1.510934;562.977318;
1.296360;489.424392;
0.711555;284.650558;
0.989162;371.699900;
1.512076;651.218955;
0.830033;337.655227;
1.054423;441.175666;
1.382926;500.812349;
1.342769;500.825052;
0.761989;348.397285;
2.230525;872.307723;
0.745255;266.739019;
2.420709;941.142945;
1.765787;640.000641;
0.575124;236.510940;
2.221526;838.109496;
0.483496;198.996658;
1.297386;569.839145;
1.834968;749.143820;
2.008850;718.204530;
1.579440;618.981930;
0.824440;286.233238;
0.744884;297.530226;
2.308892;945.792783;
2.289261;942.906282;
1.145081;447.788172;
1.046168;440.500931;
0.338738;128.924706;
1.376763;563.829865;
0.576563;209.476457;
1.415200;585.587460;
2.245361;880.950116;
0.583470;254.933284;
0.554884;211.230424;
1.568621;610.598565;
0.919033;340.840361;
1.020128;376.094847;
1.894006;740.240736;
0.892809;309.893862;
1.888074;815.531182;
1.398455;630.667022;
0.871321;375.515578;
0.721167;328.983809;
1.028644;326.503593;
1.284838;431.755388;
1.133234;456.290564;
1.358251;593.287603;
0.755306;340.103858;
1.273564;583.131124;
1.073620;419.949855;
1.085552;457.533325;
1.371901;543.579834;
1.337652;517.392022;
1.639926;501.265743;
0.664001;259.939359;
0.970515;380.061500;
1.194170;498.737458;
1.184620;483.225769;
0.874060;295.698663;
1.246234;459.686566;
1.442155;578.992576;
2.026971;852.449188;
1.618609;633.921602;
0.564470;245.581108;
1.248818;402.961251;
0.590540;229.728826;
0.944735;396.828066;
0.691380;246.065667;
0.487865;192.403882;
0.791827;282.466288;
1.111338;452.167908;
2.512734;878.034378;
1.801106;698.653834;
1.047183;425.766554;
1.288748;582.981444;
1.321203;551.519551;
1.098098;425.528415;
1.012615;420.774786;
2.127423;805.244331;
0.443558;187.522119;
1.345397;456.035268;
1.086061;452.350568;
0.918179;393.355711;
1.431984;565.179503;
1.161479;516.013350;
0.924730;415.424073;
0.763876;343.637531;
0.944612;387.899590;
1.718167;715.095632;
1.305455;549.879067;
1.215863;468.898313;
0.920632;370.691082;
1.439168;535.375371;
0.910027;374.276548;
1.499759;592.325862;
1.106268;443.531331;
0.815848;186.766665;
1.599975;712.295662;
1.343232;568.259519;
0.394488;170.833410;
1.319328;544.846290;
1.552905;634.648651;
1.066505;298.702977;
0.958900;262.956308;
0.892733;304.378518;
1.394531;496.588197;
1.689176;713.516689;
1.407004;555.422980;
1.022800;426.447097;
2.105888;861.665104;
0.984214;428.673664;
0.588293;221.925240;
1.164193;501.843172;
1.495153;521.628649;
1.922979;738.481008;
1.584171;701.271246;
1.232763;502.619464;
1.286517;473.090128;
1.434378;615.026742;
2.458165;808.805128;
0.841445;321.194909;
1.027152;437.753784;
0.627260;258.914290;
0.885244;309.043781;
0.859791;360.092559;
1.316299;543.265362;
0.850047;257.020074;
1.226846;510.840171;
1.577300;691.588995;
1.013361;318.334053;
1.579467;659.171779;
0.767881;294.209538;
0.736249;303.868299;
1.395144;594.850356;
1.275375;497.434211;
1.515685;638.133438;
0.932463;405.987019;
1.922692;769.531957;
2.326412;1017.164326;
1.192065;483.560492;
0.677404;272.635222;
0.593595;251.425004;
0.652988;236.449358;
0.696425;283.446074;
1.180883;542.553351;
1.098454;378.645278;
0.987271;423.784719;
1.427936;575.538091;
1.071482;394.035729;
1.205057;455.417835;
1.199344;535.969216;
2.683346;1090.726287;
0.750504;311.003788;
0.859173;372.575039;
1.510452;552.823835;
1.331173;570.911932;
2.091592;882.675145;
1.692634;710.341942;
0.772864;316.579238;
0.892113;358.276077;
1.117110;427.582677;
0.662043;273.589827;
1.198353;481.038461;
1.069935;427.568718;
1.985962;807.729505;
0.935022;411.240576;
2.257351;879.612562;
1.520071;596.928260;
0.923093;387.589856;
1.140778;480.069596;
0.593764;242.616382;
0.926807;376.462019;
1.053417;454.728540;
1.047632;357.725252;
0.602387;243.592834;
0.802275;335.529366;
1.212556;473.765831;
1.055907;401.571035;
0.703678;294.854334;
1.477056;643.939678;
0.688994;285.431557;
0.818493;357.613308;
1.630912;657.651398;
1.950183;744.005261;
0.969765;391.988367;
1.311697;469.749825;
0.755189;323.340168;
1.617021;684.403495;
1.207258;453.538769;
0.706015;270.719943;
0.775754;320.722605;
0.593580;225.336623;
1.105788;474.644603;
1.148864;442.265930;
0.632013;267.945233;
1.350477;558.749504;
1.358625;525.481445;
2.662023;1040.298474;
0.983488;381.105368;
0.718409;322.922996;
1.075035;452.429174;
0.909234;357.338627;
1.093806;424.676645;
1.088225;434.214938;
0.980029;432.964054;
1.036248;420.298722;
1.078362;470.563803;
2.024346;832.716846;
1.719085;739.576026;
1.157966;467.205345;
0.924332;391.657863;
1.532525;553.651205;
1.207015;539.322440;
0.496659;229.088515;
1.667749;609.973669;
0.392243;155.395501;
0.881100;369.196257;
1.302314;481.449702;
1.386893;586.002842;
1.606335;656.818754;
1.636711;757.972258;
0.472816;206.706989;
0.554219;219.566987;
1.188270;471.223821;
0.870358;379.425832;
1.852490;797.762210;
1.379672;364.582156;
1.164325;434.734536;
1.046892;396.093765;
0.576864;239.316465;
0.965921;407.213625;
0.892343;367.037209;
0.637993;219.132104;
0.709141;310.143065;
0.594607;260.416580;
0.887235;366.776401;
1.545580;689.995625;
0.602997;258.348313;
0.879679;373.614794;
1.183170;522.310199;
1.711530;771.670922;
0.634777;152.444270;
1.156762;418.420743;
1.333476;501.358777;
1.033978;368.339312;
1.676251;625.564050;
0.981550;369.081332;
2.292092;1047.358881;
0.902700;393.849322;
0.820872;348.328841;
1.436714;618.187349;
1.707995;685.095819;
1.124041;420.610049;
1.458465;611.322708;
0.836434;338.460137;
1.231392;507.878645;
0.530222;207.733820;
1.272186;450.098433;
1.007561;375.774853;
0.694066;218.379343;
0.899631;393.140922;
0.656461;275.344924;
1.419582;631.606251;
1.108198;396.711245;
1.098862;421.964647;
0.755017;303.431643;
1.353372;522.966365;
2.309911;886.428095;
1.016904;412.049518;
1.387150;587.679742;
1.497825;541.489811;
1.154138;441.134212;
1.203640;499.236179;
1.048073;385.810467;
2.043563;899.675848;
0.743932;326.119428;
2.029631;755.990402;
0.713606;306.620880;
1.140293;392.773201;
1.002759;390.322210;
2.499110;991.082264;
0.816771;350.972644;
1.257024;503.812977;
0.451832;200.100589;
1.423699;675.144589;
1.588449;683.037109;
1.000464;439.278197;
2.311225;976.829577;
0.871785;334.181501;
0.655270;254.420882;
1.480304;593.789098;
1.844079;802.757793;
1.359092;536.659433;
0.801572;326.505165;
0.699124;304.863607;
1.003061;397.646303;
0.605299;207.943437;
1.088896;462.690852;
0.580788;230.505046;
1.514080;537.951708;
2.640119;1054.463040;
2.688521;1010.264665;
1.179171;518.312839;
0.511116;229.642855;
1.712546;682.911128;
1.229654;494.175050;
1.731114;692.963891;
0.289154;124.459431;
1.101459;478.808297;
1.114422;449.141041;
1.150792;412.733275;
0.580800;221.525028;
0.972483;398.420964;
1.033750;403.891169;
1.199359;482.961415;
0.685496;299.538599;
0.796421;313.863713;
1.039430;452.857357;
1.272784;532.765141;
2.258573;918.432370;
0.557465;251.680936;
0.880594;352.513058;
1.929999;820.732499;
1.614216;613.721831;
1.663765;682.052123;
1.238359;390.293759;
0.512785;183.937692;
1.591783;677.407425;
0.715414;283.235564;
0.829657;315.193397;
0.440455;186.702416;
0.745925;282.554915;
1.112251;442.519661;
0.635833;257.268750;
1.023011;416.563877;
0.908645;357.499114;
0.808723;311.747457;
1.846842;731.430583;
1.379130;553.813804;
2.075073;648.911674;
1.236619;499.443742;
1.297122;522.215887;
1.632845;677.165487;
1.150471;453.971378;
1.731685;660.243416;
1.600027;733.475665;
1.041327;408.887356;
1.468182;601.428737;
1.157629;479.802402;
1.551901;607.589364;
1.080900;439.980739;
1.007788;375.937727;
1.365195;590.627258;
1.067383;458.706480;
1.388621;516.007918;
1.305935;506.212614;
1.034766;306.798679;
0.871411;346.971635;
1.119510;420.581066;
0.990119;372.172573;
1.201846;541.403235;
0.827381;320.359145;
0.595995;235.762869;
0.715759;299.856240;
0.793529;347.810110;
0.993339;352.665530;
0.916660;377.012441;
1.810641;717.844300;
1.374235;451.856741;
0.925820;350.106906;
1.203556;434.097333;
0.763012;312.613771;
1.956659;746.481759;
0.873357;374.017352;
1.098897;452.634172;
1.080884;442.889700;
1.469199;571.784315;
1.391342;468.568567;
0.684361;194.504667;
0.551916;235.875019;
1.988180;735.310254;
1.079478;433.908703;
0.845250;342.000002;
1.329543;591.520637;
2.030722;842.258610;
0.865951;333.590023;
M0:0.001783
W0;O:0.000093;R:93.610754
0.733244;212.407473;
0.744560;284.298723;
1.235178;388.312927;
1.328246;503.880095;
0.551036;211.927409;
0.578769;233.873075;
0.603269;252.209051;
1.409554;565.021721;
1.057581;412.076259;
1.120412;478.362474;
1.043934;396.270770;
1.331718;516.223932;
2.256451;920.568632;
1.249203;429.603227;
1.225829;501.773380;
1.460003;620.510386;
0.375891;156.299424;
0.634163;229.427359;
0.838016;317.851211;
1.217447;492.872604;
0.886766;343.458011;
0.853652;367.624695;
0.887383;296.852347;
0.461388;189.986321;
0.951954;361.253358;
1.136821;434.889296;
1.191732;478.155358;
0.897437;369.921457;
1.310823;552.174075;
0.515110;179.451258;
0.821302;332.842360;
1.270750;553.131057;
0.700865;294.548680;
2.393021;1018.633528;
1.041486;459.377466;
1.694972;742.832676;
0.946728;397.778671;
0.614306;251.020729;
0.655391;276.518143;
1.473423;633.784238;
0.797039;217.595778;
0.426614;162.531853;
1.101281;403.127729;
1.143199;422.170073;
1.220493;525.879596;
1.055188;461.367704;
0.701457;244.185768;
0.991108;281.596567;
0.590330;255.229498;
0.587761;263.906869;
0.960898;419.697417;
1.399348;443.157539;
1.208827;476.622991;
1.064385;435.579332;
0.802806;298.390784;
0.587117;220.996514;
0.757328;319.979104;
0.711543;295.146212;
1.341734;573.780334;
1.163834;528.435465;
0.669740;258.576095;
1.321770;489.027821;
0.727352;250.423170;
1.583823;432.048681;
1.065047;377.321739;
1.745508;638.964151;
0.946102;389.745532;
0.391958;155.744987;
1.082844;457.350595;
0.543397;195.113876;
1.137363;453.779235;
0.966168;374.194656;
0.735653;278.225874;
0.948157;408.934611;
1.503603;642.119416;
1.206402;471.744181;
0.685684;293.574690;
1.027473;397.905406;
1.045404;408.814454;
0.836631;328.620592;
1.012774;421.027610;
1.899521;763.855231;
0.574345;246.094479;
0.773514;252.108628;
1.553875;657.332401;
0.996029;449.398041;
1.113018;403.906094;
1.481358;628.256751;
1.233028;502.575450;
1.034570;478.880853;
0.918233;387.527413;
1.202015;524.735772;
1.099777;448.079546;
1.571193;609.796856;
1.900011;731.833705;
0.267732;119.050759;
1.014205;443.396793;
0.765119;310.922611;
0.814452;316.036718;
1.337423;525.304378;
0.967886;407.932348;
1.362312;398.468149;
1.850438;769.931237;
1.211806;511.010459;
0.412354;186.495260;
1.701697;629.625679;
1.604946;629.102432;
1.422841;573.950095;
0.762681;287.001946;
0.634299;237.717978;
0.892864;353.971449;
2.414194;760.733658;
0.759373;322.020923;
1.354587;560.626764;
1.308931;509.871781;
1.112269;453.772765;
1.784847;736.159805;
0.631001;267.497589;
0.969330;427.291521;
0.972051;338.633249;
0.860407;351.363473;
1.371570;519.337421;
1.155611;464.365735;
1.134537;409.591640;
1.691367;641.472145;
0.557049;200.495313;
1.311612;536.337160;
0.863366;282.102624;
1.293838;520.032181;
0.361348;155.886833;
1.008889;360.292127;
0.665765;277.706611;
0.979729;424.060240;
0.628376;264.151011;
0.861766;382.137822;
0.842603;338.040585;
1.256538;500.302952;
0.341326;138.022056;
1.043873;436.869941;
0.768571;285.635006;
1.220306;474.074479;
0.713943;268.268781;
0.185925;77.577409;
1.080408;431.655834;
0.968525;404.231635;
0.413578;170.696670;
1.204999;523.183962;
1.254674;557.810835;
0.563041;239.482229;
0.486361;205.898801;
1.313932;545.521362;
1.203441;479.518035;
1.157472;534.087806;
1.278630;545.273692;
0.682455;274.801619;
0.712928;309.797274;
0.703366;245.872442;
0.624528;265.489527;
0.686888;314.707287;
0.711838;214.808723;
0.623216;260.830424;
0.544775;229.579586;
1.151894;486.969535;
1.081363;442.177739;
1.931823;776.399825;
1.110475;413.727139;
0.467628;185.168989;
1.872487;766.471854;
0.866098;353.107225;
1.556376;664.767483;
1.550706;638.051925;
1.045008;442.097162;
1.113849;426.667353;
0.592031;253.147277;
0.695782;285.163611;
1.392132;569.923311;
0.982587;411.814124;
2.878102;1042.390105;
0.928464;397.325076;
1.297290;487.911705;
1.653992;656.954500;
1.335189;565.526609;
1.691761;580.613903;
1.177927;498.816911;
0.728802;308.048638;
1.646205;657.062393;
0.420924;171.832176;
1.928305;822.601947;
1.323519;506.901747;
0.800115;351.656933;
0.762699;330.507758;
2.046614;770.540649;
1.254887;530.191624;
1.312077;569.149709;
1.205463;537.804913;
0.913397;377.777956;
0.333971;128.727455;
0.965840;359.143160;
1.294685;429.034913;
1.103655;387.335630;
2.055099;932.428140;
1.015421;440.467174;
2.133613;769.916658;
1.118255;447.661281;
0.615574;215.347700;
0.420679;173.732613;
1.601271;663.750261;
0.791012;299.109468;
1.335565;592.236716;
1.879814;720.823155;
0.687063;276.582230;
0.756949;311.243085;
0.965106;374.955602;
0.638160;266.089474;
0.471606;189.366021;
1.631023;716.524485;
0.918356;374.562778;
1.176779;406.272697;
1.274351;490.861607;
0.733308;288.179050;
1.292118;533.284461;
0.956227;388.451513;
1.078460;373.399333;
1.327940;482.109314;
1.143109;307.173583;
1.159554;477.374807;
0.892278;368.179375;
0.614502;271.630724;
0.983952;389.930522;
1.288498;503.818375;
1.104018;481.979471;
1.062757;431.484533;
1.635623;630.887376;
1.486306;495.361560;
1.317051;584.754073;
1.409105;602.209459;
0.670163;262.984101;
0.949622;403.369570;
2.336841;933.323071;
0.982906;403.809429;
1.335494;569.442435;
0.731805;282.113335;
0.940352;429.726994;
1.049165;395.468517;
1.496768;613.236549;
0.956692;416.898701;
1.759080;767.245179;
0.650385;270.357068;
0.849580;336.875059;
0.997664;362.964046;
0.918532;373.397557;
1.346777;566.516959;
1.290201;525.170458;
0.920272;419.736208;
1.318129;401.311132;
1.600681;537.766762;
0.259411;101.928338;
1.596439;601.604798;
1.288084;513.362918;
1.983420;782.459096;
0.408138;161.205807;
2.015060;875.064838;
1.295919;547.003315;
1.598080;653.207182;
1.408624;545.413091;
1.029729;460.898349;
2.246049;847.881061;
1.144691;447.390074;
0.929526;415.849589;
0.956310;396.716096;
1.515045;596.962338;
1.171781;436.038858;
1.214952;503.417668;
1.136953;290.525729;
0.903406;364.168178;
0.546092;236.233498;
0.817801;335.707202;
0.943380;425.241811;
1.022491;392.843324;
0.978888;426.349611;
1.741473;726.464058;
1.249910;488.528392;
1.587770;610.129790;
1.786305;729.875700;
1.435899;669.225253;
1.244677;545.480739;
2.276012;643.157852;
0.800863;306.486682;
1.776574;728.984660;
1.368035;547.597817;
0.809106;322.383976;
0.567103;229.565452;
1.182440;451.165192;
0.739827;334.609205;
1.464390;582.992309;
1.614798;704.114685;
2.025276;880.351196;
1.301917;554.176040;
0.579347;234.884417;
0.961548;414.368248;
1.124181;483.420547;
1.096103;428.108367;
0.968415;422.757506;
1.866853;801.591288;
1.400377;601.810869;
2.806687;1294.045321;
1.152572;466.856438;
0.373595;172.850040;
0.648133;255.415581;
0.719756;295.151799;
1.476874;587.473545;
0.807518;341.077149;
1.447338;616.205631;
0.505615;223.899056;
0.687497;272.439134;
1.200897;536.323150;
1.268998;451.851200;
1.530100;656.097556;
1.047827;394.137781;
2.426645;1058.447784;
0.704703;269.784858;
1.198682;501.753896;
2.084187;825.854895;
1.578146;642.554736;
1.400030;554.093989;
1.052152;461.639528;
1.461080;594.665776;
1.335116;543.037505;
0.990638;392.585283;
0.996192;446.511797;
1.534187;575.929312;
0.357990;158.379725;
1.407482;600.711819;
1.295103;503.731110;
1.362737;517.645288;
0.624316;269.929024;
1.050382;429.517385;
2.186956;897.151446;
1.806584;729.736114;
1.604463;654.687398;
1.315701;432.043507;
2.474102;865.654510;
1.706211;671.481587;
0.912228;334.919032;
0.913057;370.402490;
1.626016;640.650675;
0.436480;192.381346;
0.958526;384.670438;
0.840987;321.641902;
1.517809;631.753866;
0.530327;172.269200;
0.675022;304.693238;
1.355986;472.219504;
0.799186;366.209110;
1.751565;757.613629;
2.417734;897.896314;
0.809199;340.467619;
0.972262;404.167193;
0.346950;136.679835;
0.850421;373.584480;
1.656103;569.354429;
1.038589;386.084589;
1.160827;451.026526;
1.698835;519.238713;
1.422748;528.924789;
1.276396;497.716967;
1.041233;390.437731;
1.275407;518.729731;
0.347831;125.681248;
1.424362;562.838179;
1.101172;454.321960;
0.385049;146.094995;
1.346493;538.464821;
1.487172;632.349864;
1.489126;626.360149;
0.612232;221.751252;
0.511755;216.797899;
0.822086;296.145332;
1.380363;484.790528;
0.700759;296.466657;
1.133851;466.807422;
1.928001;836.518521;
1.836827;736.915972;
0.932881;355.191705;
1.272101;518.967427;
1.120722;434.174090;
1.524132;655.075903;
1.365590;540.618404;
1.349895;592.776320;
0.748760;310.275466;
1.992728;836.344482;
1.292691;482.982991;
0.639556;274.124051;
0.838833;331.226037;
0.889701;241.502297;
0.891203;363.909752;
1.537789;656.074137;
0.964405;421.887632;
1.339296;517.495979;
1.361567;557.243113;
1.412018;578.523731;
1.119233;453.420903;
0.673512;276.394332;
1.640248;694.266834;
0.758218;278.521546;
0.707125;301.190609;
1.095277;450.110767;
0.392152;163.378538;
1.161939;491.468685;
1.119239;403.497080;
0.428439;188.665447;
1.645440;653.166814;
0.992713;417.596085;
1.284770;488.904307;
1.631840;640.462170;
1.095843;432.663843;
0.645116;275.834146;
1.000946;420.493653;
1.058550;399.122188;
1.140234;415.006137;
1.253512;398.425183;
1.106621;456.582772;
1.119633;431.584216;
0.995923;422.528073;
0.662359;277.380991;
1.532277;680.694654;
1.149589;472.342843;
0.442386;204.063329;
0.860583;382.850106;
1.348092;612.332084;
1.610117;679.105329;
0.828811;307.342615;
1.227081;479.994856;
1.214813;484.019353;
1.059705;407.930999;
1.417963;564.114102;
0.863862;360.594746;
1.061677;421.042755;
1.593922;681.877935;
1.032377;448.153292;
0.913888;387.959301;
0.951978;400.477978;
1.127739;427.619503;
0.952502;426.652792;
2.371548;862.829885;
1.463903;647.989015;
1.770592;800.668086;
0.588707;203.538609;
0.948284;335.506910;
1.091003;441.512787;
1.358618;575.254717;
1.585562;691.188036;
1.546906;628.675697;
1.430038;610.309167;
0.966378;339.644864;
1.058383;370.673745;
0.757938;294.082692;
0.369943;140.399844;
1.175949;424.720051;
0.535843;199.004763;
0.474419;175.219918;
1.589011;687.420634;
1.602036;608.872520;
0.762941;296.413600;
1.737720;572.114722;
0.952729;382.032341;
1.594567;578.329982;
0.631788;286.792403;
0.620560;267.690087;
1.304429;504.658983;
1.179311;492.741579;
0.831836;335.200640;
1.219231;474.269966;
0.897667;376.346253;
1.222930;497.059433;
0.716866;312.080333;
1.137350;424.786119;
0.936861;353.306390;
0.995006;349.861139;
1.109218;495.925021;
1.312849;504.281040;
0.843248;342.779316;
0.773095;334.708235;
0.910590;394.130293;
0.740119;300.457130;
0.505488;201.920707;
0.443432;160.671132;
1.601124;710.439587;
1.190638;482.246482;
0.814765;322.315458;
0.739842;291.411676;
1.872300;770.338141;
0.756565;304.469788;
1.555581;624.961043;
1.296288;541.415653;
2.280882;969.772037;
2.102087;892.303008;
0.789580;317.172813;
1.655713;617.763749;
2.013830;778.144533;
1.371799;562.375061;
1.633618;612.679877;
0.965151;355.633591;
1.531234;628.351802;
1.107547;420.390416;
0.656203;268.108508;
1.599322;531.197009;
0.714272;302.560317;
1.103025;482.286238;
1.052466;464.907500;
1.514768;615.854079;
1.098186;441.399466;
W1;O:0.000214;R:190.342550
0.927458;396.052255;
1.442139;560.188221;
0.362097;149.667076;
1.389347;590.008683;
1.171859;491.857489;
W2;O:0.000223;R:191.452657
W3;O:0.000225;R:191.187777
W4;O:0.000217;R:189.072284
W5;O:0.000223;R:190.721673
