0.258160;76.970007;
0.361594;89.714800;
0.394307;186.535451;
0.830028;341.172764;
1.034564;416.492562;
1.106282;429.998755;
1.073956;507.872485;
1.376343;338.089788;
0.176154;47.428451;
1.457013;672.933848;
1.663059;767.658236;
1.544130;380.009975;
0.912197;461.106275;
2.791230;833.417631;
0.380824;93.688000;
2.641602;1074.236384;
2.856433;1278.779791;
1.597684;393.283800;
0.747611;308.016906;
1.252007;527.914807;
0.480138;118.344825;
1.985216;598.218382;
1.415890;714.878573;
0.218834;68.963352;
0.328383;147.302947;
0.130182;51.838338;
1.137423;425.573889;
2.656189;1189.680308;
3.241992;1104.098849;
0.468930;111.330846;
0.171492;71.315989;
0.411297;142.865229;
0.633557;282.192023;
1.203386;276.105396;
1.366873;313.290000;
0.414716;174.874575;
1.269860;589.267019;
0.959707;443.883564;
0.668840;155.060480;
0.475486;108.606454;
0.440261;125.848188;
0.407525;178.574736;
1.271328;561.039834;
1.470306;668.832601;
0.112281;50.647064;
0.294838;124.935447;
0.391612;177.813720;
2.306653;946.436540;
1.470434;601.035733;
0.161114;74.383321;
1.055358;469.587271;
1.417132;635.508574;
1.284912;581.109484;
0.239857;100.738722;
1.075139;489.438815;
1.892360;887.023608;
1.890165;847.539640;
2.662966;781.417700;
0.335595;149.756794;
0.565892;229.214274;
0.442096;158.334035;
1.950829;885.064814;
3.328720;764.564220;
2.650892;608.846355;
1.781176;797.627125;
0.532589;249.771758;
2.911779;1225.442441;
0.742381;222.526511;
0.718080;338.970263;
1.365527;435.142032;
0.768504;218.745841;
1.790506;781.473799;
1.091916;428.396139;
1.116432;254.653496;
3.093990;1082.224946;
0.836757;352.834768;
1.712678;770.896858;
0.809790;224.558349;
0.884558;209.795395;
0.942546;302.827564;
1.097616;404.412938;
3.607888;825.511936;
1.770505;827.161855;
0.661709;297.906649;
1.418420;517.343666;
2.134238;1004.015465;
0.358940;159.245310;
1.283769;593.544000;
0.487278;200.561941;
2.589556;924.979345;
0.254506;111.109860;
0.114631;50.036772;
1.115763;256.824400;
0.321720;149.198620;
1.413474;590.895907;
0.974983;461.683926;
1.360734;310.831680;
0.280531;121.823286;
1.485252;444.917856;
0.551375;257.421345;
2.368350;543.169000;
1.472428;510.860189;
1.774924;806.870248;
0.194990;74.753072;
0.678702;242.652346;
0.321554;151.554360;
0.317365;110.156121;
1.577078;503.276406;
1.690893;602.517825;
0.982374;224.447480;
3.896545;1769.466752;
0.193986;56.900496;
1.542599;567.077101;
0.643798;270.556706;
1.306889;424.323064;
0.204665;93.474909;
1.434457;616.207563;
0.714206;163.216000;
2.229231;947.696994;
3.062843;1201.275228;
1.037865;312.071365;
0.747658;233.963705;
0.656851;286.520958;
2.365120;886.015715;
0.479058;199.647603;
2.388041;1111.417703;
2.920906;723.311111;
0.847890;232.330653;
1.210302;527.760929;
1.036078;461.963467;
0.174281;77.651854;
0.277391;120.360282;
0.485020;148.200387;
0.762038;299.435598;
0.580095;231.237407;
2.289436;1037.929695;
0.823421;387.287987;
1.596724;633.161261;
1.539397;472.692403;
0.492642;229.394302;
0.285615;68.286585;
0.274550;99.123085;
1.058175;242.474148;
0.820465;237.317429;
1.186316;409.065649;
2.276343;786.690987;
3.786113;1707.287533;
2.861188;653.964344;
1.314665;298.736355;
0.262585;92.243653;
1.802124;768.478180;
1.124511;444.798725;
0.278918;132.306006;
1.069012;487.763738;
3.182739;1387.554000;
0.584783;134.236512;
1.829402;866.790370;
1.550979;672.987916;
0.919786;413.379445;
0.392048;90.478144;
0.265141;59.829392;
1.098583;461.553991;
1.744311;529.089666;
1.045038;424.341691;
1.914447;566.727679;
0.958779;322.366313;
0.375233;175.331774;
1.660133;712.911467;
1.050376;384.513179;
0.485264;184.067709;
0.382360;180.978062;
3.429419;1394.809025;
0.579852;194.405047;
0.543557;215.181314;
1.963273;806.033264;
0.163967;55.500977;
1.484297;685.630517;
0.716030;174.580273;
0.586470;230.860506;
0.602027;276.909370;
0.239703;83.988146;
0.963192;221.101375;
1.576721;588.766406;
2.728398;930.685690;
1.151335;534.344641;
0.435486;114.753459;
2.200438;890.204127;
1.695477;794.119085;
2.743933;1199.418889;
1.236887;412.091035;
1.899659;805.032446;
0.461270;169.992977;
0.526109;242.399726;
1.565804;360.855054;
0.347013;164.111245;
0.667261;293.362471;
1.344337;583.028896;
0.839259;271.085344;
0.218024;95.936567;
0.248278;115.710596;
2.650799;1157.235000;
2.968922;1040.613220;
0.759935;222.751811;
1.454022;479.959691;
0.271359;111.247679;
1.038874;484.921373;
1.286230;404.537522;
0.361437;125.909876;
0.550875;233.920659;
1.604880;729.642153;
0.233321;76.270443;
3.576194;1243.056239;
1.400643;657.810218;
0.695897;160.130880;
0.429962;194.328051;
1.781716;731.733826;
0.501114;226.985275;
0.563924;262.701132;
1.253694;589.707829;
1.939736;682.119107;
0.209995;82.537079;
2.045592;682.168587;
1.121605;500.230646;
0.474369;224.440864;
1.531343;710.375568;
0.130021;43.131337;
0.443683;131.408975;
0.609299;228.591705;
1.260496;439.076305;
1.563690;659.441022;
2.375960;1083.908181;
1.714558;663.347371;
0.496477;222.915005;
0.629581;244.095302;
0.105105;35.710842;
0.519853;236.511223;
0.695306;321.380508;
1.310792;567.963582;
0.412257;156.545387;
0.350856;82.056233;
1.473817;384.107372;
3.195545;1224.877482;
3.503302;1218.467162;
1.570535;506.291315;
3.695954;1381.188407;
1.347793;596.182124;
1.110779;470.366406;
0.964754;348.546813;
0.681860;216.319103;
3.441275;1226.347160;
0.792633;323.630160;
0.732531;189.892120;
1.352651;639.577485;
0.507079;189.688821;
1.138075;262.370134;
1.008683;232.232022;
1.207364;558.366513;
0.193116;44.280144;
0.810308;356.679843;
1.467421;508.768046;
0.148426;69.607945;
1.445764;619.213867;
1.600677;367.870800;
0.858858;342.977223;
0.181429;41.363595;
1.980111;753.666488;
1.024166;234.353892;
0.162656;36.800000;
1.828005;607.600498;
1.733232;401.841000;
1.866213;886.059907;
1.174796;549.029062;
2.814939;643.515933;
1.346250;495.722398;
0.573669;259.483819;
0.301657;70.324800;
0.200724;78.142175;
2.899560;664.648936;
0.121009;54.479869;
1.393767;482.668827;
0.261231;121.415460;
1.754505;757.955681;
0.648462;303.988169;
0.384527;89.202141;
2.580432;595.850492;
0.657566;308.804685;
2.303214;1085.341666;
0.404819;157.411340;
3.316350;1101.431574;
2.129097;489.895776;
2.057645;935.009345;
1.300807;453.699109;
1.982642;878.459612;
0.251631;118.299763;
1.151496;530.434157;
0.760624;179.152832;
0.750955;313.541964;
0.929725;345.266581;
1.236225;561.714568;
0.138047;56.091433;
1.060954;244.713320;
1.343877;400.272822;
0.275740;64.852736;
0.905174;321.578807;
0.941092;423.306418;
0.675055;241.517759;
0.574698;131.567884;
0.372983;117.079019;
1.131596;482.715644;
0.335398;77.693234;
0.889266;387.577938;
2.127760;782.789668;
3.347412;1442.321389;
0.534651;247.039921;
1.142118;531.622122;
1.999757;836.562154;
0.270854;107.636841;
0.497445;113.425200;
0.749911;292.319415;
3.434065;1578.485577;
0.414194;181.664207;
0.334880;119.226373;
1.078373;411.284937;
0.606267;262.423627;
0.912019;379.194855;
2.055862;894.038871;
0.612034;236.523687;
1.329257;553.187600;
0.661528;206.499095;
0.682890;301.414321;
2.526192;1189.440955;
0.459206;216.729834;
0.321889;74.499444;
1.219972;531.600625;
0.367810;146.805812;
1.626386;770.343619;
1.969024;544.062826;
1.062586;297.649094;
0.699198;237.667959;
0.418131;184.522312;
0.366789;135.437933;
0.436751;185.565587;
2.059187;880.482313;
2.426412;968.878440;
1.589827;683.087916;
1.663733;747.376154;
0.555203;215.719852;
0.997946;229.486536;
0.783311;291.780086;
0.135298;37.602311;
1.425567;670.192637;
0.597513;181.061117;
1.905701;644.776718;
0.528669;233.303470;
1.073041;252.399541;
1.648662;378.389450;
1.565663;642.401699;
0.502848;232.801617;
0.283898;114.778602;
2.130586;945.964997;
0.274375;122.038544;
1.883212;786.183318;
3.126148;1319.980943;
1.081765;325.384428;
0.251968;103.595138;
0.421584;161.392877;
0.521713;236.660130;
0.884226;313.863760;
0.285458;117.110638;
1.486047;388.272581;
2.336427;1094.045559;
1.072419;453.098232;
0.886534;338.118100;
0.229574;95.157669;
0.889806;396.802108;
0.987966;422.787295;
0.457894;216.193941;
0.952815;428.690003;
2.029127;616.508826;
2.953943;1230.332527;
1.653829;764.657558;
1.255486;446.016122;
2.397617;803.667975;
0.753817;348.902536;
1.044792;338.372533;
1.346512;608.367540;
1.253775;545.932398;
0.764220;344.614913;
0.909378;366.391715;
1.547443;657.939108;
0.392866;161.490625;
0.175579;70.593770;
0.844191;213.924167;
0.661906;269.301067;
0.502215;115.555000;
0.479938;109.300752;
0.862096;327.064475;
0.510281;240.321256;
1.111069;468.736880;
1.052917;357.057020;
0.661511;308.561075;
1.419053;637.004035;
1.287961;555.441484;
1.088939;355.637619;
0.773755;285.645411;
2.671648;1149.723781;
0.841482;370.688666;
0.589839;251.119708;
1.286128;600.788001;
2.122467;993.434029;
2.345488;652.581765;
1.980720;452.964096;
0.152466;63.837477;
2.088964;964.623208;
0.724566;339.204138;
2.700936;1277.241383;
1.270607;291.055392;
1.856013;642.263156;
1.557253;717.981237;
3.666039;1430.509723;
0.289691;134.879734;
0.875529;384.106245;
0.458857;138.326722;
0.486622;191.926016;
0.919578;368.923735;
0.675933;298.552769;
1.085916;360.768617;
0.275304;97.379897;
2.273582;523.618752;
3.345517;908.954045;
0.522175;222.635233;
1.446224;611.003557;
1.693846;387.898112;
1.351834;528.275685;
0.399999;175.625147;
0.925032;210.290850;
0.375594;93.474479;
0.680335;277.883606;
0.486569;216.857035;
0.810034;186.075540;
1.076916;399.113432;
1.058017;455.578179;
1.512709;540.672466;
0.590466;274.201100;
1.196352;363.165307;
0.353463;162.806500;
0.530231;226.186462;
2.432950;1042.279408;
2.461977;913.363434;
0.937440;320.255641;
0.745950;171.532482;
1.114910;406.536784;
0.659792;287.757519;
1.068940;447.291168;
1.254352;463.747580;
2.571737;890.441410;
0.313122;129.901775;
1.359975;308.981248;
0.729110;269.369602;
0.231609;82.284539;
0.387901;143.748419;
3.268044;1273.071882;
1.322545;582.330728;
1.760805;431.158768;
2.818490;1252.473156;
2.393322;542.332080;
0.524490;122.550596;
M0:0.001623
W0;O:0.000086;R:92.433466
0.865672;309.070765;
0.887822;418.747376;
0.134752;62.544544;
1.726832;820.112475;
0.347808;147.850062;
0.154718;71.418949;
3.876259;1093.351820;
0.119748;38.135168;
1.685348;694.903835;
0.669228;306.280031;
0.385841;179.336309;
2.522111;1144.330038;
0.837738;217.523987;
0.798997;357.600984;
1.706122;396.031091;
0.510235;233.405829;
0.821819;338.002580;
1.630246;716.189794;
0.554248;206.895700;
0.505121;220.843210;
0.800936;377.464376;
1.551511;671.516661;
2.540969;1016.701987;
1.132731;261.796212;
1.603929;757.186856;
1.743092;761.534245;
1.482576;679.868731;
0.544024;220.830090;
1.715917;783.152418;
1.612193;742.820499;
0.377072;178.375344;
1.030571;441.387229;
1.407480;658.727035;
0.293742;113.570446;
0.591785;208.345081;
1.934355;692.656339;
0.497454;160.939176;
1.716382;535.717764;
0.568908;238.988637;
0.343814;152.115196;
0.862945;378.193060;
0.690724;287.396525;
1.110486;399.912696;
0.251908;119.125631;
0.662932;216.573204;
0.427350;165.234566;
1.054880;499.350800;
2.972482;1264.429612;
0.843549;345.232462;
0.856647;350.879290;
0.757878;347.174823;
1.550027;574.804861;
0.969688;429.213452;
1.116445;443.683758;
1.117040;255.678300;
1.082641;343.296491;
1.887247;760.082700;
2.426181;1118.879832;
0.881987;251.987133;
0.795602;321.504626;
1.238239;283.548496;
0.275889;117.413141;
2.198939;870.198126;
1.322723;617.387358;
0.914463;432.822571;
0.769956;244.165973;
0.426713;97.225920;
0.412077;128.881815;
1.178120;548.395002;
1.947902;915.533301;
0.326864;141.775490;
2.087145;718.469306;
0.993122;445.724584;
0.847571;194.037201;
1.595829;614.617616;
1.212771;575.824085;
0.873438;361.965081;
1.094004;464.798918;
1.877334;827.578230;
0.194597;90.002336;
2.717529;1154.948288;
2.207639;763.752569;
0.879767;318.999024;
0.367861;90.579512;
0.530250;244.953136;
0.407875;186.995320;
0.782055;192.436435;
0.203411;68.784445;
0.941235;345.231374;
0.291700;70.042516;
2.340273;995.063588;
0.162877;38.421351;
0.424451;154.419639;
1.291519;610.119423;
1.479991;577.386713;
0.709916;186.116744;
0.920632;241.389944;
0.508748;234.440024;
0.997880;411.955878;
0.518762;160.028465;
0.406949;190.019785;
3.295158;1471.888940;
0.635013;214.023966;
1.833082;586.659245;
1.778828;590.853885;
3.039364;698.040000;
0.748791;355.633803;
0.739991;169.003989;
0.528515;201.998496;
2.832183;1306.004804;
2.026161;754.735274;
0.918249;369.401477;
0.508242;145.696223;
0.559521;216.775022;
0.340181;132.496263;
0.442671;184.029414;
2.350178;816.554884;
0.159645;70.404090;
1.134699;399.180704;
2.906810;1371.605555;
1.172878;270.774000;
2.201744;930.399984;
1.247356;418.010547;
1.590074;699.175277;
0.322383;142.830336;
0.994270;436.003107;
0.731086;274.892465;
1.517814;657.145217;
0.669657;306.351548;
3.707141;1735.574730;
1.091585;510.304277;
0.919779;371.445283;
2.039567;950.135736;
2.837894;876.796661;
1.636275;732.041411;
1.882389;878.416444;
2.724370;992.987624;
2.428580;842.742105;
0.385616;124.703243;
3.063356;1296.244534;
1.150098;500.443538;
0.660566;240.088151;
3.449961;1608.925829;
1.549784;449.929792;
3.535218;1521.174505;
1.100827;307.720853;
2.086429;899.606283;
0.940714;284.212543;
0.502296;116.072670;
1.582516;363.549375;
2.834648;1098.803003;
1.057987;443.095822;
0.730500;206.336030;
0.307013;122.471147;
0.529741;223.209162;
0.587548;232.021884;
0.823110;385.560362;
2.082948;719.057258;
0.554980;251.813538;
0.807612;226.006115;
1.433399;587.740054;
1.814072;840.184742;
2.743580;631.847412;
2.917773;1053.670642;
0.852225;230.776113;
1.442226;562.163512;
0.296026;116.553118;
0.836594;209.808871;
1.283901;295.547066;
1.946534;846.673080;
0.164079;38.825885;
1.509712;627.796696;
0.360864;100.218883;
1.600357;458.807592;
3.687873;1057.831339;
3.378795;1497.594760;
0.169617;73.887953;
0.821477;339.616622;
0.996549;358.447352;
0.499572;175.414060;
2.706416;1171.727646;
1.490112;649.485502;
0.712913;297.238556;
0.151339;52.834425;
2.110979;942.136735;
0.871762;280.013580;
0.341657;97.843656;
3.697937;849.374424;
0.962880;387.269869;
1.747270;789.357048;
1.914189;438.339572;
0.579729;251.368897;
1.876085;809.990401;
1.115254;480.205424;
2.543978;902.824453;
0.650194;306.175588;
0.913074;426.453631;
1.170952;455.611888;
1.108966;510.673025;
1.059315;473.041101;
1.115340;445.010472;
1.076711;510.422486;
1.537736;561.083464;
1.307580;298.727500;
1.477512;675.403391;
0.288762;108.888061;
1.762288;674.713426;
0.375624;128.209940;
0.596978;272.448262;
0.595703;276.065630;
0.298719;111.591111;
1.545355;351.576163;
1.415112;571.624297;
1.858899;809.282988;
0.457806;105.601419;
2.847275;1116.418593;
0.371786;84.786384;
0.175346;77.197159;
1.911730;589.790317;
1.939314;791.746356;
0.847156;254.706869;
2.015770;460.162316;
0.714125;312.211181;
1.652929;755.496034;
0.547852;238.503803;
2.125061;948.224381;
1.597164;638.764698;
0.635597;258.133353;
1.835513;784.266076;
1.409950;391.140381;
1.261181;588.724194;
0.401716;186.903695;
1.530308;405.834169;
1.615877;719.695165;
1.993050;483.013902;
0.584470;259.904488;
0.656334;276.220336;
0.927553;228.245709;
0.191846;52.876102;
0.620498;201.866027;
0.682825;233.649219;
0.376480;161.008375;
1.168773;538.760860;
2.261754;927.683983;
1.197155;493.567982;
0.798971;184.895120;
0.158216;36.394054;
0.131716;61.908621;
0.443399;154.586587;
1.232558;463.050134;
1.350928;452.775835;
0.802151;256.528153;
0.417162;103.783411;
3.455630;1440.695279;
0.413800;130.627972;
2.276421;993.384936;
0.448930;144.858369;
0.793222;210.022856;
1.483362;555.447560;
0.619181;262.252085;
2.491671;1032.798104;
1.197170;501.730954;
0.413353;190.328291;
2.443192;559.963125;
0.389503;129.613758;
2.582503;966.443065;
0.439682;184.554390;
0.198254;66.440651;
2.340173;994.179625;
2.037984;803.419560;
0.492895;219.166100;
0.488208;169.984652;
1.546907;719.806920;
0.179500;52.485530;
1.528356;525.149689;
0.810693;275.825910;
1.158765;536.386236;
1.225793;514.266809;
2.213084;959.710649;
1.072396;426.807699;
0.813202;303.232937;
1.682636;769.884596;
0.740596;318.019637;
0.626063;155.884105;
3.008901;1166.644917;
0.444512;101.816181;
0.443097;177.948499;
1.892661;879.810262;
1.182142;456.109863;
0.749708;309.222630;
0.392645;119.129788;
1.980675;749.522281;
0.551422;208.319161;
1.599651;629.163441;
1.080388;468.852193;
0.372638;162.604301;
0.249523;57.141907;
2.608147;965.217229;
2.220672;754.437723;
0.739152;342.343230;
1.161956;463.785691;
2.975942;1222.613747;
0.254070;57.713011;
1.391214;546.626813;
0.230478;106.097766;
0.789574;338.270140;
1.060975;411.021397;
0.821187;320.428864;
3.254650;1427.277384;
1.031405;363.359276;
1.524025;512.194263;
0.793341;353.031387;
0.157999;72.486305;
0.515476;210.064647;
1.490482;697.860081;
2.189824;864.112984;
2.289378;1025.556042;
0.859832;366.688322;
1.719090;802.122198;
0.323341;134.582696;
0.385360;167.040810;
0.388057;164.281344;
0.302514;122.594323;
0.639241;218.768877;
1.025948;443.542179;
1.380856;595.541748;
2.355138;933.049741;
0.999458;430.480938;
2.800904;970.351777;
0.805166;337.447771;
1.991565;892.294609;
0.266277;99.383504;
1.388959;623.489133;
1.075458;487.220867;
0.496032;232.145276;
1.319022;622.025096;
0.292613;100.283053;
0.534200;243.822322;
0.877719;200.495040;
0.466831;164.971174;
0.412650;154.153550;
1.254699;479.177762;
0.653831;285.909965;
0.963071;369.451800;
2.288924;822.584916;
1.640933;750.745173;
1.296981;583.016404;
0.261966;113.188416;
0.650582;219.833641;
1.145294;454.605877;
0.312228;86.412051;
1.385998;603.829220;
0.208858;89.249478;
1.549196;653.030568;
0.367662;163.084139;
0.652757;304.447728;
1.983624;748.047024;
0.121689;53.569636;
1.253693;508.187989;
0.339663;132.380729;
3.359541;922.999928;
1.016948;467.623567;
0.657464;150.700500;
0.957147;340.865096;
0.939212;425.385926;
1.026174;261.573196;
1.287497;492.791593;
0.948662;274.893067;
0.676885;290.171255;
1.531772;536.233677;
0.888562;359.301483;
0.221700;101.181997;
1.672346;537.536445;
0.570351;254.611931;
0.807809;221.769133;
0.474259;205.533706;
0.406127;172.221141;
1.165949;552.554824;
0.771858;365.571484;
0.316675;132.762062;
0.755507;310.066313;
1.038014;465.125584;
0.939693;360.580894;
2.768289;635.836640;
1.918231;742.812951;
1.461755;672.823081;
1.034552;474.764343;
2.652369;1203.955988;
1.048422;454.483201;
3.024832;1035.147395;
0.569245;215.352760;
0.707164;305.148353;
2.016427;788.313607;
0.406038;118.394936;
2.189706;999.142020;
0.541309;199.043471;
0.946387;336.911276;
1.914410;826.167917;
2.548586;863.984551;
0.729081;256.756044;
0.284648;66.170341;
2.535163;1041.014829;
0.331211;154.507271;
0.239551;88.033671;
1.340563;404.264074;
2.054835;756.829343;
0.434213;181.112102;
0.772253;299.822348;
0.699904;311.395505;
0.590676;142.343872;
3.323739;1355.909121;
0.813559;359.475249;
0.616743;244.155655;
2.562028;589.030704;
0.597100;260.990586;
0.294764;97.967120;
1.410472;599.134193;
0.401411;183.796995;
0.864905;322.730669;
1.567024;671.461237;
1.311116;536.617376;
0.347842;153.285359;
0.559167;250.987798;
3.831742;1625.377879;
0.392595;133.877807;
1.058521;240.961616;
0.512375;219.257894;
0.971216;436.649428;
1.760779;687.997780;
1.510631;706.366481;
0.496354;170.670542;
0.225487;74.590007;
1.794672;545.412945;
1.355053;631.275701;
0.572305;268.041134;
0.836418;362.214627;
0.351561;138.860132;
0.180871;63.298102;
0.192219;56.615472;
2.697430;706.612174;
0.207044;72.113241;
0.867624;335.812377;
1.536035;653.320153;
0.961832;398.178202;
3.408488;1388.043973;
0.764707;274.414529;
1.029587;428.879579;
3.640640;1383.557783;
2.117060;638.706376;
0.426254;174.150880;
0.821247;376.424968;
0.767280;355.772536;
2.258490;927.448925;
1.055813;488.728424;
2.553240;987.496070;
0.430516;199.659626;
0.880104;341.868070;
2.441559;999.750737;
0.249039;116.860528;
2.384625;1092.791560;
0.831747;256.209715;
0.230994;103.300832;
3.031936;698.295296;
0.613365;240.564013;
0.274360;104.167452;
2.373820;1093.353234;
1.536871;548.968154;
0.947144;334.837872;
1.189412;445.557159;
1.668074;724.274030;
3.279166;1426.986387;
2.767921;1062.356770;
2.444504;1040.259406;
0.720174;239.907901;
1.487639;634.870684;
0.434471;145.585757;
1.440648;646.154322;
1.926514;903.075235;
0.371255;103.964822;
0.267574;126.062183;
2.839504;1205.806176;
1.172957;368.744132;
0.570642;194.954954;
0.481710;193.813803;
0.656405;293.830350;
2.141363;697.881404;
0.838656;387.859834;
1.633099;514.080912;
0.670612;280.882735;
0.447766;108.744178;
0.351314;131.822939;
3.318444;1423.323927;
1.692873;389.145600;
1.761688;607.066196;
2.158986;790.937644;
2.834392;1266.870278;
0.128941;56.556226;
0.706801;197.528903;
1.627915;718.365881;
0.595353;229.937026;
3.842919;1243.349763;
1.147501;500.550178;
1.974456;655.401864;
1.417249;534.451072;
0.963037;441.148202;
0.995094;471.838633;
2.756818;642.318526;
1.986806;498.784655;
0.439569;206.947422;
0.585127;255.887891;
0.270115;76.211250;
0.383496;163.166841;
2.106680;767.541996;
2.343555;1038.211080;
1.795597;427.352800;
1.465525;592.406084;
0.381711;133.667795;
0.907178;310.620672;
2.187902;1005.962800;
0.961194;337.771742;
0.950982;350.605560;
1.162253;540.131579;
2.808813;1073.795268;
W1;O:0.000249;R:198.657708
W2;O:0.000224;R:196.230517
W3;O:0.000226;R:198.752745
0.493759;232.324064;
0.434504;126.667818;
0.365402;180.165785;
1.366758;529.636029;
0.940421;412.702006;
1.055271;268.076096;
0.655793;310.975247;
1.645244;787.469654;
W4;O:0.000218;R:200.759019
1.823435;837.234375;
2.036228;975.794635;
W5;O:0.000229;R:202.765998
