3.85211;556.138;
8.55046;1293.42;
7.45249;1321.52;
10.8493;1541.83;
3.70607;463.276;
7.39473;1042.35;
13.0392;1758.31;
6.48989;969.043;
12.4344;1555.47;
4.27003;583.91;
1.51646;193.194;
4.94691;722.693;
17.2497;2476.74;
8.80519;1304.71;
3.88105;539.409;
7.59055;1123.52;
2.56981;340.295;
6.00613;890.013;
2.21625;328.169;
5.69305;789.544;
3.07095;416.136;
4.36862;546.597;
6.61377;1019.87;
2.09687;295.187;
6.69668;1168.48;
8.37485;1211.44;
2.14572;330.011;
6.58008;971.981;
4.26049;620.356;
4.15744;588.92;
6.06015;816.423;
11.743;1716.53;
4.39626;783.324;
4.72029;698.014;
4.6446;691.743;
5.28414;715.204;
6.65524;900.233;
3.59183;458.427;
5.5538;838.99;
6.98867;976.657;
7.02774;1213.98;
5.08223;742.436;
8.29178;1143.66;
0.724284;108.057;
2.6965;382.518;
5.17766;869.533;
5.20069;742.045;
3.05513;414.361;
2.74296;415.635;
5.3177;738.991;
4.97456;733.211;
4.82203;902.862;
4.85884;691.947;
3.73041;558.128;
3.84874;513.431;
3.25233;483.086;
4.25489;664.938;
8.11191;1247.02;
4.63656;823.725;
5.26693;770.771;
2.81003;422.737;
2.54554;370.529;
2.89514;420.026;
3.08788;577.839;
5.05533;783.127;
16.3799;2282.15;
2.17868;298.501;
5.86362;948.417;
0.508094;89.1246;
7.42709;1098.35;
4.02009;465.9;
4.22881;611.991;
9.36461;1499.1;
8.35089;1206.03;
2.62797;372.811;
2.66353;392.896;
3.91506;563.849;
10.7385;1314.71;
2.82142;435.659;
2.91463;405.931;
4.2486;613.152;
8.61804;1487.88;
2.87668;416.885;
6.27187;931.649;
4.95614;691.243;
7.29563;1008.83;
7.38387;1091.89;
0.683579;107.73;
5.363;758.285;
4.6663;780.035;
3.0367;384.686;
3.02204;403.816;
6.22615;826.855;
3.27797;463.695;
3.28694;581.336;
5.39076;771.481;
2.12354;253.449;
2.99019;459.54;
1.28566;208.207;
3.04798;540.489;
6.13457;823.289;
9.62226;1266.95;
3.91975;570.175;
5.93079;580.653;
7.77502;1114.04;
4.36221;648.176;
1.79096;279.02;
3.39621;518.292;
4.77918;811.135;
2.16618;341.243;
3.08987;435.852;
4.65151;688.354;
2.55862;373.666;
3.11272;479.592;
10.4433;1488.28;
0.34673;47.8084;
6.40954;950.27;
5.63724;948.45;
5.83433;881.764;
3.53476;521.446;
7.09799;965.025;
4.40159;645.353;
4.95543;814.024;
2.65455;402.902;
3.35055;465.571;
9.74391;1321.89;
1.67083;290.51;
3.53269;558.402;
1.87428;253.616;
1.82826;316.051;
10.7836;1287.78;
3.05077;423.304;
2.638;383.133;
1.85059;263.423;
3.19754;472.659;
1.86185;229.024;
7.54191;1044.58;
2.84196;426.891;
5.41175;749.478;
3.67959;446.356;
3.45551;467.567;
4.09654;581.569;
7.75518;1167.58;
5.04785;749.325;
8.4152;1109.7;
3.03273;476.953;
3.66553;594.905;
1.553;236.965;
5.34555;891.957;
2.02995;258.118;
5.34041;608.642;
7.71635;1139.76;
4.80662;873.611;
7.50503;998.475;
5.44951;725.33;
9.7945;1267.49;
8.18264;1207.89;
1.81329;259.803;
3.19362;530.309;
4.30539;578.363;
5.81634;735.639;
4.50832;658.977;
5.54199;815.508;
6.17817;958.735;
4.00008;565.997;
9.16006;1283.13;
7.12;1261.77;
7.92685;957.766;
4.96944;700.482;
4.67891;645.145;
5.66711;883.799;
4.06408;588.945;
6.59868;909.682;
2.31672;339.094;
8.38263;1426.76;
1.33438;198.219;
7.15102;839.332;
10.6598;1532.92;
7.59507;1077.37;
5.28976;824.37;
2.85727;445.6;
10.5517;1435.25;
1.24874;186.668;
6.03319;898.958;
5.8849;814.512;
5.35997;788.997;
6.2572;840.085;
8.05876;1166.03;
2.69169;455.777;
3.5216;499.35;
8.68359;1371.02;
6.00037;894.521;
5.30858;713.018;
3.47235;488.715;
4.96058;681.198;
2.16499;346.042;
4.02479;569.874;
2.63761;320.965;
5.07316;651.392;
5.8087;1056.64;
4.05169;610.291;
4.91878;693.691;
1.83956;272.647;
7.86998;1240.45;
3.45144;644.363;
4.81662;723.674;
1.61764;231.103;
4.96943;683.041;
2.23429;310.249;
1.41493;250.49;
5.50678;791.783;
3.36347;434.09;
1.95035;296.55;
3.61371;633.591;
5.59852;885.63;
5.51795;776.031;
3.92288;554.352;
6.78688;1006.74;
4.8723;582.636;
2.03239;269.012;
1.25418;179.244;
4.03667;714.516;
2.93459;413.743;
3.19482;497.309;
9.65205;1437.38;
2.15855;356.987;
2.73376;383.202;
4.44425;613.357;
4.73871;647.024;
5.84435;887.298;
4.81734;703.556;
5.06936;837.311;
6.33144;804.304;
5.05649;810.024;
4.47267;682.137;
3.59759;492.158;
3.23757;496.08;
5.27178;744.163;
3.54931;589.425;
2.66553;364.032;
3.1248;451.954;
3.26173;480.496;
1.96613;277.942;
1.34748;166.457;
10.399;1602.92;
2.38244;347.806;
3.51862;497.55;
4.59126;819.014;
4.74424;698.007;
1.93274;277.992;
2.37357;322.664;
1.17303;170.148;
4.42238;619.999;
2.27318;303.047;
4.60246;684.233;
4.82136;664.847;
4.76645;737.451;
5.88432;842.238;
5.58103;782.904;
7.37977;1120.31;
7.91332;1336.66;
3.25191;481.474;
5.57665;709.003;
3.0709;390.924;
2.49488;378.687;
1.94252;208.873;
4.3918;744.576;
9.15516;1147.74;
5.01956;626.456;
1.57747;227.462;
7.12074;968.251;
3.21139;434.559;
2.56303;350.295;
5.54855;671.407;
1.93948;278.682;
4.62552;668.465;
11.9494;1712.74;
2.09109;304.797;
4.32754;716.717;
4.15268;611.387;
4.26598;640.157;
3.51088;570.033;
8.08733;1004.28;
6.24606;875.816;
4.14767;600.764;
6.56643;914.737;
4.41696;597.025;
7.56931;1039.46;
4.52296;734.179;
2.17523;303.914;
4.26511;530.889;
3.04095;515.622;
7.84782;1114.38;
6.52565;873.717;
7.41085;1102.6;
4.75858;740.985;
5.00753;896.464;
10.1659;1441.64;
8.77641;1261.27;
6.7927;1184.96;
