1.23334;450.186;
1.19906;450.186;
1.22311;450.186;
1.4154;450.186;
1.44035;450.186;
1.44109;450.186;
1.26806;450.186;
1.44186;450.186;
1.2228;450.186;
1.27728;450.186;
1.44685;450.186;
1.44582;450.186;
1.22055;450.186;
1.44037;450.186;
1.44074;450.186;
1.22428;450.186;
1.44142;450.186;
1.44071;450.186;
1.22344;450.186;
1.4405;450.186;
1.44084;450.186;
1.22398;450.186;
1.21688;450.186;
1.44052;450.186;
1.44023;450.186;
1.21282;450.186;
1.44022;450.186;
1.44013;450.186;
1.21822;450.186;
1.44041;450.186;
1.44033;450.186;
1.21633;450.186;
1.41283;450.186;
1.44578;450.186;
1.22068;450.186;
1.45198;450.186;
1.38875;450.186;
1.47537;450.186;
1.2772;450.186;
1.4572;450.186;
1.22757;450.186;
1.2865;450.186;
1.4417;450.186;
1.32493;450.186;
1.44057;450.186;
1.44056;450.186;
1.21811;450.186;
1.21763;450.186;
1.4403;450.186;
1.44026;450.186;
1.44035;450.186;
1.21456;450.186;
1.44033;450.186;
1.21862;450.186;
1.44039;450.186;
1.44066;450.186;
1.21722;450.186;
1.4414;450.186;
1.44051;450.186;
1.22237;450.186;
1.26357;450.186;
1.44263;450.186;
1.41559;450.186;
1.44109;450.186;
1.44086;450.186;
1.22018;450.186;
1.22037;450.186;
1.44043;450.186;
1.44031;450.186;
1.44048;450.186;
1.21283;450.186;
1.44036;450.186;
1.21695;450.186;
1.44031;450.186;
1.44051;450.186;
1.44009;450.186;
1.21713;450.186;
1.44038;450.186;
1.21315;450.186;
1.4406;450.186;
1.22177;450.186;
1.44072;450.186;
1.44064;450.186;
1.24008;450.186;
1.4408;450.186;
1.21349;450.186;
1.44053;450.186;
1.4406;450.186;
1.22008;450.186;
1.4406;450.186;
1.44056;450.186;
1.21625;450.186;
1.21606;450.186;
1.44039;450.186;
1.44043;450.186;
1.4404;450.186;
1.44035;450.186;
1.21403;450.186;
1.21741;450.186;
1.44045;450.186;
1.44044;450.186;
1.44044;450.186;
1.44658;450.186;
1.27031;450.186;
1.22295;450.186;
1.44073;450.186;
1.44084;450.186;
1.38657;450.186;
1.22436;450.186;
1.44072;450.186;
1.22064;450.186;
1.44045;450.186;
1.44031;450.186;
1.44037;450.186;
1.21304;450.186;
1.2126;450.186;
1.44048;450.186;
1.21629;450.186;
1.44041;450.186;
1.44038;450.186;
1.44029;450.186;
1.21739;450.186;
1.44036;450.186;
1.22169;450.186;
1.44045;450.186;
1.23378;450.186;
1.44082;450.186;
1.44317;450.186;
1.432;450.186;
1.3216;450.186;
1.22067;450.186;
1.26384;450.186;
1.44057;450.186;
1.4408;450.186;
1.44076;450.186;
1.21608;450.186;
1.44028;450.186;
1.21627;450.186;
1.44041;450.186;
1.44041;450.186;
1.44042;450.186;
1.21395;450.186;
1.21827;450.186;
1.44035;450.186;
1.4402;450.186;
1.44036;450.186;
1.36194;450.186;
1.23948;450.186;
1.33225;450.186;
1.44384;450.186;
1.44098;450.186;
1.44084;450.186;
1.21883;450.186;
1.22935;450.186;
1.44053;450.186;
1.44101;450.186;
1.44044;450.186;
1.21648;450.186;
1.44052;450.186;
1.21438;450.186;
1.44042;450.186;
1.44037;450.186;
1.21649;450.186;
1.21581;450.186;
1.44162;450.186;
1.44315;450.186;
1.44073;450.186;
1.21851;450.186;
1.44175;450.186;
1.2229;450.186;
1.44361;450.186;
1.44312;450.186;
1.23278;450.186;
1.4409;450.186;
1.21904;450.186;
1.44076;450.186;
1.4406;450.186;
1.44052;450.186;
1.21648;450.186;
1.216;450.186;
1.44035;450.186;
1.44052;450.186;
1.44043;450.186;
1.44054;450.186;
1.21552;450.186;
1.21609;450.186;
1.4404;450.186;
1.44048;450.186;
1.44097;450.186;
1.44051;450.186;
1.21963;450.186;
1.22115;450.186;
1.44081;450.186;
1.44095;450.186;
1.22881;450.186;
1.44103;450.186;
1.22768;450.186;
1.44106;450.186;
1.44058;450.186;
1.44046;450.186;
1.21394;450.186;
1.2123;450.186;
1.44021;450.186;
1.44025;450.186;
1.44042;450.186;
1.2164;450.186;
1.21638;450.186;
1.44039;450.186;
1.44045;450.186;
1.44049;450.186;
1.2197;450.186;
1.22318;450.186;
1.4404;450.186;
1.44081;450.186;
1.44751;450.186;
1.40328;450.186;
1.248;450.186;
1.22805;450.186;
1.44092;450.186;
1.44071;450.186;
1.44061;450.186;
1.44067;450.186;
1.21893;450.186;
1.21749;450.186;
1.44086;450.186;
1.44085;450.186;
1.4493;450.186;
1.45001;450.186;
1.23182;450.186;
1.2341;450.186;
1.45259;450.186;
1.4591;450.186;
1.33694;450.186;
1.33903;450.186;
1.22814;450.186;
1.45144;450.186;
1.47933;450.186;
1.46923;450.186;
1.2987;450.186;
1.24701;450.186;
1.40858;450.186;
1.47424;450.186;
1.47417;450.186;
1.24658;450.186;
1.24966;450.186;
1.47319;450.186;
1.47203;450.186;
1.47191;450.186;
1.24183;450.186;
1.31003;450.186;
1.46415;450.186;
1.46071;450.186;
1.30798;450.186;
1.46217;450.186;
1.24273;450.186;
1.3269;450.186;
1.48076;450.186;
1.49009;450.186;
1.46358;450.186;
1.4988;450.186;
1.28346;450.186;
1.28069;450.186;
1.49999;450.186;
1.49618;450.186;
1.49598;450.186;
1.41847;450.186;
1.35051;450.186;
1.25432;450.186;
1.47776;450.186;
1.47716;450.186;
1.47739;450.186;
1.24347;450.186;
1.24368;450.186;
1.47672;450.186;
1.4801;450.186;
1.2541;450.186;
1.45089;450.186;
1.47875;450.186;
1.30125;450.186;
1.48471;450.186;
1.31159;450.186;
1.4828;450.186;
1.32037;450.186;
1.48599;450.186;
1.36414;450.186;
1.4865;450.186;
1.24987;450.186;
1.24609;450.186;
1.47629;450.186;
1.47428;450.186;
1.47418;450.186;
1.48198;450.186;
1.25409;450.186;
1.25466;450.186;
1.48691;450.186;
1.4888;450.186;
1.49128;450.186;
1.25714;450.186;
1.49026;450.186;
1.261;450.186;
1.50727;450.186;
1.5118;450.186;
1.51448;450.186;
1.29876;450.186;
1.28203;450.186;
1.51768;450.186;
1.49863;450.186;
1.49918;450.186;
1.49927;450.186;
1.27083;450.186;
1.26682;450.186;
1.50007;450.186;
1.50339;450.186;
1.26539;450.186;
1.26585;450.186;
1.5011;450.186;
1.50708;450.186;
1.52875;450.186;
1.28348;450.186;
1.28418;450.186;
1.51146;450.186;
1.51404;450.186;
1.51791;450.186;
1.51557;450.186;
1.29513;450.186;
1.29823;450.186;
1.5288;450.186;
1.53256;450.186;
1.53321;450.186;
1.54294;450.186;
1.30322;450.186;
1.29932;450.186;
1.54304;450.186;
1.54505;450.186;
1.5455;450.186;
1.30506;450.186;
1.30407;450.186;
1.54345;450.186;
1.54306;450.186;
1.54435;450.186;
1.54463;450.186;
1.315;450.186;
1.33086;450.186;
1.55444;450.186;
1.56073;450.186;
1.31542;450.186;
1.55675;450.186;
1.55613;450.186;
1.32057;450.186;
1.54612;450.186;
1.29842;450.186;
1.5379;450.186;
1.29771;450.186;
1.5367;450.186;
1.53551;450.186;
1.53487;450.186;
1.29145;450.186;
1.29929;450.186;
1.55892;450.186;
1.58338;450.186;
1.53772;450.186;
1.54788;450.186;
1.32123;450.186;
1.31714;450.186;
1.55831;450.186;
1.55801;450.186;
1.55624;450.186;
1.31583;450.186;
1.55037;450.186;
1.3121;450.186;
1.56741;450.186;
1.53464;450.186;
1.54388;450.186;
1.28887;450.186;
1.29154;450.186;
1.53517;450.186;
1.5348;450.186;
1.53669;450.186;
1.53654;450.186;
1.29949;450.186;
1.2965;450.186;
1.53454;450.186;
1.53889;450.186;
1.3009;450.186;
1.30274;450.186;
1.53748;450.186;
1.5374;450.186;
1.53643;450.186;
1.29323;450.186;
1.29206;450.186;
1.53252;450.186;
1.53709;450.186;
1.53713;450.186;
1.536;450.186;
1.29782;450.186;
1.29715;450.186;
1.53446;450.186;
1.53023;450.186;
1.53051;450.186;
1.53545;450.186;
1.29813;450.186;
1.29769;450.186;
1.54573;450.186;
1.54983;450.186;
1.54989;450.186;
1.32142;450.186;
1.32655;450.186;
1.55455;450.186;
1.55064;450.186;
1.54828;450.186;
1.54727;450.186;
1.31154;450.186;
1.30606;450.186;
1.54013;450.186;
1.53853;450.186;
1.29882;450.186;
1.53662;450.186;
1.53663;450.186;
1.30498;450.186;
1.53646;450.186;
1.29199;450.186;
1.53324;450.186;
1.29724;450.186;
1.53919;450.186;
1.53939;450.186;
1.55194;450.186;
1.32481;450.186;
1.33417;450.186;
1.55421;450.186;
1.55051;450.186;
1.55061;450.186;
1.53926;450.186;
1.3009;450.186;
1.29894;450.186;
1.53721;450.186;
1.53447;450.186;
1.53456;450.186;
1.29125;450.186;
1.5417;450.186;
1.29178;450.186;
1.54571;450.186;
1.56592;450.186;
1.57371;450.186;
1.30936;450.186;
1.3112;450.186;
1.56297;450.186;
1.55476;450.186;
1.32514;450.186;
1.55733;450.186;
1.55707;450.186;
1.32092;450.186;
1.54799;450.186;
1.53743;450.186;
1.29353;450.186;
1.29304;450.186;
1.53268;450.186;
1.53268;450.186;
1.53584;450.186;
1.29723;450.186;
1.29713;450.186;
1.53626;450.186;
1.53691;450.186;
1.53694;450.186;
1.54539;450.186;
1.40623;450.186;
1.3452;450.186;
1.57269;450.186;
1.45959;450.186;
1.57416;450.186;
1.56555;450.186;
1.33512;450.186;
1.30988;450.186;
1.54774;450.186;
1.54671;450.186;
1.54619;450.186;
1.30381;450.186;
1.3033;450.186;
1.54529;450.186;
1.53696;450.186;
1.53681;450.186;
1.53718;450.186;
1.30706;450.186;
1.30707;450.186;
1.54544;450.186;
1.55478;450.186;
1.57161;450.186;
1.32082;450.186;
1.55836;450.186;
1.3202;450.186;
1.60659;450.186;
1.32238;450.186;
1.55653;450.186;
1.32127;450.186;
1.56563;450.186;
1.5538;450.186;
W5;O:0.350549;R:116.102
1.54626;450.186;
W0;O:0.700584;R:116.336
1.28436;450.186;
W3;O:0.175416;R:117.293
1.32914;450.186;
W2;O:1.05066;R:116.466
1.28157;450.186;
W4;O:0.525612;R:116.997
1.35599;450.186;
W1;O:0.875627;R:116.85
