1.18527;437.93;
1.32201;453.659;
1.53819;471.922;
1.49109;454.856;
1.56599;448.737;
1.66629;457.915;
1.36312;459.293;
1.28117;432.994;
1.57713;450.233;
1.70456;463.244;
1.60514;461.257;
1.33942;457.593;
1.35867;465.298;
1.59312;434.568;
1.56295;451.76;
1.33344;452.666;
1.48539;423.613;
1.64942;447.906;
1.29445;440.427;
1.6531;450.15;
1.65695;466.966;
1.4654;457.464;
1.44108;435.298;
1.60426;444.984;
1.72895;454.61;
1.67002;449.692;
1.4377;454.917;
1.62552;457.665;
1.31913;445.348;
1.61388;456.94;
1.53376;436.896;
1.61016;459.277;
1.32259;446.247;
1.33737;455.382;
1.52862;441.719;
1.55638;433.905;
1.61606;457.848;
1.61041;450.95;
1.37259;462.863;
1.35841;436.47;
1.57809;450.785;
1.54882;458.943;
1.53874;436.434;
1.30622;435.093;
1.52518;440.482;
1.70593;457.949;
1.34407;454.222;
1.58233;450.416;
1.5522;441.175;
1.38949;465.104;
1.62189;436.252;
1.33731;452.131;
1.65905;449.667;
1.58768;449.627;
1.53538;440.809;
1.30381;442.21;
1.65025;445.499;
1.2401;420.842;
1.56295;447.35;
1.67379;448.944;
1.36281;459.571;
1.59834;451.516;
1.3732;447.368;
1.68053;446.045;
1.36926;446.18;
1.5528;447.117;
1.75652;467.866;
1.62639;463.084;
1.35909;458.268;
1.65429;445.519;
1.28627;433.525;
1.58785;452.313;
1.64837;445.049;
1.61259;457.308;
1.34084;457.112;
1.36616;459.892;
1.66708;447.203;
1.57234;447.744;
1.36373;457.367;
1.57144;437.958;
1.63648;437.952;
1.50145;448.469;
1.4778;446.784;
1.41493;450.601;
1.64471;444.401;
1.64905;445.013;
1.68075;452.218;
1.63861;444.067;
1.44423;466.612;
1.35813;442.984;
1.56989;438.72;
1.49048;456.897;
1.5953;445.885;
1.55621;442.998;
1.61054;463.253;
1.29889;435.863;
1.57228;451.494;
1.39317;475.522;
1.62378;464.402;
1.44521;476.582;
1.55937;469.284;
1.69393;455.635;
1.61161;441.331;
1.70212;438.328;
1.62591;441.969;
1.388;449.538;
1.40671;453.863;
1.7022;440.566;
1.57816;429.658;
1.73069;447.122;
1.35356;439.147;
1.36297;440.185;
1.68427;459.986;
1.72528;450.646;
1.66518;458.192;
1.34228;433.97;
1.41134;459.808;
1.73114;449.85;
1.65555;449.932;
1.72756;446.327;
1.399;449.064;
1.39278;447.169;
1.62407;446.54;
1.67495;457.949;
1.73952;448.593;
1.40057;452.375;
1.377;449.377;
1.79139;461.173;
1.62633;448.449;
1.62047;444.292;
1.69075;440.797;
1.40888;455.506;
1.4036;455.956;
1.58786;414.574;
1.70005;464.49;
1.56908;441.44;
1.54578;460.26;
1.51477;454.416;
1.47807;434.854;
1.34108;450.005;
1.56854;443.541;
1.35222;449.552;
1.58082;449.035;
1.52853;436.716;
1.57909;449.168;
1.3625;461.361;
1.30291;440.041;
1.53255;438.193;
1.56282;444.397;
1.32675;444.151;
1.5936;454.964;
1.57979;451.535;
1.3512;461.897;
1.61657;461.013;
1.48332;421.76;
1.35604;457.92;
1.61652;459.719;
1.61651;457.646;
1.36742;453.775;
1.58305;444.291;
1.35429;446.417;
1.62195;458.627;
1.56345;439.814;
1.31453;437.19;
1.59074;446.21;
1.57578;448.559;
1.3606;458.037;
1.59064;449.97;
1.32128;444.376;
1.57465;447.284;
1.54064;434.639;
1.36545;457.329;
1.53846;433.019;
1.57398;445.089;
1.35351;451.695;
1.548;438.246;
1.6351;465.74;
1.30706;437.428;
1.57642;440.499;
1.36816;450.985;
1.56541;440.6;
1.5533;434.953;
1.37695;453.463;
1.60338;452.193;
1.31184;437.065;
1.55403;438.114;
1.5597;443.2;
1.35449;452.817;
1.54061;432.729;
1.5853;444.126;
1.33514;444.2;
1.64014;462.119;
1.59813;449.969;
1.38092;463.02;
1.59156;450.78;
1.30355;433.848;
1.55561;437.356;
1.54306;450.461;
1.40869;456.284;
1.67768;460.882;
1.64938;457.002;
1.46305;452.156;
1.5831;439.807;
1.56681;442.841;
1.40642;464.647;
1.63401;457.977;
1.36474;453.784;
1.55143;438.001;
1.60948;453.726;
1.39218;460.071;
1.65219;465.453;
1.34319;445.213;
1.61749;451.657;
1.60306;453.381;
1.62792;459.061;
1.30003;437.259;
1.64823;467.215;
1.33388;437.431;
1.59739;447.444;
1.5899;448.654;
1.5914;448.752;
1.53819;450.18;
1.52632;452.942;
1.61894;457.73;
1.61996;457.439;
1.59059;448.147;
1.35217;452.57;
1.59285;451.633;
1.33389;442.781;
1.63339;458.225;
1.57136;439.704;
1.31437;441.205;
1.57785;443.595;
1.5115;428.345;
1.36086;454.015;
1.59117;445;
1.3454;444.617;
1.5683;439.734;
1.55887;435.497;
1.36412;449.979;
1.60392;450.131;
1.55948;438.199;
1.35877;448.416;
1.60021;447.199;
1.40588;467.762;
1.62476;456.024;
1.64746;462.523;
1.34299;446.108;
1.62365;456.876;
1.37067;454.262;
1.6107;454.395;
1.58299;448.167;
1.55841;440.451;
1.3312;445.005;
1.62974;455.937;
1.31015;438.518;
1.62253;456.716;
1.55323;439;
1.64974;461.512;
1.41334;464.913;
1.34037;439.571;
1.65938;465.668;
1.63262;454.69;
1.53571;430.757;
1.33975;446.903;
1.57301;440.822;
1.34844;443.14;
1.54803;434.55;
1.57453;440.717;
1.38231;460.437;
1.62507;458.065;
1.62646;445.143;
1.42525;464.736;
1.72288;456.53;
1.46661;450.605;
1.70655;453.149;
1.76989;465.069;
1.4924;466.789;
1.74341;462.86;
1.45067;454.579;
1.6468;434.231;
1.65105;442.727;
1.41507;449.043;
1.69478;445.556;
1.69724;454.932;
1.46408;450.852;
1.5717;431.438;
1.32276;437.243;
1.47036;457.716;
1.55957;433.985;
1.56688;440.382;
1.58254;443.415;
1.30731;432.2;
1.58455;448.062;
1.34231;446.02;
1.66429;466.953;
1.61743;448.342;
1.3722;438.983;
1.60085;444.083;
1.43056;445.889;
1.57006;460.427;
1.67446;458.857;
1.36418;433.89;
1.78273;490.979;
1.41928;441.093;
1.6152;437.718;
1.57953;460.467;
1.59756;442.553;
1.55919;457.687;
1.63948;457.54;
1.41685;461.967;
1.59346;471.74;
1.64052;450.935;
1.66308;441.803;
1.46681;460.882;
1.46009;457.242;
1.68789;447.84;
1.64634;441.059;
1.71388;455.862;
1.41823;448.973;
1.60278;427.347;
1.47038;463.549;
1.72503;463.174;
1.70775;451.14;
1.72918;462.958;
1.35265;433.612;
1.41143;449.479;
1.67398;449.167;
1.70193;461.422;
1.72421;464.183;
1.65493;445.918;
1.41381;453.156;
1.39665;446.936;
1.74634;468.448;
1.66774;449.516;
1.41237;443.669;
1.60531;435.274;
1.7132;464.21;
1.39176;441.594;
1.70841;460.512;
1.4608;467.284;
1.65321;445.657;
1.43649;459.059;
1.69772;462.477;
1.70804;459.679;
1.66335;451.584;
1.42666;444.014;
1.62851;441.135;
1.4601;449.087;
1.66931;450.4;
1.69608;454.457;
1.607;438.05;
1.52157;452.632;
1.51467;444.161;
1.63882;445.759;
1.39207;419.822;
1.65577;460.968;
1.37419;457.192;
1.60757;458.362;
1.34287;448.334;
1.60895;454.189;
1.58218;450.254;
1.57039;449.268;
1.31812;445.268;
1.56218;447.336;
1.31126;442.833;
1.54669;444.212;
1.56049;445.242;
1.58072;452.726;
1.33776;445.829;
1.32368;437.871;
1.63683;462.26;
1.43401;448.588;
1.56698;456.889;
1.68181;467.828;
1.63125;452.144;
1.43119;455.07;
1.55997;437.678;
1.58025;454.792;
1.3696;442.168;
1.35253;452.536;
1.58088;448.463;
1.63122;460.814;
1.29942;438.78;
1.5905;449.055;
1.59847;452.052;
1.3182;446.002;
1.55759;441.606;
1.58962;453.165;
1.30519;438.536;
1.64541;465.039;
1.55887;439.203;
1.35677;451.614;
1.31556;436.718;
1.61893;451.779;
1.69238;475.347;
1.60285;445.877;
1.55682;433.417;
1.34705;441.086;
1.36982;457.991;
1.52931;432.674;
1.58549;446.571;
1.30737;439.749;
1.58168;445.959;
1.62026;459.553;
1.31125;441.507;
1.57436;443.464;
1.58809;447.665;
1.3421;446.785;
1.59482;452.2;
1.59513;445.887;
1.3231;439.813;
1.57007;438.524;
1.69028;469.689;
1.50398;447.013;
1.37329;452.306;
1.48049;459.64;
1.64406;461.383;
1.51484;426.543;
1.6956;454.459;
1.2951;433.5;
1.65338;444.356;
1.29116;434.254;
1.62267;457.502;
1.5453;439.316;
1.33497;446.173;
1.38179;460.55;
1.63488;434.532;
1.73236;460.774;
1.56261;437.472;
1.31875;433.693;
1.41289;461.168;
1.60523;449.608;
1.62284;438.92;
1.61673;473.619;
1.63383;457.415;
1.37321;447.364;
1.57322;436.327;
1.60436;449.499;
1.36234;451.525;
1.62722;457.474;
1.54297;432.857;
1.31343;439.918;
1.66259;469.125;
1.3795;453.513;
1.63117;460.327;
1.59929;445.132;
1.35302;446.219;
1.6504;460.413;
1.32094;442.575;
1.61249;456.475;
1.60183;449.344;
1.55966;435.485;
1.37943;444.689;
1.64359;446.251;
1.41339;449.266;
1.50889;446.355;
1.6439;436.061;
1.74257;458.27;
1.64453;459.45;
1.67386;452.054;
1.61943;470.72;
1.62695;459.619;
1.37763;449.707;
1.31618;439.498;
1.68296;473.945;
1.62923;459.887;
1.58854;450.803;
1.36227;450.846;
1.55549;435.403;
1.32526;439.231;
1.65709;464.803;
1.31478;434.172;
1.60698;446.913;
1.59932;441.712;
1.39208;451.983;
1.58167;437.458;
1.36941;450.598;
1.69158;462.794;
1.58582;440.701;
1.31551;434.325;
1.57627;439.999;
1.66066;464.873;
1.34497;443.269;
1.58032;442.287;
1.347;446.757;
1.60968;450.942;
1.5323;431.512;
1.57597;446.196;
1.37268;460.03;
1.34021;447.443;
1.55927;438.16;
1.59539;446.787;
1.59025;447.565;
1.6014;447.642;
W3;O:0.182432;R:126.885
1.35598;441.399;
W1;O:0.877833;R:126.342
1.36471;451.696;
W0;O:0.52676;R:127.039
1.50884;462.001;
W5;O:1.05594;R:126.771
1.32285;443.318;
W2;O:0.704789;R:127.29
1.3812;451.988;
W4;O:0.349563;R:127.683
