0.997039;434.133777;
0.997011;444.275306;
1.007292;441.504012;
1.064006;472.443962;
1.300553;540.119304;
1.315346;575.116148;
0.798663;331.954133;
1.031099;410.163784;
1.175874;457.973676;
1.283729;508.335434;
1.043610;418.280684;
1.106160;464.303796;
1.192119;491.816031;
1.168528;480.691269;
0.993308;390.254387;
1.198176;493.191249;
1.087381;442.871960;
1.375231;532.690395;
1.338176;543.412032;
1.212765;497.076457;
1.061400;437.789864;
1.080325;429.597883;
1.326638;539.912823;
1.186321;482.787517;
0.922796;382.021794;
0.989536;407.371190;
1.153256;459.468147;
0.953966;388.527009;
1.144718;447.835041;
1.324655;547.117201;
0.905032;374.698156;
1.089491;438.414896;
0.860080;359.148523;
1.241219;487.769104;
1.078533;442.998062;
1.244305;496.247372;
1.054002;405.429432;
1.125488;460.345869;
1.167261;481.100957;
1.257428;529.132865;
1.284212;512.026043;
1.081540;444.172715;
1.109241;451.237676;
1.127047;458.235455;
1.131607;461.983144;
0.809441;329.575807;
1.269805;516.897240;
0.843680;333.503833;
1.129442;457.424691;
1.156115;478.906154;
1.065610;450.097366;
1.166048;476.584427;
0.952923;394.528676;
1.062192;430.042888;
0.986985;403.097326;
1.100642;459.374419;
0.969034;366.075075;
1.285345;529.325371;
1.577354;633.940504;
1.013987;404.361793;
1.009881;413.313942;
1.162778;470.361528;
1.152483;483.193617;
0.984297;386.852427;
0.929176;373.585831;
1.259539;503.421112;
1.236868;505.507497;
1.038789;418.275127;
1.039076;424.847417;
1.138961;448.969998;
0.994186;400.119345;
1.259275;519.967016;
1.048041;435.686832;
0.974599;384.206710;
1.136665;450.596614;
1.215788;502.496885;
1.247710;510.789689;
1.118141;440.168385;
1.189234;485.777934;
0.947130;390.777265;
0.984612;403.771653;
1.056212;426.052513;
1.447779;577.203004;
0.974939;382.076017;
1.087890;436.391723;
1.091665;442.625060;
0.952621;398.900553;
1.156866;467.257481;
1.225003;497.124695;
1.080439;442.516155;
1.150039;459.224676;
1.142234;476.480993;
1.164087;474.437596;
1.082203;452.143748;
1.366044;544.893190;
1.163327;454.691830;
0.913117;361.425302;
1.311781;534.134818;
1.007502;416.824101;
0.943033;373.476566;
1.043683;415.376786;
0.833478;352.414251;
1.355308;557.311449;
1.118577;462.240240;
1.110248;434.277286;
1.324568;528.883144;
1.152567;477.455244;
1.040009;425.353317;
1.098402;441.639304;
1.040790;437.807009;
1.379034;563.550192;
1.062896;421.819250;
0.909908;365.815403;
1.174581;485.607629;
1.130260;447.877628;
1.065059;436.519460;
1.243970;519.680012;
0.989512;395.770625;
1.179333;501.130843;
1.069054;443.298625;
1.275375;538.130704;
1.429489;582.555721;
1.174518;478.124565;
1.021948;401.663948;
0.928122;383.248798;
1.365974;558.030573;
1.192755;476.912245;
1.154442;461.445332;
1.202426;484.131345;
1.152988;474.353803;
1.269147;514.917238;
1.078399;444.644856;
1.098792;453.119216;
1.160732;492.145038;
0.962927;393.859338;
1.189499;489.591768;
0.826799;331.133527;
1.254618;506.219296;
1.136916;464.057731;
1.177774;486.791027;
0.999702;408.264531;
1.171941;480.801302;
1.078947;441.071034;
0.993206;409.945217;
1.135580;462.573804;
1.122996;466.067678;
1.018586;417.160175;
1.005868;398.951594;
1.111516;442.992860;
1.117839;460.205197;
1.222119;502.259869;
1.087011;444.467724;
1.273096;538.631474;
1.112972;462.113227;
1.109378;448.270840;
1.149145;469.552369;
1.105668;448.647767;
1.170351;469.934886;
1.064169;429.066371;
0.832102;348.784937;
0.888599;357.034096;
1.085239;441.288753;
1.057265;428.013472;
1.007610;386.334742;
0.794050;322.415317;
1.081940;450.214012;
1.238952;486.342448;
1.005754;406.164310;
1.106233;427.698989;
0.880139;350.762509;
1.256766;519.556524;
1.047891;424.974531;
1.066586;418.930923;
1.144594;460.589041;
1.065224;441.758321;
1.398834;572.046836;
0.881016;372.404245;
0.942519;383.110910;
1.113577;457.133984;
1.294013;529.167211;
0.931512;384.042727;
1.026724;424.778001;
1.061058;410.172586;
1.197999;485.846577;
1.142183;450.283224;
0.984074;396.160607;
0.825553;339.226455;
1.066513;436.490584;
1.078597;441.662045;
0.811957;326.775652;
0.915500;379.122527;
1.218058;476.392635;
1.064405;436.231649;
1.227141;487.935658;
1.116773;457.622027;
1.371732;562.329109;
0.998577;391.538772;
1.134031;474.861844;
1.117731;455.032142;
0.969681;396.309470;
1.121413;441.836802;
1.004071;419.946347;
1.156867;472.304575;
1.362272;571.366428;
1.046146;429.643016;
1.004851;413.071424;
1.143384;470.331486;
1.221611;503.616325;
1.147509;482.360981;
0.941771;391.624914;
1.204484;497.292289;
1.308860;524.746919;
1.344385;523.145146;
1.140440;456.872152;
0.821217;344.364886;
1.173529;468.228044;
1.125527;464.491280;
1.232123;522.296374;
1.150637;445.946874;
0.835811;332.104126;
1.103429;436.605848;
0.987050;406.698141;
1.194132;480.381780;
1.230563;494.415261;
1.449085;595.522239;
1.140653;453.290923;
1.262217;506.975243;
1.268478;528.171802;
0.962615;399.530747;
1.321942;554.090842;
1.129350;453.836023;
0.930132;380.922070;
1.115916;432.789621;
1.181669;459.223173;
0.998818;396.177320;
1.256929;498.661656;
1.065288;445.799440;
1.157639;485.231592;
1.018580;424.890391;
1.025175;416.884949;
0.972697;388.699188;
1.087537;453.830156;
1.006304;417.127003;
0.915210;380.610747;
1.332765;506.105988;
1.070017;433.302854;
1.257818;493.889383;
1.210587;498.655999;
1.147616;451.078471;
1.090905;421.966979;
1.243780;471.482963;
1.234574;513.910021;
1.310676;550.675741;
1.145162;452.832439;
0.976565;398.012768;
0.890017;354.194247;
1.210537;495.583076;
0.991842;392.887060;
1.077527;443.431503;
1.125144;441.064909;
1.378066;545.675927;
0.969592;389.327217;
1.148566;465.053952;
1.155640;475.756741;
1.010116;411.461829;
0.900111;363.444784;
0.951034;385.312144;
1.078651;449.305658;
1.238768;488.569007;
1.210189;499.542738;
1.069246;410.720623;
1.256673;525.436274;
1.036467;399.250724;
1.040393;435.446471;
1.268197;504.274409;
1.391341;566.197249;
0.994072;407.419530;
1.302199;536.374603;
0.756340;291.851824;
1.312316;536.929285;
1.216610;492.412298;
0.780657;312.136848;
0.989595;406.791513;
1.219519;461.234033;
0.980930;367.180740;
0.879666;354.865408;
0.993544;411.101135;
1.142590;466.954129;
1.352630;529.572325;
1.251689;506.064015;
0.972005;377.573185;
1.553256;632.928154;
1.061338;432.460968;
0.913041;377.954956;
1.290474;520.777859;
1.377950;558.215494;
1.048224;427.499503;
0.983764;403.226796;
1.281479;504.368385;
1.007168;393.432188;
1.239316;486.904866;
1.071924;411.172531;
1.066861;429.203184;
1.002979;396.302938;
1.092878;433.659219;
1.248835;497.912573;
1.079873;423.621726;
1.039813;430.721889;
1.218051;505.968194;
0.952422;400.573059;
1.079507;428.216180;
1.153696;469.393547;
1.191874;487.122321;
1.128417;475.020693;
1.305623;529.681091;
1.161204;480.372333;
1.353220;549.014069;
1.288413;509.358206;
1.071112;420.801702;
0.845432;342.676900;
1.221547;512.695250;
1.128601;469.889117;
1.005939;411.666217;
1.272421;520.985830;
1.134312;457.671296;
1.253541;465.798207;
0.852474;345.665428;
1.050393;428.080117;
1.143172;448.177287;
1.060325;426.059651;
0.875282;356.246981;
1.210961;487.508363;
1.312926;528.232413;
1.137835;461.861264;
1.223741;494.969801;
1.047492;440.056466;
1.149522;451.012611;
1.245608;486.282666;
1.206180;472.987671;
0.993634;402.146884;
0.979845;409.764505;
1.115532;443.417409;
1.245251;514.122229;
0.930600;384.679117;
1.072005;430.808164;
1.245353;498.725116;
1.015801;425.503062;
1.134009;463.311459;
1.156703;476.022298;
1.131656;471.697965;
1.532032;615.934912;
0.879655;342.908438;
0.912416;374.253571;
1.000690;409.475652;
1.125085;453.131845;
1.119590;445.037710;
1.310231;515.601853;
1.166206;476.855375;
1.054725;433.477981;
1.150667;465.056367;
1.069745;419.254788;
1.263771;516.051990;
1.001206;410.705411;
1.093442;445.674485;
1.177374;486.038907;
1.116191;471.257931;
1.022627;414.632133;
1.032728;398.976916;
1.102085;439.560307;
1.060478;429.802899;
0.853317;359.157643;
0.945885;366.729092;
1.237130;503.619059;
0.953007;385.873527;
1.197777;490.331179;
1.384765;578.769189;
1.051360;425.467759;
1.031268;440.286066;
1.348209;546.919781;
1.017869;397.667228;
0.989185;408.315823;
1.325274;518.701016;
1.306871;541.617948;
1.098564;454.018319;
1.484878;618.542915;
1.028942;433.256654;
1.059347;428.033118;
0.955494;376.463268;
1.046905;443.679070;
0.956668;389.770631;
1.028890;419.849559;
1.064615;440.041349;
1.103473;422.257254;
1.138589;447.440247;
1.052263;429.571142;
1.345840;539.158892;
1.073805;442.629447;
1.114954;446.437785;
1.115894;454.398339;
1.435231;587.281934;
1.132033;462.286899;
1.229950;503.533704;
1.103615;446.348173;
1.410789;576.188339;
0.972907;408.111620;
1.268893;502.235344;
1.178956;462.480709;
0.996414;386.688090;
1.106958;427.679007;
1.148153;435.196086;
1.009381;419.892442;
1.219586;502.937856;
1.027528;419.449064;
1.289566;519.286108;
1.051041;410.656197;
1.072052;437.958788;
1.075058;418.024389;
1.092924;449.270918;
0.916570;375.865433;
0.880209;365.187765;
1.190745;481.189185;
1.040365;406.750450;
1.053536;422.568671;
1.168651;469.192223;
1.352124;563.178452;
1.089628;447.386756;
1.117990;458.525955;
1.058900;434.048455;
1.005648;387.253980;
1.037308;403.182221;
1.212110;502.743733;
1.130629;449.325401;
1.155963;475.276154;
1.486558;600.489102;
1.158653;470.150985;
1.127446;456.621502;
1.273783;536.170368;
1.175291;479.158085;
1.208400;500.336482;
1.183688;499.274097;
1.082445;447.974917;
1.087807;460.693768;
1.130231;461.906168;
1.205638;510.189481;
1.066337;453.393207;
1.245521;496.907120;
1.188528;496.232661;
1.031862;425.373244;
1.007808;392.479796;
0.981478;401.587575;
1.150630;465.533288;
1.089707;444.195776;
0.907271;376.300630;
1.054259;423.998376;
1.446800;575.522340;
1.228705;494.308728;
1.158437;463.599147;
0.937031;388.852626;
1.012645;431.442520;
1.115909;442.084677;
1.277853;525.819984;
0.982719;377.982139;
0.976251;384.856229;
1.195371;503.564838;
1.051360;431.765883;
1.168255;468.525066;
1.257040;484.105875;
0.944036;387.267275;
0.923817;379.210339;
0.999809;404.441569;
0.890327;359.150426;
1.003760;394.364584;
1.074829;423.004640;
1.106990;450.449836;
1.194545;504.522243;
1.338093;536.283919;
1.099212;455.917484;
1.159874;480.962964;
0.971568;405.728393;
1.151250;466.960602;
1.228029;491.842599;
1.169427;439.489790;
1.083220;434.436795;
1.033038;420.264664;
1.005926;433.533583;
1.088832;446.951309;
0.780419;326.506864;
1.055698;410.471547;
0.894268;348.919054;
0.832382;350.725484;
0.858197;359.633096;
0.905124;379.077169;
1.056229;435.350716;
1.510695;619.852883;
1.103360;440.212762;
1.229986;492.458705;
1.133577;470.239660;
0.920934;376.004957;
1.094654;433.258856;
1.052417;422.130260;
1.238128;503.022111;
1.106169;459.092326;
1.143791;465.184321;
0.972545;406.461152;
1.258811;523.722801;
1.115183;457.278319;
1.086685;427.919093;
1.239793;493.713696;
1.058628;432.608170;
0.823340;338.901370;
1.141715;471.208645;
1.265379;512.609929;
1.165707;470.929175;
1.087805;461.389962;
0.956857;385.521864;
1.002120;406.276791;
1.118950;447.342229;
1.060238;449.144188;
1.172953;491.020113;
1.057967;426.086705;
1.205711;453.043026;
1.228168;512.913729;
1.339119;520.589238;
0.936072;370.150063;
1.076545;419.340034;
1.000822;404.902013;
1.113328;433.027838;
1.387096;592.184699;
1.205566;502.806143;
1.158098;474.654083;
1.173783;463.759070;
0.982908;399.759701;
1.085685;426.170543;
1.059650;421.149852;
0.960240;388.014879;
1.124819;449.980379;
1.109226;444.241613;
0.982858;408.487548;
1.137898;458.575406;
0.949751;399.259294;
0.924061;378.509646;
1.315351;523.273399;
1.125063;445.449558;
1.082923;450.466428;
1.213312;475.803772;
0.839565;340.146190;
1.315672;533.717935;
1.040830;431.704622;
0.969136;376.257270;
1.056447;415.457799;
1.392199;536.047676;
1.231359;509.069263;
1.057558;445.538433;
1.457277;614.173025;
1.030314;409.329958;
1.119701;463.126651;
0.983303;404.656470;
1.213493;499.257750;
1.104964;465.857337;
1.228955;506.703726;
1.168678;469.935599;
1.237118;506.802903;
1.352764;559.896216;
1.094766;454.054682;
1.019698;405.662462;
1.151770;467.159620;
1.180523;457.753241;
1.259636;516.997606;
1.316435;545.275235;
1.280283;533.969555;
1.139375;454.226303;
0.835637;341.105384;
1.109512;472.387387;
1.279049;532.732166;
1.187291;493.948257;
1.237753;482.201657;
1.354719;540.406145;
1.032951;423.958398;
1.111926;454.219747;
1.044105;407.282976;
0.877753;353.883855;
1.164014;481.059643;
1.182807;461.992435;
1.186640;476.775519;
1.151733;454.794141;
1.311624;549.354684;
1.088498;447.794554;
1.092671;434.464127;
1.020144;433.304942;
0.936023;390.525881;
0.940806;386.329311;
1.130020;464.751521;
1.198124;459.832219;
1.096306;438.037015;
1.092678;421.424285;
1.429891;594.074359;
0.915148;362.319878;
1.102910;441.149020;
1.062362;426.070970;
1.244547;498.255689;
1.212674;488.545227;
1.415098;581.749276;
0.926870;385.687444;
0.956059;370.494366;
1.229186;485.686656;
1.196627;476.782524;
1.256315;524.713948;
1.066336;430.767241;
0.784774;328.885489;
1.187126;501.933883;
1.016982;405.287476;
0.957246;401.311177;
1.126746;457.848427;
0.917768;363.981914;
1.185477;478.653266;
1.155177;451.821959;
1.118192;462.513224;
0.894880;369.753198;
1.222396;486.009796;
1.479770;578.129468;
1.032754;421.036731;
0.824413;334.982935;
1.325375;544.969312;
1.055532;430.002284;
0.829128;339.317270;
1.167520;473.916510;
0.923154;382.982149;
1.223268;499.061300;
1.131332;461.411898;
1.026636;420.502357;
1.047526;416.789075;
0.958911;401.010098;
0.964406;392.864460;
1.106995;449.808360;
1.078302;457.410586;
0.992926;404.903820;
1.106471;461.702421;
0.893443;360.473795;
1.292116;536.899300;
1.203643;491.476305;
1.081176;447.774804;
1.084314;459.230952;
1.259602;503.410889;
1.225803;490.449372;
1.336158;571.079609;
1.330386;543.213870;
1.118989;463.634137;
0.957290;409.129558;
1.235900;500.441431;
1.233182;504.856513;
1.105268;438.192995;
0.793074;325.995991;
0.931237;374.461990;
1.011406;405.337050;
1.255556;503.355512;
1.330811;553.542952;
1.162163;469.170828;
1.015971;419.552795;
1.381337;554.905759;
1.163284;471.896481;
1.089366;432.082603;
0.870178;372.278311;
0.889610;347.181980;
0.839068;352.268452;
1.195881;477.071928;
1.061899;426.916994;
0.922145;374.250302;
1.267775;508.375962;
1.143501;464.672334;
1.068937;432.499621;
1.038796;426.487890;
1.086882;432.795711;
1.294971;523.670909;
1.053366;428.048675;
0.970138;403.278466;
1.187314;474.058615;
1.182691;496.554415;
0.942336;370.524118;
0.789450;313.658173;
1.422224;590.699210;
1.142708;457.447996;
1.116773;454.241485;
0.999740;399.457617;
1.054520;438.426366;
0.938373;369.378841;
1.278627;500.082625;
1.051937;396.753239;
1.004003;406.354440;
1.032022;411.703549;
1.140356;457.194145;
1.149196;449.599987;
1.205247;485.590521;
1.143694;479.335719;
1.108502;440.288153;
1.272336;492.161228;
0.920001;370.310955;
0.897270;346.580240;
0.961952;381.580016;
1.328838;534.106024;
1.171940;455.076912;
1.147942;465.218069;
0.860788;327.410737;
1.213379;493.942168;
0.990969;404.222166;
1.624974;673.042789;
1.153537;467.178815;
0.935737;394.743441;
1.112813;456.265281;
1.028272;421.062408;
1.080850;429.122492;
1.138442;460.940683;
0.920730;373.093813;
0.798451;334.615043;
0.999095;401.432153;
0.984589;393.227401;
1.305520;547.791714;
1.116896;469.890181;
1.173006;452.270992;
1.032181;427.101103;
0.888553;340.656911;
0.967788;398.260545;
1.200730;503.442255;
0.988281;409.808270;
1.245601;513.305218;
1.051800;424.859187;
1.042741;411.874754;
0.950704;381.606305;
1.392546;577.970789;
1.146551;437.980917;
1.003494;382.001593;
1.119056;457.494430;
1.329163;548.239335;
1.006264;400.363291;
1.029798;418.275455;
0.804328;324.367278;
1.104466;442.689430;
1.147005;470.273874;
0.973972;401.102456;
1.226443;484.657079;
0.910212;367.123372;
1.318125;554.967097;
1.099227;451.844663;
1.225756;486.189662;
0.981899;403.619783;
0.832445;343.185493;
1.153518;446.293113;
1.175363;465.531289;
0.945900;376.073465;
1.222196;509.354778;
0.986162;403.378968;
1.088618;464.459632;
1.068470;446.975432;
1.156547;479.363381;
1.138308;492.941976;
1.168531;463.574252;
1.023023;390.388188;
1.350353;574.093656;
1.160531;470.835257;
1.308184;550.227913;
0.964165;381.417124;
1.276895;508.240629;
1.490029;622.490850;
1.008652;419.449495;
1.020520;424.994267;
1.291028;532.109937;
0.950425;389.639110;
0.890031;363.263326;
1.295256;553.071374;
1.061080;428.941007;
1.042979;433.703146;
1.063722;426.863781;
0.927944;382.382914;
0.919961;365.572428;
0.995398;399.057237;
1.162275;471.578643;
1.149556;463.029347;
1.085718;450.878429;
1.168008;478.298128;
1.143519;455.538409;
0.932120;383.250508;
1.232452;511.314708;
1.012330;417.225023;
0.894961;376.001466;
1.007666;400.388753;
1.230197;488.530761;
1.354164;539.809392;
0.926209;353.734011;
1.223420;469.408254;
0.924209;380.868754;
1.370419;542.038313;
1.022633;402.849425;
1.273130;516.796495;
1.034325;410.678297;
1.109064;443.158878;
1.211348;496.437714;
1.170040;471.986663;
1.014639;421.124764;
1.217639;491.756657;
1.241049;511.507000;
1.247397;523.831165;
1.128714;454.875432;
1.295798;515.245630;
1.187489;488.856896;
0.974899;402.731820;
0.909929;362.117031;
1.148035;465.961577;
0.919310;387.008520;
0.771296;313.613969;
0.860198;352.432181;
0.917597;376.049882;
1.021950;404.546804;
1.421666;559.587875;
1.215704;489.468117;
1.326451;542.489020;
1.102044;435.294359;
1.110861;463.241949;
1.131734;468.168690;
0.924463;379.846281;
1.096258;448.960577;
0.881218;370.395169;
1.365573;548.070649;
0.941333;376.379783;
1.125684;458.858087;
1.342688;552.321089;
1.086961;424.298114;
1.038959;431.803943;
1.054888;427.349148;
0.965555;387.021305;
1.008325;414.116942;
1.186872;475.375111;
1.071275;434.460079;
1.086896;454.166908;
1.243863;515.143439;
1.018482;426.670638;
0.964604;402.197028;
0.969373;403.617540;
0.866612;346.727046;
0.904069;365.520385;
0.986276;401.264913;
0.991896;410.535625;
1.408855;574.623833;
1.139286;466.705200;
1.005369;416.580552;
1.162007;477.234821;
1.018876;414.051046;
1.316879;547.523081;
1.178953;470.809739;
0.860807;354.536195;
1.188977;477.801619;
1.164453;491.919769;
1.104089;442.272732;
1.372599;559.475905;
0.909026;378.928839;
1.056443;438.327823;
1.274479;499.142506;
1.132375;445.460335;
0.870696;346.302012;
1.116793;463.907091;
1.173540;479.627148;
1.162203;472.631682;
1.055296;443.274283;
1.077784;433.807027;
1.206242;493.524711;
1.049092;423.792921;
1.171253;467.991215;
1.051983;422.117606;
1.099262;451.797852;
0.993938;399.815434;
1.002469;409.303078;
1.208741;487.180882;
0.954495;383.507741;
0.911701;365.902655;
1.088788;437.010496;
1.094083;435.123969;
1.154807;483.443117;
1.112250;440.429621;
1.182093;516.007561;
1.187534;475.918769;
1.348566;563.761688;
1.051505;435.881774;
1.161491;457.698887;
1.021659;410.494425;
0.877922;345.004810;
1.137867;482.529486;
1.358353;545.848166;
1.150245;465.005877;
1.000735;402.625047;
1.034746;405.247167;
0.988999;401.324921;
1.426777;590.133973;
1.154220;466.457439;
1.126235;452.509392;
1.094070;466.791324;
1.203373;475.110755;
1.034913;417.522101;
1.085536;451.115507;
1.205375;478.338673;
0.989373;380.762146;
0.911712;375.970268;
1.411434;587.532063;
1.106049;440.701004;
1.310048;542.107823;
1.209103;487.674127;
1.255830;508.980732;
1.160615;477.412144;
1.280235;514.392824;
1.267544;517.036586;
1.228061;501.298513;
0.949134;403.266804;
1.348867;555.775939;
0.907102;367.824583;
1.084227;451.789691;
1.077234;427.316435;
1.333817;544.500434;
1.083106;450.557136;
0.947886;387.716876;
1.027152;401.609548;
1.071434;433.710314;
0.800139;317.858032;
1.340324;547.588554;
1.095397;460.707127;
0.915858;375.073053;
1.239896;496.693635;
1.118958;439.968144;
0.985458;409.011032;
0.956764;396.878239;
1.070484;442.564179;
1.244228;514.668841;
1.271722;516.173284;
1.196428;484.418501;
1.158688;489.617473;
1.403908;592.909771;
0.977745;404.699387;
1.213819;510.773232;
1.087239;426.803561;
1.473742;578.197932;
1.115315;442.257884;
1.220108;497.741327;
1.238970;499.183159;
1.027869;412.103993;
1.168433;477.263544;
1.155430;477.625800;
1.130342;461.496977;
1.213900;496.286492;
1.319952;558.268932;
1.158232;446.902811;
1.265696;510.924481;
1.026645;413.129665;
1.049445;427.003436;
1.256465;515.599353;
1.298327;495.058437;
1.138785;462.096771;
0.769283;314.204453;
1.225303;514.129663;
1.260538;509.929187;
1.033122;428.346155;
1.009505;411.633776;
1.056098;438.236068;
1.123886;447.758029;
1.107309;448.033010;
1.194164;484.449181;
0.956581;392.365523;
0.859450;344.635301;
1.086512;452.538131;
0.978910;393.860350;
1.267492;520.541445;
1.185479;481.779372;
1.028360;418.717600;
1.351606;548.609413;
1.349918;540.386908;
1.376790;556.098584;
1.109912;469.740560;
0.825143;328.884281;
1.549153;668.059497;
1.220540;480.085975;
1.396693;575.270494;
0.884064;371.986362;
1.065200;460.191780;
1.100428;436.675446;
0.876837;354.269705;
1.293837;536.390221;
1.152495;483.404681;
0.960682;393.770052;
1.174747;484.165597;
0.863427;361.366464;
1.317659;530.140975;
1.466259;609.842558;
0.967752;375.377722;
1.178705;477.811881;
0.986097;406.637870;
0.949672;383.380722;
1.189213;482.398835;
0.884311;372.510999;
1.113220;460.190486;
0.808246;324.501917;
1.211712;518.484175;
1.117596;434.562827;
1.329848;540.448720;
1.555777;626.560574;
1.436258;579.178303;
1.062213;431.791178;
1.304324;530.760796;
1.124950;461.971588;
1.299254;546.902063;
0.907454;371.460384;
1.585541;649.266152;
1.301755;529.476336;
1.224277;485.188993;
1.143022;459.001154;
1.106266;454.986404;
1.006879;408.178768;
1.144951;475.459587;
1.037618;401.344413;
0.977406;412.808183;
1.138098;453.104057;
1.175321;478.645476;
1.134091;434.049414;
1.224538;481.167094;
0.982473;400.824023;
1.142535;448.969703;
1.268995;529.301849;
0.960128;401.901006;
1.152860;451.931727;
1.109009;457.833629;
0.949942;388.598398;
1.358050;529.247477;
1.180102;486.506245;
1.075800;451.639540;
1.089063;445.723064;
1.067614;433.002869;
1.324505;551.777037;
1.315615;526.759653;
1.319287;549.540421;
1.012093;403.705582;
1.041460;428.930425;
1.251748;506.945622;
1.165927;456.569749;
0.945447;385.609475;
1.042748;436.947412;
1.087284;428.964781;
1.092749;429.002956;
1.235428;477.135284;
1.034167;414.680947;
1.071439;433.677578;
1.320478;534.135932;
1.019653;427.965621;
1.026056;413.370177;
0.970388;404.386514;
1.126367;466.784270;
1.068432;412.692202;
1.231153;497.893947;
1.142824;464.335102;
1.095921;453.480737;
1.067584;449.553287;
1.311080;545.429315;
1.146483;452.519907;
1.112560;421.660940;
1.086420;445.630416;
0.970138;396.783687;
0.993732;397.354474;
0.842748;355.289746;
1.050869;442.280817;
0.984174;407.052031;
1.325884;518.980406;
1.081807;449.771097;
1.151028;463.033185;
1.176565;479.178279;
1.305192;535.926505;
1.247292;496.382889;
0.998672;423.181907;
0.890792;368.544785;
0.897292;376.127133;
1.018170;417.360821;
0.950124;387.254843;
0.942730;393.031440;
0.931735;388.281443;
1.048674;413.192429;
1.069612;445.282824;
1.134985;449.708320;
1.080567;443.240084;
1.317706;518.913740;
1.162836;474.163592;
1.166820;470.266626;
1.319044;529.675256;
1.063430;435.671223;
0.968468;405.180586;
1.189696;498.598498;
0.972811;404.619377;
1.113630;458.960179;
1.429589;586.766984;
1.178974;444.634295;
1.093346;436.947115;
0.972286;395.887456;
1.151566;465.488313;
1.153839;459.845181;
1.191022;494.761427;
1.118834;442.112911;
1.167341;468.609418;
1.078204;422.740155;
1.284647;531.290595;
1.312297;513.567735;
1.000814;388.246349;
1.492176;589.778110;
1.277931;539.911070;
1.191033;490.943469;
1.340844;521.268022;
1.057749;411.189068;
1.120678;453.044492;
1.170783;481.720517;
0.899304;372.083784;
0.979516;392.265985;
1.074747;440.996224;
1.066869;438.948587;
1.002613;406.658100;
1.106662;451.292804;
1.245063;517.704790;
1.357131;567.048402;
0.981842;406.199161;
0.933206;384.120999;
1.111641;441.455277;
1.248640;495.037587;
1.110681;456.429518;
1.072259;447.049635;
0.943028;391.891238;
1.078452;449.191606;
1.056636;428.644811;
1.163013;479.085106;
0.929849;381.885539;
1.045759;430.516735;
1.380976;522.994365;
1.308567;516.065998;
1.125075;446.342367;
1.297130;536.753290;
0.979854;382.146123;
0.780435;323.268812;
0.882363;354.312940;
1.051178;419.170627;
0.796200;321.351957;
0.946585;364.686312;
1.014685;394.561004;
1.258346;517.884935;
1.141147;487.354924;
1.216892;506.762973;
0.938430;396.909995;
1.033728;420.163403;
1.004154;411.373240;
1.017724;419.669533;
1.140031;489.064780;
1.325151;525.577597;
1.137862;476.558523;
1.034975;407.010107;
1.044338;424.804923;
1.005425;424.393994;
0.876404;376.896512;
1.119976;429.814471;
1.034212;418.201365;
1.137852;464.508078;
1.037104;402.887355;
1.171938;457.160824;
0.983905;394.730226;
1.135648;441.454655;
1.082230;433.786120;
1.158295;459.515228;
1.375674;572.830531;
1.190603;500.576361;
1.097300;442.277331;
0.905676;374.246371;
0.932620;368.313646;
1.130224;470.406254;
1.269328;512.306233;
1.173810;459.306633;
1.164607;472.995913;
1.203884;501.839183;
0.990112;402.276609;
1.196458;494.747357;
1.394186;577.601213;
0.947878;362.676738;
1.016561;421.063818;
1.228856;506.626760;
1.004024;403.195819;
1.068906;431.038807;
1.079762;447.866167;
1.362476;575.509665;
0.932144;351.732788;
1.158832;440.376269;
0.927572;372.490015;
1.041392;419.517327;
0.906770;359.690219;
1.092575;453.278491;
1.113925;450.283569;
1.309160;538.894803;
1.063087;415.824850;
1.355238;528.810980;
1.220516;504.769654;
1.242417;502.428261;
1.273104;529.187233;
0.942810;380.808391;
1.302382;538.911959;
1.252215;512.926626;
0.850676;349.433493;
1.082067;450.906606;
1.030751;426.840424;
1.074264;423.755807;
1.270667;507.057068;
0.912454;370.356537;
0.974549;403.383107;
1.037981;409.735500;
1.143201;458.655725;
0.970406;403.113053;
1.049214;436.206161;
1.164845;483.466402;
1.010728;403.439923;
1.100909;448.121396;
1.114308;445.224719;
1.104991;451.253108;
1.258874;510.128117;
1.065686;427.843452;
1.217899;496.201330;
1.131867;465.806868;
0.876687;360.261937;
0.947815;391.240315;
0.874706;363.019524;
1.001941;411.888867;
0.956381;377.747555;
1.170012;469.960086;
1.062057;427.697611;
0.958732;389.370698;
1.063679;438.287099;
1.012465;411.653337;
1.109727;446.265282;
1.161876;480.101315;
1.293066;527.386133;
1.097689;448.995926;
0.989935;404.904187;
1.096860;446.200564;
1.223612;474.078368;
1.195410;486.611912;
1.131882;457.828951;
1.071754;411.397691;
1.484542;625.897770;
1.085209;433.225349;
1.105829;461.389594;
0.919741;368.110908;
1.122949;455.666816;
1.071994;434.799979;
1.021632;421.257553;
1.070745;448.725790;
0.953231;385.786962;
1.059305;443.241893;
1.176187;473.709942;
1.173557;482.118262;
1.066830;433.424810;
1.124041;477.499324;
1.018704;383.492149;
0.983527;406.326952;
0.874299;360.421754;
1.378313;560.338453;
1.055584;423.422938;
0.889505;365.360241;
1.214164;494.093543;
1.163576;476.820260;
1.103646;462.149282;
1.107389;460.562940;
1.274732;527.276302;
1.241702;506.217028;
1.153192;459.342196;
1.450542;594.386965;
1.131028;472.086064;
1.430882;585.104275;
1.131885;473.209502;
1.026302;421.776250;
0.800496;307.994265;
1.069511;442.340144;
1.101401;446.398206;
1.165355;479.392630;
1.017880;408.512152;
0.888423;366.257583;
1.123223;466.558521;
1.287361;503.869585;
1.158931;456.240264;
1.243048;481.993223;
1.007892;419.818892;
1.048520;439.506904;
1.177858;492.715637;
1.187637;476.591769;
0.976420;398.153134;
1.046368;426.714985;
1.071296;454.138221;
1.331707;540.950257;
0.888090;362.676197;
1.005167;415.379060;
1.054402;424.335991;
1.246140;498.022815;
1.188601;492.234279;
1.071342;438.492877;
1.197047;485.408921;
0.977175;384.715447;
0.975252;387.977100;
1.216985;488.556192;
1.066292;427.511619;
1.072001;411.276467;
1.338544;521.043205;
1.035194;405.595026;
1.068777;423.194824;
1.215894;486.698947;
1.214544;478.374224;
1.088179;425.336160;
1.024560;409.544204;
0.988896;410.277793;
1.652692;615.683581;
1.078489;453.197710;
1.125130;457.869564;
1.006577;410.598456;
1.027076;419.205506;
0.940834;400.756320;
0.895637;363.150986;
1.220524;501.611640;
1.069588;417.833630;
1.204351;501.134458;
1.139373;456.510260;
1.149876;463.813938;
1.050115;433.798711;
1.057489;437.220051;
1.354239;566.811513;
0.833086;335.402799;
1.029146;417.356601;
1.038637;434.018902;
0.957583;376.273716;
1.021307;409.406369;
1.080258;431.824094;
1.147657;456.662366;
1.005805;404.278291;
1.078651;448.351238;
0.890108;357.030267;
1.178323;461.242427;
1.347997;525.123410;
1.010739;396.595817;
1.223055;496.160741;
1.053198;431.161149;
1.045860;416.349889;
1.057343;429.544399;
0.940360;376.296760;
0.890729;373.141120;
1.104756;413.536515;
1.332533;513.772819;
0.918026;373.147412;
0.927828;381.926620;
1.347399;557.399422;
1.087128;450.479169;
1.006428;417.753135;
0.952147;393.941041;
1.152904;448.613001;
1.456012;593.693652;
1.019867;408.119194;
1.188805;497.363975;
1.040941;406.713963;
1.224940;486.024530;
1.011660;398.092441;
0.995147;408.461921;
1.171094;468.633578;
1.185288;476.764706;
1.176038;476.227366;
1.226425;479.276309;
1.156581;473.883325;
1.305375;520.218116;
1.120256;452.763032;
1.195245;490.816418;
1.230897;521.949841;
0.965789;377.284562;
1.068404;415.448323;
1.044247;435.011442;
1.278553;517.151163;
1.182500;478.722799;
0.989071;405.339109;
0.858841;342.186802;
1.299273;514.669768;
0.969776;393.520448;
1.206558;489.839987;
1.030102;407.952531;
1.182043;479.398752;
1.035516;409.935471;
1.276370;520.922387;
1.251063;495.380651;
1.147773;470.146713;
1.186813;489.415155;
1.228658;481.299493;
1.107378;448.269062;
1.088525;441.185198;
0.891799;357.768119;
1.062197;441.661024;
1.460987;568.374645;
1.175299;489.820378;
1.130591;468.357801;
1.168059;459.807359;
1.080488;443.775897;
1.124377;451.692589;
1.014801;416.135245;
1.367274;559.081962;
1.134790;446.783706;
1.054574;436.706631;
0.833378;327.502207;
1.327803;538.774881;
1.032269;441.364732;
1.090582;443.991829;
1.199571;489.274613;
1.176476;502.863949;
1.262364;513.496206;
1.124083;445.209786;
1.098533;439.567498;
1.231236;501.693213;
1.096441;440.341544;
1.269820;512.496690;
1.068844;448.692389;
1.055987;425.892949;
1.178860;469.031943;
1.172865;474.600568;
1.136903;460.797905;
0.884843;354.127893;
0.995752;398.625747;
0.947695;399.250196;
1.021837;422.472112;
0.918172;354.983236;
1.133361;457.679880;
1.042303;419.527696;
1.280892;518.024089;
1.179199;464.485861;
1.040973;439.955032;
1.282337;511.213964;
1.065954;429.445384;
0.974716;392.758964;
0.901753;375.622600;
1.112428;450.158926;
1.084065;433.294694;
1.240742;487.788854;
0.981696;391.545619;
0.979047;376.976556;
0.975068;383.198293;
1.152306;472.165346;
1.201279;485.502883;
1.174068;480.739687;
1.038433;422.280541;
1.192070;492.112218;
1.014255;419.249943;
0.926864;372.438658;
1.356692;542.306601;
0.979329;380.259725;
0.914698;355.478776;
1.195602;479.480834;
1.234143;491.265426;
0.983668;388.356073;
1.056997;420.434934;
1.050718;422.018694;
1.224445;504.530632;
1.255135;520.348138;
1.555899;616.565320;
0.993367;404.960557;
0.927713;377.333480;
1.309975;534.165328;
1.234752;507.195705;
0.882597;361.324492;
1.420902;573.470937;
1.043122;434.578335;
1.202040;502.047848;
1.141010;471.365067;
1.592826;652.840724;
1.123510;447.185990;
0.947516;394.667811;
1.056486;411.903321;
1.062134;437.286668;
1.318779;533.198697;
0.887861;350.062435;
1.035569;415.033922;
0.975800;379.852257;
1.113168;455.999248;
1.037622;422.248408;
1.339333;558.107319;
1.054030;435.972094;
1.103574;431.723907;
1.092516;438.848167;
1.085686;424.817020;
0.962282;394.562658;
0.854439;349.787766;
1.245071;527.253675;
1.101451;452.440937;
0.941312;384.465701;
1.469511;603.486424;
1.109682;444.031960;
1.058437;429.451933;
1.037762;401.414033;
1.175434;513.872939;
0.988855;402.032962;
1.111411;451.617171;
1.313738;538.814767;
1.179086;484.650524;
1.057186;441.140260;
0.906798;359.653719;
1.014078;435.113328;
1.050965;444.039191;
1.074105;443.762305;
0.953404;381.769214;
0.930390;394.807192;
0.867813;348.093010;
1.213225;498.357180;
1.032618;411.030883;
1.082165;434.391077;
0.909722;368.462637;
1.066655;439.288216;
0.912097;366.543674;
1.019085;419.939667;
1.160241;485.450000;
1.060048;421.490186;
1.275054;532.259012;
0.928874;368.890237;
1.058698;406.112251;
1.081621;421.058441;
1.169332;458.798466;
1.272406;510.077264;
1.029067;418.786046;
1.364655;544.974928;
1.015706;417.688939;
1.069681;442.004137;
1.249068;507.758656;
0.860798;353.519598;
0.984676;385.620200;
1.199031;499.797122;
1.182998;476.112504;
1.004326;415.477686;
0.996249;399.616092;
1.012676;400.128492;
1.123316;467.103355;
1.032696;404.915505;
1.173748;456.035239;
1.190964;469.984212;
1.162658;474.645284;
1.165821;476.979082;
1.335333;534.070682;
1.252045;515.247707;
1.071593;433.207188;
0.993000;387.136721;
1.132938;453.083654;
1.017332;421.901941;
0.992861;420.270014;
1.465079;606.392633;
1.124638;462.057131;
1.238388;514.846852;
1.763195;713.665212;
1.304093;544.385849;
1.371776;527.121059;
0.908001;358.560749;
1.420034;577.149737;
1.258549;518.661098;
1.130480;448.782084;
1.199265;489.791555;
1.080628;439.273821;
1.245147;479.486974;
1.156902;483.064925;
0.929633;361.249792;
1.101081;456.862154;
1.065305;418.349416;
1.173360;480.281875;
1.174302;448.601079;
0.958766;395.601180;
1.064588;433.329088;
1.261631;502.077909;
1.098244;427.461428;
1.126966;469.649019;
1.126492;444.902645;
1.044687;429.312588;
0.997379;419.932718;
1.163213;480.658290;
1.104832;442.544270;
1.038071;418.849618;
1.206969;506.794644;
1.178866;443.158771;
0.878702;356.928880;
1.103892;460.222602;
0.976140;386.954477;
1.001166;405.391061;
1.171015;455.637021;
1.341992;554.261618;
1.164681;439.564266;
1.277361;521.259704;
1.554344;612.848113;
1.120364;460.261905;
0.974622;396.447809;
1.164874;469.645382;
0.790762;303.277036;
1.063180;440.191666;
0.778088;313.220757;
1.360496;570.274536;
1.291636;531.675886;
1.416169;588.750402;
1.058579;450.650612;
0.960183;381.340397;
1.168123;476.990880;
1.093683;453.594340;
1.055057;415.245894;
1.212040;477.451687;
1.098487;449.021969;
1.063420;435.258716;
0.949038;375.052599;
0.951717;395.297045;
1.128259;446.931295;
0.932757;395.298274;
1.261372;491.526933;
1.542597;629.668041;
1.125338;476.691541;
0.946363;371.814224;
1.359731;542.485875;
1.225849;481.263273;
0.930870;359.079399;
1.093153;452.694455;
1.192084;480.514516;
1.184206;458.369276;
1.099164;419.840085;
0.982362;396.788199;
0.918071;375.724767;
1.327462;525.354225;
0.892386;366.059050;
1.307673;537.761314;
1.156146;476.313406;
1.268882;504.520887;
1.162284;457.390657;
1.214252;499.435438;
0.922583;364.839266;
1.168208;485.833510;
1.026660;408.957371;
1.150071;470.976372;
1.170649;486.602299;
1.104428;446.761381;
1.141087;448.686850;
1.202207;504.487654;
1.106524;434.886090;
0.872096;357.235615;
0.931005;381.170636;
0.967437;392.936413;
1.094059;449.477161;
1.135414;460.712732;
1.079902;443.148586;
1.092382;433.617701;
1.192167;475.387073;
1.056540;441.258710;
1.070956;435.409695;
1.094172;444.688272;
0.982999;387.010323;
1.149100;457.495829;
1.162696;477.451667;
1.512553;605.107675;
1.122525;435.074476;
1.386167;561.529452;
0.840996;347.602625;
1.239093;489.966626;
1.320350;534.346381;
1.431067;596.723187;
1.314564;538.409350;
0.943346;373.885435;
1.158087;465.204772;
1.006520;402.064008;
0.964336;384.648326;
0.915645;369.564925;
1.073975;434.715551;
0.923493;365.081016;
1.131870;464.265624;
1.090853;433.457474;
1.139736;469.115455;
1.080201;437.837605;
1.187278;497.137085;
1.156529;466.306182;
1.032125;407.066408;
1.206172;492.471222;
1.181726;483.120120;
1.073693;441.431038;
1.212588;479.737334;
1.199930;499.375261;
0.991378;421.057553;
0.995813;399.718409;
1.354097;563.474483;
1.101969;421.170345;
1.095066;436.027446;
1.133004;459.118245;
1.045882;432.641593;
1.105232;443.466215;
0.951784;378.591906;
1.229710;510.061147;
1.069803;436.488902;
1.376714;572.342926;
0.979032;410.764805;
0.954088;394.344565;
1.254052;505.786833;
1.130469;434.291091;
1.204173;479.310489;
0.948273;388.372104;
1.048912;434.287602;
1.018489;401.333979;
1.067652;442.736693;
1.172285;455.078692;
0.992319;411.135060;
0.990233;406.633454;
1.039326;421.276715;
1.500712;594.200970;
1.054167;429.110317;
1.208551;478.052219;
1.123379;452.598572;
1.089464;453.954650;
1.026395;403.931884;
1.073208;437.824952;
1.071381;433.097022;
1.110557;448.809256;
0.933670;390.019757;
1.145844;465.384723;
0.925619;377.398420;
1.067935;428.721444;
1.032803;422.504156;
1.223806;498.037038;
1.011453;412.027584;
1.035684;415.881288;
1.111659;437.783188;
0.867702;337.912827;
1.336016;533.519989;
1.560588;638.130219;
1.071385;443.501785;
1.308202;520.280311;
1.191673;461.456881;
0.967713;396.912796;
0.971570;380.557060;
0.888696;353.437558;
1.172912;461.533475;
1.017697;384.324362;
1.241389;472.230853;
1.448414;598.081121;
1.267773;516.596719;
1.227121;517.172574;
1.118784;449.147189;
1.185715;474.304712;
0.926364;367.567321;
0.853241;352.936496;
1.101183;438.810003;
1.091172;431.255566;
1.299750;527.309916;
1.131282;443.734701;
1.157363;483.519798;
1.441242;596.611655;
0.882140;358.367831;
1.036228;424.249735;
0.873302;360.700866;
1.298921;526.379565;
1.287850;489.466241;
1.402017;577.693682;
0.934068;383.368259;
1.276574;508.158945;
1.061284;417.193479;
0.885268;360.889583;
0.934160;386.643547;
1.102168;449.573544;
1.051911;413.839339;
1.371300;553.455174;
1.111432;444.660305;
1.326589;542.223203;
1.168684;483.925831;
0.948899;379.439196;
1.150343;465.121727;
1.052124;415.467907;
1.063294;428.983047;
1.080124;447.176306;
1.040909;443.307753;
1.551249;642.810132;
1.120462;448.555870;
0.990554;391.898581;
1.141614;459.347599;
1.027317;424.393881;
1.268147;534.163441;
1.163342;459.537011;
1.216893;510.048834;
1.019069;408.370994;
1.164686;482.231481;
1.013200;416.063120;
1.220939;492.120876;
1.131122;437.255769;
1.292061;498.871772;
0.976005;383.538298;
0.860736;338.683640;
1.055450;408.995797;
1.083681;445.016008;
1.113471;460.375556;
1.149343;472.143237;
1.032531;411.154649;
1.207594;474.857107;
0.998560;410.873256;
1.060648;421.453765;
1.023289;416.660769;
1.167429;460.110216;
0.923182;364.426614;
1.226402;501.214445;
1.065974;419.648554;
1.004824;387.446540;
0.892161;359.991669;
1.031149;436.242401;
0.899127;367.702525;
1.183500;486.615147;
1.014975;416.513218;
1.044851;425.395695;
1.287327;518.517619;
1.131293;456.232767;
1.033181;398.954904;
1.113383;462.595138;
1.096879;445.726310;
1.252737;511.012609;
1.243959;491.779987;
1.261132;520.444487;
1.196838;477.133248;
1.337024;551.220470;
0.977084;391.362992;
1.328973;527.524182;
1.258982;511.126732;
0.976751;391.659336;
1.163888;455.210852;
0.947625;387.102787;
0.937065;380.361102;
0.907420;364.275109;
1.195053;502.531162;
1.089173;448.999508;
1.138279;458.674747;
1.131471;458.035396;
1.231954;514.466644;
1.191287;488.514087;
1.043891;404.654164;
1.459296;584.044606;
1.173072;476.160301;
1.278729;500.063076;
1.033963;408.099651;
0.988337;408.532209;
1.295070;523.139090;
1.112945;461.002050;
0.982545;396.502840;
1.157634;458.349785;
1.129639;464.532087;
0.913096;371.294514;
0.968278;390.860560;
1.439197;560.428880;
1.034547;404.568403;
1.075696;430.683188;
0.836676;348.484446;
1.275521;523.749385;
0.885249;360.004913;
1.136281;456.742670;
1.301670;527.674728;
0.888534;357.161653;
0.996787;395.914116;
1.210133;470.729898;
1.157702;473.419944;
1.177947;467.077903;
1.078403;448.772344;
0.989936;421.766913;
0.733960;288.474928;
1.115924;443.302029;
0.935253;364.197680;
1.009194;410.443414;
1.415830;590.180792;
0.907654;364.555543;
1.269425;531.970775;
1.075835;426.755251;
1.166418;484.017321;
1.010387;417.448319;
1.226838;506.973473;
1.009693;396.691741;
1.307052;529.357885;
1.147298;447.403594;
1.190261;479.054979;
0.970992;388.801978;
1.189694;498.978790;
1.147103;477.336722;
1.066094;436.979552;
1.217803;506.716142;
1.288353;514.158979;
0.890688;365.461622;
1.159652;461.515935;
0.982973;387.295637;
1.291787;546.165069;
1.379666;570.992907;
1.023754;404.807884;
1.044946;406.806602;
0.994294;392.665868;
1.014476;424.535634;
1.015217;414.916611;
1.165060;460.810641;
0.855399;349.760958;
1.081607;447.331866;
1.061367;436.354314;
1.208190;478.623827;
0.984381;418.995451;
1.181437;496.284392;
1.124571;460.862890;
1.272938;524.337961;
0.910986;370.474519;
1.139958;462.864616;
1.224145;489.734770;
0.894082;357.144668;
1.071378;424.729436;
1.077102;447.485151;
0.888236;315.777702;
0.878165;357.506004;
1.006144;409.556224;
1.280629;529.855759;
1.033306;420.916075;
1.088682;457.514587;
1.064050;441.415389;
1.173595;478.021265;
0.883165;354.120818;
1.227018;497.362117;
0.937489;377.357501;
1.172126;476.316760;
1.052428;431.459393;
0.752086;297.477105;
1.203252;488.010267;
0.882450;368.108889;
1.319491;552.288144;
1.227893;504.559497;
1.260603;523.429511;
1.042745;417.356704;
1.210661;493.237988;
1.085633;404.719843;
1.186578;487.693972;
1.041249;419.784371;
0.937476;376.924238;
1.171196;474.848075;
0.834835;334.335734;
1.295350;514.494285;
1.230083;472.639721;
1.031985;416.133329;
1.456744;594.975270;
1.120061;470.475248;
0.861646;352.454031;
1.052151;421.079034;
1.484678;601.675806;
1.147485;467.137156;
1.020988;406.037147;
1.303241;502.819839;
1.194963;475.859346;
1.289428;541.385978;
1.221576;488.651528;
1.456861;596.041104;
1.164658;455.706033;
1.236723;488.757211;
1.128494;458.251474;
0.842148;342.121212;
1.078064;437.346190;
1.237671;490.620212;
1.190808;484.056391;
1.177832;494.656542;
1.144695;454.776413;
1.138383;454.073312;
1.240246;500.657739;
1.066707;442.258013;
1.201828;483.562602;
1.024021;430.175431;
1.170137;478.256112;
1.233872;499.176348;
0.875691;349.903893;
1.160677;453.803631;
1.166770;467.764748;
0.806972;326.936770;
1.083277;444.648808;
0.977208;391.406357;
1.011694;424.751061;
0.986600;389.779800;
1.229034;499.680404;
1.127801;444.064900;
1.236823;495.667331;
0.756500;297.774951;
1.077001;442.516167;
1.165487;486.270483;
1.280731;511.835842;
1.013840;423.507832;
1.113671;431.467490;
1.104448;452.547020;
0.989141;391.391352;
1.077090;425.665236;
1.166802;469.089353;
0.999955;388.315993;
1.193997;486.193272;
1.023694;416.263305;
1.049877;430.971749;
1.022898;416.400263;
1.015885;419.353500;
1.127609;463.362088;
1.260339;538.008240;
1.218668;474.805756;
1.129921;478.713774;
1.226897;515.205222;
0.984271;415.505976;
1.399398;577.115928;
1.496342;605.038356;
1.152392;471.479328;
1.061659;403.168884;
1.131401;465.566934;
1.381138;568.682964;
1.377768;562.758470;
1.035141;419.960482;
0.906153;369.942624;
1.282241;503.974112;
0.956562;396.021630;
1.059494;438.969720;
1.287095;505.314817;
1.117585;464.216256;
0.962254;375.872993;
1.290796;540.482890;
0.825818;336.789694;
1.049841;426.344380;
1.135805;464.552757;
1.153050;467.073533;
1.291920;528.062560;
1.252883;511.039089;
1.149922;460.974731;
1.027694;418.814749;
1.074740;435.500775;
1.018402;420.479985;
1.230187;513.681134;
1.455473;592.718295;
1.140949;447.959798;
1.004795;419.254924;
1.139914;474.597788;
1.137722;447.735889;
1.313929;525.231095;
0.963136;395.088068;
1.141682;463.136210;
1.161180;469.467133;
1.014937;414.737089;
1.194350;469.187867;
1.178276;490.672179;
1.085178;442.514204;
1.108488;439.361462;
1.279148;528.608424;
1.111346;450.704324;
1.153749;474.831565;
1.376846;554.005348;
1.123943;451.453326;
1.230339;492.922609;
1.044591;439.785831;
1.025635;431.929419;
1.265011;486.900947;
1.267061;524.783387;
0.829063;340.308703;
1.216583;476.001762;
0.998827;409.117958;
1.066841;414.207890;
0.881248;354.814974;
1.455159;618.007047;
1.061655;437.398649;
1.386976;566.333529;
1.067996;439.321272;
1.010708;393.649975;
1.153871;477.339021;
1.326086;531.864272;
1.131628;464.951046;
1.072876;430.686617;
1.076944;448.330440;
1.448696;600.058126;
1.279054;535.505593;
1.195146;463.896719;
0.947612;369.273568;
1.224372;486.503507;
1.228136;488.848104;
1.176978;465.688084;
1.012968;407.144110;
1.206539;494.307391;
1.277092;522.571072;
1.105331;453.351228;
1.115466;448.570452;
0.995653;396.701308;
1.030479;421.476198;
1.231220;508.663278;
0.998372;413.551477;
1.137413;457.003752;
1.142770;457.534699;
1.490037;627.526863;
1.090683;457.554824;
1.146938;477.966284;
1.162758;486.546363;
1.239701;513.423177;
1.265958;508.079462;
1.159938;460.147747;
1.220626;503.541698;
1.180223;481.266457;
1.131325;458.384202;
1.232535;497.502145;
1.227813;515.916938;
1.470240;595.352118;
0.992564;392.108504;
0.949464;389.985274;
1.145455;455.187867;
0.985550;381.015785;
1.160609;459.343562;
0.877545;346.702525;
0.816811;326.684989;
0.888528;353.476219;
1.213161;513.658792;
1.321156;518.532626;
1.295640;518.171020;
0.936157;386.948472;
1.210485;508.489341;
0.987203;402.810822;
1.182616;488.468354;
1.101727;459.773057;
0.798281;334.015491;
1.272245;516.071404;
1.332539;546.728680;
1.057108;425.444105;
1.078832;437.157198;
0.936362;379.592660;
1.000986;404.374580;
1.137801;437.300762;
M0:0.006188
W0;O:0.000353;R:391.467989
1.216362;496.446398;
1.099425;455.738564;
1.157989;468.589220;
1.533800;638.489699;
0.994689;399.242427;
1.152111;475.708584;
1.048027;433.376011;
1.143938;459.691990;
1.131449;449.134683;
1.322452;539.261478;
1.182973;485.254518;
1.289074;512.355086;
1.079808;448.514074;
1.371867;549.295578;
1.052203;413.708639;
1.116179;467.002042;
1.169881;489.734916;
1.324405;546.832030;
1.016467;418.016676;
1.092198;435.604600;
1.267176;536.416945;
1.117446;446.962825;
1.112899;450.250837;
1.111825;441.785573;
1.060849;429.786554;
0.956153;395.027006;
1.077438;435.816284;
0.931610;374.810163;
1.165530;485.016302;
1.423263;585.440964;
1.093830;444.982239;
1.209835;477.726506;
1.174917;481.760704;
1.211891;488.751190;
0.940693;395.860005;
1.013255;408.700571;
1.148157;456.688469;
1.042220;429.416444;
1.176254;500.749195;
1.250257;501.609616;
1.065049;436.505318;
1.235898;513.970870;
1.158804;473.101954;
1.145504;474.347951;
0.952197;394.529151;
1.034628;411.264856;
1.203713;497.321967;
1.181142;476.806337;
0.995130;396.849711;
1.027993;416.436080;
1.084217;442.052068;
1.042917;420.136534;
1.251158;498.963669;
1.394489;556.567963;
1.255995;506.234974;
0.916247;395.728328;
1.196382;507.392114;
1.197429;488.107589;
0.977116;393.444494;
0.894442;375.152451;
1.048971;424.883832;
1.117415;456.504125;
1.103813;464.961780;
0.912296;374.451135;
1.412092;559.423922;
1.098045;460.949564;
1.169595;490.475649;
0.990302;400.194553;
1.019691;405.581659;
1.263816;482.369255;
1.278439;516.409475;
1.244729;510.341503;
1.363176;529.526152;
1.108323;462.585963;
1.213045;496.408955;
1.206747;485.614002;
1.124249;452.006985;
1.184744;476.262127;
1.171577;464.817831;
1.266103;491.455779;
1.383183;539.981511;
1.116229;447.698319;
1.317683;523.226013;
1.231820;509.401227;
1.359328;544.701719;
1.020967;414.887657;
1.201602;456.282284;
1.178688;445.236383;
0.940665;386.555259;
1.026642;393.370771;
1.076872;433.135111;
0.995236;399.256022;
1.355591;564.539090;
1.080913;451.540512;
1.462670;615.127559;
1.110392;464.256773;
0.936907;377.143562;
1.106056;462.170750;
1.018730;408.167361;
0.929037;380.879311;
1.271532;510.673564;
1.299918;516.834589;
1.272361;520.551445;
1.159888;456.910061;
1.289185;506.534526;
1.043282;422.601485;
1.094688;439.170484;
1.021822;424.037163;
0.897432;363.764109;
1.300959;534.595961;
1.251853;523.433899;
1.327666;562.100309;
1.197476;473.397081;
1.082456;437.065555;
1.097465;446.891114;
0.934396;382.076657;
1.119397;452.181167;
1.006158;387.389779;
1.278216;518.937908;
1.338857;545.841874;
0.736829;289.440320;
0.980803;405.532856;
0.942882;385.886037;
1.448065;582.283693;
1.400846;562.887699;
0.859068;349.060976;
1.053191;418.060610;
1.161893;466.549450;
0.926853;367.072128;
1.376964;534.588896;
1.070723;387.194769;
1.107753;431.755255;
0.949284;380.207149;
1.167850;469.016801;
1.161095;453.079451;
1.143683;455.798294;
1.145614;469.111063;
1.040955;428.537249;
0.954221;371.701442;
1.308367;512.539754;
1.279209;538.562774;
1.078010;446.643439;
1.083901;439.430854;
1.150287;475.441963;
1.009973;418.601324;
0.979172;406.219389;
1.326490;525.885170;
1.159020;494.493513;
1.085822;462.671730;
1.418672;591.840832;
1.111695;467.056193;
1.109790;437.124471;
1.362417;550.553558;
1.179527;489.046617;
1.237022;497.531194;
0.968523;391.526854;
1.197423;485.708831;
1.127536;455.665945;
1.122275;436.245868;
1.236897;494.150809;
1.273634;519.944701;
1.083201;448.314572;
1.159535;485.288810;
1.064213;432.788097;
0.780246;316.829536;
1.240163;514.020703;
1.210304;493.996868;
1.062934;406.515862;
1.358944;557.922341;
0.882847;361.045810;
1.001533;407.831324;
0.980533;404.182324;
0.937372;377.041795;
1.167161;463.100026;
1.287426;527.503878;
1.103053;448.618745;
1.232748;499.106381;
1.365535;544.048827;
0.923107;375.777154;
1.091722;454.384054;
1.135803;475.906106;
1.166916;484.369176;
1.017901;418.534260;
0.845472;332.122908;
1.351579;550.232282;
1.102147;431.603895;
1.377720;563.036759;
1.021240;399.647526;
0.921319;376.887047;
1.090279;446.651725;
1.271220;524.090658;
1.315941;530.650319;
1.367437;556.789418;
0.953766;381.738903;
1.229977;509.774542;
1.055129;390.631898;
1.221882;491.717498;
0.936611;383.134020;
1.078389;439.281575;
0.903070;383.469355;
1.138353;460.978717;
0.934447;374.076310;
1.059454;437.744035;
1.049096;411.844490;
1.080717;428.529065;
1.028696;421.161081;
1.037810;433.353379;
1.266400;536.332866;
1.101107;448.632273;
1.046267;435.346049;
1.126176;448.794977;
0.767763;316.039355;
1.033572;411.681690;
1.203043;508.404654;
1.029486;414.036074;
1.040805;420.378918;
1.002396;414.516459;
1.080737;453.473160;
0.962620;393.826997;
1.221493;504.167875;
1.005351;412.925995;
1.118935;452.158660;
1.153194;466.924259;
1.077561;425.581647;
1.179222;443.783995;
1.147864;443.276776;
1.025788;413.803797;
0.889257;357.969333;
0.947681;373.472405;
1.236345;491.675312;
1.025414;400.743201;
1.150076;471.861314;
1.188773;481.781439;
1.010605;417.156529;
1.014692;414.611693;
1.073891;434.395345;
1.247347;505.401532;
1.216049;483.208706;
0.949161;359.375644;
1.264505;515.741830;
1.461479;592.765547;
1.207701;487.241527;
1.215572;515.537310;
1.157178;468.470684;
1.157608;489.922364;
1.008001;414.345052;
1.017278;408.757999;
0.976646;414.888353;
1.186440;476.975472;
0.783795;318.992418;
1.025847;404.174018;
1.220046;501.649122;
1.202965;500.589283;
1.069145;429.243157;
1.105055;429.730093;
0.978109;388.712615;
1.173976;473.316429;
0.938379;372.542904;
1.167857;474.031101;
0.755131;309.593214;
1.197232;455.464716;
0.881133;369.473569;
1.187072;493.640301;
1.119579;462.135079;
1.333842;536.505965;
1.290756;526.391218;
1.018437;411.671266;
1.170763;468.460069;
1.404932;574.014750;
0.907194;369.645185;
1.023038;427.914931;
1.106450;430.427688;
1.229972;512.857188;
1.271031;510.061669;
1.333844;543.552501;
1.249529;496.366470;
0.920207;369.316322;
1.174889;487.933286;
1.087877;413.303782;
1.246749;500.926101;
1.420310;568.136023;
1.148403;461.708253;
1.243371;496.263142;
0.970382;402.352330;
1.096671;434.963666;
0.975784;383.895014;
1.349952;551.039123;
0.886872;351.336492;
1.456985;580.194333;
1.459712;612.363755;
1.154203;472.869810;
1.118951;447.148774;
0.853588;348.146037;
0.997671;414.897679;
0.929158;378.046635;
1.406465;550.936248;
1.191237;502.414318;
1.098018;431.363484;
1.189591;480.000144;
0.969325;385.227163;
1.082767;435.330644;
0.907418;361.473030;
1.105418;452.748412;
1.085527;426.019018;
1.149436;466.538315;
1.222903;466.709794;
1.225528;509.438563;
0.999644;399.187221;
1.151404;472.958566;
1.194058;468.682897;
1.237934;491.334424;
1.067095;436.410373;
1.345519;529.527279;
1.175674;479.812768;
1.027577;414.493396;
1.130320;460.496729;
1.197752;494.360946;
0.960456;400.224094;
0.839243;352.341088;
1.141032;470.497377;
1.281922;545.440225;
1.205607;480.289230;
1.056919;414.900361;
0.952284;391.273277;
1.124096;467.981423;
1.267593;483.608622;
1.320612;546.317948;
1.107465;433.155309;
1.283395;489.551705;
1.047383;415.205880;
0.931157;381.591313;
1.231561;514.352246;
1.021054;406.319744;
1.206587;511.808500;
1.289664;540.882383;
0.930189;378.776651;
1.254929;519.763720;
1.203305;491.054475;
0.943926;375.369063;
1.309686;523.866271;
1.106064;441.458381;
1.097731;449.391559;
1.183840;474.824662;
1.118883;448.354698;
0.942997;388.630073;
0.939318;375.768848;
1.252423;502.347653;
0.927634;379.722928;
0.946970;379.643145;
1.098773;442.119620;
1.170500;458.266399;
1.136057;452.484377;
1.256319;514.577623;
1.118793;447.830146;
1.269038;510.021330;
1.205390;494.878834;
1.037197;428.456108;
0.984771;408.587208;
1.051541;422.531958;
0.941324;385.274647;
0.986591;411.750935;
1.169620;490.078370;
0.961082;386.522689;
0.953366;389.842133;
0.940959;390.636979;
1.095477;455.458830;
1.220771;496.534860;
1.199209;497.969114;
0.908859;363.374099;
1.165918;475.585606;
0.902469;383.625579;
0.901883;361.556717;
0.945666;384.383373;
1.303126;523.913643;
0.914217;349.065489;
0.853322;353.571929;
1.097881;447.453408;
1.206270;507.212559;
1.178241;473.636432;
1.325322;539.156253;
1.248182;518.382566;
1.151452;448.398211;
1.150410;469.036506;
0.990429;414.145544;
0.920110;371.884938;
0.956132;386.222794;
1.193084;472.736975;
1.280580;522.186052;
1.014705;414.790270;
1.185839;474.677620;
1.014467;412.889551;
1.195094;480.176179;
0.993794;397.013329;
1.022918;434.976992;
0.860717;341.526754;
0.849152;334.753289;
0.980015;410.911527;
1.032206;400.280301;
1.238541;510.594361;
1.110663;458.451898;
1.093526;430.168214;
1.374122;557.656397;
0.993912;406.240765;
0.993649;400.478555;
1.123618;453.529870;
1.415311;557.597806;
1.282936;517.614239;
1.078108;445.901620;
0.878599;351.750177;
1.284526;525.257718;
1.303203;529.624221;
0.988713;412.793152;
0.943171;382.756818;
1.069860;432.481559;
1.041349;411.428625;
1.356727;554.854946;
0.901325;365.166653;
1.106510;446.415877;
1.206520;505.309646;
1.101349;432.505601;
1.011608;419.358353;
1.033685;414.687996;
1.370104;586.010205;
1.044864;424.811520;
1.087273;447.843523;
1.226775;509.944912;
1.184510;477.392442;
1.268591;502.902532;
1.206916;495.188443;
1.084006;427.402572;
1.217762;508.984280;
0.854465;335.680706;
1.104172;446.520171;
1.152395;448.956504;
1.020199;398.502615;
1.086227;448.590209;
1.117408;470.286214;
1.038857;409.262420;
0.867903;348.816870;
1.019537;419.118505;
0.998445;409.042911;
1.176961;501.607518;
1.128939;464.361573;
1.319400;529.890045;
1.000837;397.243174;
1.032227;425.316980;
1.149591;472.860711;
1.405003;559.238304;
1.215768;478.196435;
1.121483;436.119488;
0.944311;406.395385;
0.938320;367.494671;
1.225304;513.022358;
1.118542;465.286830;
0.955588;376.479133;
0.883660;358.525280;
1.482610;616.648576;
0.946256;381.231733;
0.895866;355.548002;
1.215030;483.528939;
0.991294;409.852855;
1.149924;467.658282;
1.014812;411.653298;
1.100637;449.416352;
1.118158;466.321853;
1.112292;458.539979;
1.068219;425.548488;
1.114889;459.436274;
0.846283;333.996144;
1.080974;436.504918;
1.209726;507.173577;
1.046484;424.216737;
1.176846;470.881801;
1.204308;478.539706;
1.300151;514.538676;
1.168678;478.611634;
1.141918;479.091357;
0.978168;394.632738;
0.967834;397.314937;
1.192963;469.478881;
1.103691;467.093240;
1.076267;457.918776;
1.053096;437.562978;
1.077998;442.970975;
1.234096;485.402740;
1.080729;430.670884;
1.091576;433.767480;
1.209116;475.311209;
1.081777;430.278159;
1.203967;474.939180;
1.248860;508.338240;
0.916612;378.124136;
0.830101;347.649925;
1.002458;425.324180;
0.768905;318.057533;
0.914425;379.944110;
1.026459;410.506695;
1.243888;494.215860;
1.009555;402.974137;
1.081974;429.592182;
0.970065;400.355464;
0.841417;330.718355;
1.034696;410.083625;
1.146225;453.285827;
1.251394;510.988738;
1.278978;504.274839;
1.200012;486.657829;
1.015987;413.119402;
1.104426;445.697991;
1.175596;487.482311;
0.810220;334.632202;
1.106364;456.143954;
1.249416;506.564267;
1.127055;475.020286;
1.218651;484.260976;
1.430570;559.835074;
1.016608;419.731891;
1.109421;438.137464;
1.252119;515.910942;
1.267442;517.109080;
1.212924;495.936819;
0.985008;393.795196;
1.099850;437.716643;
1.262287;527.719418;
1.096969;433.272728;
1.050240;435.684991;
1.123396;457.347524;
1.231770;502.126551;
1.044170;401.333653;
1.193410;496.925369;
0.891249;361.971856;
1.132908;454.527543;
1.079418;441.261572;
1.228446;501.660527;
1.123559;458.474018;
1.012137;416.909208;
1.223137;505.169561;
1.235431;483.938815;
1.089264;444.792636;
0.790829;311.950451;
1.211288;505.744000;
0.846710;352.690309;
1.265378;517.235994;
1.228331;498.652458;
0.973827;414.111608;
1.094547;439.079088;
1.309792;549.538246;
0.861301;355.830112;
1.233541;518.319698;
1.196458;501.575067;
1.381077;566.373549;
0.929660;376.610753;
1.219607;496.686919;
1.034321;423.162698;
1.110143;446.851988;
0.963402;412.470784;
1.420099;593.335361;
1.027818;426.823785;
1.026628;421.146410;
1.010914;406.260217;
1.025737;402.784257;
1.219782;501.106937;
1.335515;549.216797;
1.130230;451.547585;
1.125369;460.107494;
1.082187;443.549410;
1.098877;452.941363;
1.244380;513.221632;
0.993336;400.579835;
1.115466;443.948886;
1.227556;517.544842;
1.385808;552.198009;
1.130244;452.901001;
1.522895;630.230407;
1.329098;525.319146;
1.101562;437.271920;
0.823489;331.119989;
1.030996;428.733241;
1.055564;417.924316;
1.150462;464.571231;
1.103861;447.951731;
1.456616;603.687702;
0.974035;407.316003;
0.951634;395.260342;
0.970430;406.077105;
1.125548;457.243367;
1.098240;459.827984;
1.188314;487.901753;
1.066699;441.139176;
1.090140;455.458222;
1.051294;390.133608;
1.106671;427.269775;
1.155311;475.391323;
1.410305;579.776728;
1.253025;498.513375;
0.856976;348.796762;
0.721347;285.501264;
0.848928;356.247076;
1.307189;529.756464;
0.968796;392.712955;
1.278378;524.011535;
1.138251;474.606411;
1.210622;483.172374;
1.066573;443.484134;
1.303924;542.229140;
1.022670;421.143189;
1.012029;409.936536;
1.015737;394.808048;
1.036664;430.167912;
1.290404;498.422168;
0.906426;364.372511;
1.081391;429.595394;
1.011292;406.365707;
1.006164;402.305508;
1.031619;419.825065;
0.885175;359.837278;
1.016224;422.840207;
1.098612;441.072154;
1.143520;465.970099;
0.898533;370.607275;
0.916653;376.761040;
1.165057;466.338516;
1.238475;519.792882;
0.908394;377.536910;
0.895078;374.348739;
1.047446;425.549528;
1.078041;433.763015;
1.134600;471.671884;
1.167210;460.050633;
1.114559;470.147861;
1.233771;497.393622;
1.139399;473.266694;
1.019144;410.121197;
1.276534;538.763679;
0.905745;373.517292;
1.290530;533.592742;
1.196769;478.272665;
1.290343;524.280008;
1.152456;477.302494;
1.249003;508.767261;
1.119685;454.964214;
1.083246;446.027282;
1.130618;471.049531;
0.891621;355.799824;
1.155115;484.990425;
1.088358;461.467695;
1.024501;426.848450;
1.418715;575.622939;
0.990822;399.227436;
1.333835;569.849254;
1.037845;411.361074;
1.295045;545.584941;
1.160610;461.506634;
0.843264;350.973783;
1.070772;438.067141;
1.287531;532.390395;
1.408790;571.191370;
1.126108;471.091656;
1.225448;494.568399;
1.045855;417.556101;
1.262653;519.674607;
1.190756;481.991146;
1.007763;402.524843;
1.014220;396.929810;
0.960488;383.316996;
1.090702;439.127651;
1.172658;464.229744;
1.073890;415.691911;
1.122847;439.758430;
1.017838;415.004523;
1.201872;483.272125;
1.057582;437.089405;
1.362931;545.077156;
1.192059;504.895034;
1.457724;587.704129;
1.108689;460.585911;
0.998004;399.930530;
1.077466;435.125420;
1.242747;525.394679;
1.339960;561.749384;
1.277562;513.936929;
1.078294;422.367737;
1.250089;490.241888;
1.163886;485.353903;
1.284636;532.869110;
1.082069;429.161487;
1.215581;500.648815;
0.893320;366.122331;
1.135787;462.260488;
1.134382;436.839655;
0.923208;361.227327;
1.096430;448.144599;
1.196181;490.112313;
1.219844;488.623049;
1.016150;396.592894;
0.938505;377.147322;
1.167962;485.357833;
0.937312;381.671634;
1.001978;404.605569;
1.262707;515.281026;
1.196486;482.756576;
1.298467;544.647989;
1.312512;527.692022;
1.057697;426.457008;
1.165496;477.288557;
1.232039;515.584490;
0.972409;388.366422;
1.087088;417.019296;
0.935451;379.606393;
0.979814;387.053879;
0.818301;327.497695;
0.904648;369.012012;
1.164140;465.940801;
1.176962;472.214445;
1.383709;547.461594;
1.048981;436.179256;
0.915933;376.974482;
1.229197;481.859623;
1.159330;448.795944;
1.045572;429.471777;
1.194545;478.922725;
1.135293;457.970172;
1.045141;419.419897;
1.090828;439.846858;
0.994715;385.720326;
1.058056;429.184646;
0.929296;369.171098;
1.100591;441.997500;
1.297692;550.873759;
1.207699;490.782554;
1.184123;510.001628;
1.015001;405.360527;
1.092265;441.139801;
1.097381;416.887878;
0.899182;364.838548;
1.214828;469.752092;
1.189975;485.277626;
1.285746;540.290222;
1.217750;494.191234;
1.179317;502.172838;
1.107454;426.645749;
1.110684;431.185271;
1.290178;534.816859;
1.260285;500.656858;
1.045737;423.733667;
1.063928;436.453939;
0.861874;342.128696;
1.051109;420.023951;
1.028544;412.348632;
1.286596;499.452023;
1.235939;505.538245;
1.008627;410.724908;
1.151947;473.410816;
0.853058;340.223838;
1.057397;424.821510;
1.120091;446.879543;
0.942876;397.144087;
1.066920;429.099711;
1.329709;548.967962;
1.225169;501.383909;
1.052222;426.923261;
1.103202;446.340972;
1.083190;442.671843;
1.190167;479.868049;
1.053139;427.293211;
0.989350;389.088756;
0.880797;356.237536;
1.225698;489.095820;
1.243352;527.698580;
1.232242;508.960483;
0.922030;382.029411;
1.057279;439.869590;
1.155873;479.942348;
1.144664;460.319659;
1.083410;456.918538;
0.828782;336.563884;
1.032393;426.678060;
1.093862;433.706771;
1.172674;456.483600;
1.152573;457.730054;
1.111933;458.652332;
1.171794;478.174451;
1.304573;547.026137;
0.951507;383.448587;
1.455985;594.549829;
1.224984;492.011398;
1.115369;434.426159;
0.952081;389.091274;
0.977899;389.337474;
0.813883;335.622722;
1.294873;534.491256;
1.177854;466.283166;
1.175510;482.083474;
1.040537;445.564979;
1.138089;444.772650;
1.015598;418.013662;
1.280710;516.678685;
1.186688;483.953891;
1.024067;423.063323;
1.075695;421.879910;
1.098974;462.182164;
1.057830;430.455159;
1.718007;675.308134;
1.253847;517.046314;
1.059048;433.320430;
1.023513;410.465953;
0.885122;367.037085;
1.131449;460.442951;
1.109971;463.192189;
0.864138;331.735139;
0.990849;399.586457;
0.999317;398.670315;
1.064081;429.187772;
1.039649;413.390374;
1.075224;436.580522;
0.961499;393.539706;
1.285733;496.891897;
1.128086;459.628656;
1.289237;524.894234;
0.991260;403.233336;
0.995975;414.378316;
1.152758;451.179727;
1.057974;433.003382;
1.212591;508.373873;
1.006047;381.997212;
1.108839;438.027041;
1.432861;582.737727;
1.073056;437.660575;
0.976029;388.711481;
1.054929;438.284164;
1.323878;564.623891;
1.117263;445.974334;
1.027331;411.795149;
1.004673;407.428454;
1.104849;416.622550;
1.193139;486.156871;
1.067183;461.011769;
1.139406;481.034715;
1.394371;582.845150;
1.284438;527.583526;
1.052158;427.496355;
0.959130;386.404223;
1.019125;416.347180;
0.952785;387.970771;
1.130573;466.855726;
0.877919;353.152345;
0.981986;397.144184;
1.149982;465.287577;
1.081772;452.901929;
1.035855;421.531334;
1.169718;494.605278;
1.432596;589.439444;
0.948683;391.064983;
1.182119;494.444931;
1.096886;460.822632;
1.266410;510.919538;
0.994097;409.043588;
1.041784;416.283641;
1.091965;456.989778;
1.009160;403.235086;
1.085095;443.633653;
1.016035;420.110263;
1.028568;413.039165;
0.875936;346.711580;
1.053092;421.047619;
0.977205;401.268324;
0.954532;380.996581;
1.113245;429.499660;
1.119529;455.736301;
1.351060;530.687160;
1.162654;475.519980;
1.050940;432.911265;
0.810659;335.727122;
1.192200;505.017079;
0.877497;358.606811;
1.088394;432.238601;
0.988162;410.693476;
1.298284;530.025603;
0.962678;412.394504;
0.955769;384.715115;
0.963705;378.481090;
1.045109;422.065402;
0.979711;386.855991;
1.184497;477.443903;
1.182057;487.878732;
1.038237;411.751373;
1.262159;532.331974;
W1;O:0.000562;R:556.195110
W2;O:0.000531;R:556.218209
W3;O:0.000544;R:556.106238
0.873783;364.874009;
1.151847;451.679528;
W4;O:0.000530;R:556.243582
W5;O:0.000563;R:557.022183
