0.877151;393.004613;
1.105035;443.647218;
1.315176;569.725423;
1.345871;573.882349;
1.491087;609.280465;
1.536055;648.505421;
0.790954;344.714564;
0.590495;255.433234;
1.034131;406.621415;
1.761363;664.211640;
1.324326;546.899018;
1.589178;668.584887;
0.985787;406.781689;
1.340385;567.533421;
0.855281;346.480229;
1.289939;522.381494;
1.239813;521.438903;
1.454664;580.078252;
1.288708;517.338396;
0.884500;367.760837;
1.077910;423.123867;
0.778424;325.615562;
0.926261;378.001055;
1.299408;539.281167;
1.195361;484.271500;
0.982542;378.676278;
1.201175;479.193939;
0.824319;328.356436;
1.380461;568.654838;
0.990393;393.728309;
1.078745;460.497598;
1.573580;622.141962;
0.963778;396.471030;
1.260052;515.015928;
1.392809;562.555922;
0.802005;323.022075;
0.880148;347.094598;
0.798337;319.221153;
1.187590;457.316550;
1.134359;431.792859;
1.004986;394.870271;
1.201475;470.194884;
0.906929;366.473733;
0.868117;348.821243;
0.884617;384.278520;
1.340630;524.044356;
1.158400;485.290377;
1.230665;497.609887;
0.930473;386.386355;
0.814022;342.397514;
1.439189;549.294858;
1.469749;609.257201;
0.909183;366.459584;
0.989901;402.718974;
1.136940;467.151727;
1.459815;626.486893;
1.314867;555.027022;
1.545164;651.294968;
0.810638;347.313847;
1.002692;390.077276;
1.289594;521.573170;
0.992327;401.171922;
0.902628;378.823432;
0.985783;383.138715;
0.571501;239.491442;
1.729468;735.089817;
1.159193;481.123095;
1.288686;533.401861;
1.092883;457.785144;
1.158945;478.707192;
1.178762;488.968084;
0.948816;395.282510;
1.045388;454.374117;
1.374999;574.902199;
1.712638;695.416415;
1.028935;439.833618;
1.350167;545.261016;
1.403270;601.767369;
1.303554;542.487287;
0.826354;338.933034;
1.225167;486.168999;
1.219183;466.319811;
0.790129;310.942162;
1.613743;604.001167;
1.263562;520.890771;
1.377063;571.207578;
1.122351;470.031030;
1.081506;449.778369;
0.874056;357.137469;
1.217377;484.945715;
1.418326;573.880137;
1.091677;469.433747;
0.962395;380.603666;
1.322857;536.740595;
0.907325;380.055338;
1.015235;407.988283;
1.293470;538.448474;
0.879303;348.458958;
1.961820;813.110957;
1.618230;663.160576;
0.905841;355.019585;
0.828138;332.454721;
1.285525;535.503153;
1.145341;463.031755;
1.036075;371.921020;
1.006647;404.898151;
1.191766;490.246880;
1.257669;529.519088;
1.282776;493.470078;
0.910535;372.197562;
1.032911;412.509267;
1.215565;473.479598;
1.122060;425.803784;
1.245473;518.755825;
0.975670;400.068612;
1.257111;523.494020;
0.916608;391.566057;
1.170083;483.379202;
0.752512;289.211067;
0.773435;296.950942;
0.928992;377.865604;
1.053162;379.811749;
1.155283;463.976707;
0.924885;347.037638;
0.936002;403.949427;
1.178655;493.557297;
1.144836;440.365965;
1.527458;587.730904;
1.134519;456.098978;
1.325197;554.171873;
1.002811;423.903263;
1.329182;539.914891;
0.929560;398.044788;
1.075300;448.148922;
1.261450;526.179904;
1.580682;689.467516;
1.006513;411.009543;
1.287279;475.626503;
1.400895;556.648127;
1.216767;410.730708;
1.188891;500.856561;
1.249730;509.425464;
1.395904;529.545455;
0.966576;412.294195;
0.895567;355.230941;
1.257284;503.806657;
1.303774;483.645248;
1.626799;658.886607;
0.857112;373.986268;
1.658305;620.893696;
1.001730;417.481079;
0.834106;351.601025;
0.957585;424.118398;
1.411944;582.117074;
1.070991;395.919692;
1.228331;518.068834;
1.341393;555.765595;
1.207507;488.266336;
0.855673;338.935122;
0.880219;361.021915;
0.977241;388.529541;
0.978815;323.112690;
0.551427;222.787113;
1.023487;413.421017;
0.692671;290.761475;
0.928764;406.583521;
1.661327;602.757634;
0.856179;358.014048;
0.994672;380.037430;
1.027550;431.589997;
0.887473;405.270197;
1.102037;456.496290;
1.035963;408.403857;
1.163300;486.849206;
0.914321;340.197146;
1.149731;469.000040;
1.375946;545.038781;
0.806953;330.581033;
0.830394;341.051102;
0.853424;333.942003;
1.413882;603.024529;
1.150538;480.475533;
0.736208;290.174585;
0.845961;323.885225;
0.857623;333.596713;
0.939248;385.263581;
1.046141;435.196993;
1.151812;481.608232;
0.959733;400.285104;
1.078311;431.814915;
1.478503;566.058163;
0.746076;316.789953;
1.103813;434.016600;
0.764557;321.764771;
1.355443;566.157802;
1.292557;522.538436;
0.831641;365.909938;
1.287644;519.516383;
0.969967;356.408104;
1.185868;423.520994;
1.192291;461.893968;
1.354264;523.921981;
1.008942;402.098121;
0.730509;296.250219;
0.940952;408.344424;
1.059772;411.849836;
1.561457;649.452964;
1.264456;535.766241;
1.460948;607.677995;
1.517411;598.818904;
1.438511;595.999649;
0.829598;312.869187;
1.289438;511.413740;
1.265506;475.071863;
0.993102;401.404931;
1.178986;488.757593;
1.249985;539.297639;
1.627560;664.459845;
1.681181;661.148398;
1.043291;429.415639;
1.145848;461.350885;
0.831885;343.375752;
1.092074;450.432537;
1.386076;508.657887;
0.955963;365.997083;
1.352041;485.909012;
1.237933;530.463457;
1.598750;643.268135;
1.281009;524.749737;
0.998231;389.372022;
1.190907;455.633211;
1.267043;477.462513;
0.738960;304.978645;
1.015158;403.107280;
1.263809;477.056752;
1.406761;556.517280;
1.432212;576.525374;
1.198014;471.276021;
1.241888;492.354792;
1.163212;472.978754;
1.145266;494.977800;
1.198053;501.003396;
1.377738;578.541683;
0.784156;328.284710;
0.773961;309.048905;
1.374843;601.108139;
1.044061;439.086116;
1.144020;445.881857;
1.504399;638.037873;
1.187748;449.273758;
1.517172;632.856310;
1.094680;460.753025;
1.103605;478.150310;
1.033029;415.924040;
0.950135;381.470643;
0.869089;319.712606;
0.788165;327.768837;
1.113609;464.330054;
0.803747;355.814580;
1.128704;461.767098;
1.297121;540.296363;
1.189107;469.583948;
0.786610;318.411488;
1.196774;523.101540;
0.738951;307.135666;
1.200556;508.142915;
0.824645;348.573233;
0.973378;368.880432;
0.796111;306.873071;
0.755921;306.747406;
1.044506;426.850684;
1.237693;496.431713;
0.909752;363.816577;
1.025839;413.577332;
1.119440;440.298535;
0.944033;407.197080;
0.961657;398.024077;
1.107738;403.681045;
1.243189;511.476127;
0.992692;398.531378;
1.040452;412.551461;
0.964981;394.657139;
0.860715;343.094474;
1.099511;467.980603;
1.615329;690.968248;
1.297711;515.681001;
0.825128;323.700036;
1.120207;496.399800;
1.305424;492.652473;
1.081988;433.653981;
0.669351;246.705661;
1.180340;489.902709;
1.178174;475.602671;
0.954080;377.649264;
0.947154;405.950860;
1.167005;490.603028;
0.956714;386.814983;
1.077998;465.019354;
0.821997;331.802903;
0.871689;343.852677;
1.132389;453.521568;
0.857857;353.147255;
0.700193;259.471545;
1.095061;456.737005;
0.823585;334.981961;
1.587057;639.612794;
0.827557;320.087582;
1.746803;709.870622;
1.121960;443.780711;
0.936028;388.655947;
1.351063;572.756567;
1.198117;492.019925;
1.167162;428.789066;
1.485169;555.440397;
0.946177;357.218479;
1.211408;457.321289;
1.211090;486.284101;
0.951386;375.069161;
0.851638;361.429062;
1.330345;522.281162;
1.120084;446.161022;
0.806329;299.164329;
1.135553;423.260907;
1.162041;465.392102;
0.976464;382.840065;
1.306696;521.386412;
0.879427;361.274163;
0.798683;276.988975;
0.836111;339.305682;
1.047730;433.676621;
1.077450;440.209997;
1.104295;453.679718;
1.182443;464.456400;
1.085665;456.968573;
1.405668;524.060855;
1.388658;560.794955;
1.380577;545.980682;
1.352053;563.380392;
1.287294;499.030414;
1.055484;411.963489;
1.070593;428.896083;
1.003899;403.690123;
1.291830;515.003592;
0.978450;363.343208;
0.814898;323.209539;
1.127587;483.867533;
1.096242;405.446522;
0.776389;305.540212;
1.427853;589.510269;
1.610190;638.065482;
1.157272;464.015678;
0.839610;350.195224;
1.241951;521.152992;
1.444792;603.301766;
0.921891;364.747679;
0.744035;309.689148;
1.205282;416.563220;
0.935614;413.309893;
1.360728;553.302486;
1.492429;586.184984;
1.144687;485.015469;
0.687610;279.595293;
1.238610;524.799477;
0.885651;367.816523;
0.984877;396.398882;
1.549763;659.969594;
0.890087;358.843429;
1.141341;480.383803;
1.704922;677.308054;
1.020666;418.790130;
1.491803;597.397724;
0.929534;369.894122;
1.180577;488.309557;
1.767676;742.875327;
1.238454;489.684325;
1.394485;545.011387;
0.758505;304.518435;
0.919962;368.221957;
1.127058;464.042960;
1.097127;449.571181;
1.260425;521.799453;
1.387627;537.827624;
1.060748;422.762203;
1.542443;563.172258;
1.508359;602.111518;
0.932187;369.843734;
1.150192;468.102112;
1.071289;413.796496;
0.841849;316.757188;
1.335062;550.922288;
0.919965;362.030435;
0.836651;327.186529;
0.817901;314.395277;
0.965937;389.332980;
1.027443;445.081999;
1.113420;490.753446;
1.153826;441.926242;
0.763721;308.706268;
1.080271;431.705507;
1.383152;596.848155;
1.589696;612.089085;
1.580858;657.425723;
1.019228;430.902855;
0.670407;261.738411;
1.303686;517.332673;
1.601889;673.417197;
0.818084;303.304501;
1.390833;584.498425;
0.822253;337.151283;
1.157996;465.436870;
1.369940;561.640059;
0.782441;324.501947;
0.930811;355.091782;
1.188061;466.185586;
1.415896;583.389260;
1.226447;529.614824;
0.946916;403.130132;
1.517612;593.151360;
0.962890;396.297533;
1.363914;575.917429;
1.214693;489.529804;
1.475375;594.607852;
1.121905;454.820527;
1.846821;788.454532;
1.172974;478.053482;
1.330565;547.169155;
1.106020;415.776877;
0.875852;346.059854;
1.228234;517.261698;
1.471262;607.967605;
0.963669;393.119081;
1.561650;616.011690;
1.037553;420.562080;
0.642748;269.832063;
0.912339;349.699798;
1.014183;402.134376;
1.362507;537.342630;
1.292650;482.078132;
1.162671;469.049337;
1.113244;473.256515;
1.290492;510.096082;
1.285154;484.663358;
0.950838;390.956285;
0.801393;300.875478;
0.981364;403.890552;
1.072207;424.616202;
1.077196;386.721022;
0.987040;412.620271;
0.748250;316.175915;
0.761875;328.120489;
1.376567;578.934240;
1.236982;511.794777;
1.251673;443.804466;
1.472051;560.836062;
0.973046;398.565075;
1.170125;483.454847;
0.993117;376.128650;
0.884181;363.954718;
1.191042;494.416832;
0.815940;342.432161;
0.839314;355.081161;
0.955100;375.846855;
1.033093;393.497425;
1.330119;557.178023;
1.208609;500.224144;
1.426562;549.319835;
1.206963;436.003390;
0.654584;242.977506;
0.753467;304.868107;
0.926029;366.304187;
0.706544;300.761274;
1.176692;456.098110;
1.020025;426.725247;
1.280193;506.232506;
0.859249;318.030711;
0.960006;364.927888;
0.899184;380.145915;
1.020817;430.860741;
0.926151;370.011536;
0.895583;377.011262;
0.820546;327.661185;
1.149368;474.546883;
1.428040;576.681594;
1.173879;486.478776;
1.147118;471.975931;
1.677569;731.447766;
1.090214;464.073025;
1.011583;391.993807;
0.696432;263.749796;
1.130426;469.391035;
0.805330;322.249680;
1.170552;477.023875;
1.106672;459.237807;
1.058935;403.686420;
1.227896;547.808395;
0.999924;421.952192;
0.712866;297.815753;
1.076917;399.274548;
0.667509;271.894984;
0.914695;384.739841;
0.980019;401.446243;
0.972871;385.124638;
1.165439;471.636232;
1.111577;470.943534;
0.909836;379.455298;
1.004982;423.233786;
M0:0.001611
W0;O:0.000075;R:94.241173
0.919387;372.474792;
1.187038;466.928444;
1.070505;425.883958;
0.875903;325.266377;
1.160323;452.139619;
1.377399;522.952097;
0.981204;409.714811;
0.795789;320.313030;
1.481236;610.994476;
0.984940;395.117083;
0.966084;373.802282;
1.385140;461.897577;
1.308754;484.423255;
1.158750;457.646600;
0.682038;286.847812;
1.249212;524.184240;
1.078541;420.800658;
1.136313;477.779652;
0.586459;229.798981;
1.211725;498.073593;
1.185228;493.473206;
1.286104;538.555831;
0.934032;381.502529;
1.012103;400.846791;
0.960819;403.540277;
0.846943;362.236598;
1.010994;434.283733;
0.975392;398.768892;
1.024318;398.125779;
1.214840;482.526842;
1.020491;421.667946;
0.973954;402.059350;
1.015104;414.433111;
1.090040;465.508726;
0.578137;239.658239;
1.137217;425.654176;
0.889072;369.733407;
1.135698;481.997058;
1.217413;480.681291;
1.258231;494.644246;
1.178630;493.475522;
0.819373;285.718527;
0.859595;354.831445;
0.862249;356.635572;
1.197958;505.229249;
1.059681;435.855032;
0.924658;383.871589;
1.422594;577.123476;
0.854917;352.491935;
0.903402;383.130852;
1.638723;675.267843;
0.680507;292.231670;
0.808318;314.881340;
0.655984;264.083555;
1.205533;500.305215;
0.927194;399.068909;
1.202577;482.100173;
0.887207;373.882302;
0.817878;343.980822;
1.297228;511.758221;
1.283088;545.430459;
1.281329;486.888558;
0.970655;414.785272;
0.765762;325.745988;
1.086674;443.883580;
1.098634;477.124133;
0.501186;210.284931;
0.991208;417.106917;
1.221421;471.907630;
1.216358;482.228895;
0.878932;339.191561;
1.049939;424.675471;
1.142670;453.742981;
1.063581;428.471177;
1.296314;512.007202;
0.959201;383.791726;
1.391318;557.276263;
0.950356;355.294532;
1.333945;578.023929;
1.332053;540.572090;
1.175778;411.083263;
0.794302;301.497166;
1.194927;505.994452;
1.140684;482.075765;
1.085982;434.250980;
0.872579;351.877532;
1.123007;434.853299;
1.230043;498.931326;
0.778211;294.287403;
0.988143;413.292002;
1.320190;540.380996;
0.912656;360.063806;
1.360192;564.587982;
1.007492;427.729836;
1.248696;524.487643;
1.072109;427.586575;
0.984066;393.219823;
0.986549;398.192276;
1.064726;433.924914;
1.105447;446.880530;
1.201089;472.042323;
1.137136;450.912086;
0.892945;346.485282;
1.254515;507.458148;
0.902896;389.210338;
1.635883;632.274236;
1.190576;483.657300;
1.058837;416.537670;
1.083633;410.688031;
0.680117;279.099067;
1.353829;553.327636;
1.106568;446.388379;
0.917499;381.729004;
1.234490;497.501119;
1.196913;507.785985;
1.121080;445.207015;
1.166288;469.877118;
1.179979;465.239213;
1.058153;421.052557;
1.885778;794.599657;
1.234424;499.417914;
1.017998;440.551131;
1.312694;518.019821;
1.138546;444.860763;
1.119873;469.088992;
0.847329;314.598513;
1.418241;587.599572;
1.382410;556.667983;
0.946121;386.572917;
1.458212;574.446892;
1.142953;463.474584;
1.102598;458.951688;
1.168497;484.925184;
0.934765;364.147058;
1.042819;426.064799;
1.067124;466.762279;
1.787773;697.327382;
1.024285;434.294878;
1.460589;614.976525;
1.244905;488.730295;
1.211245;486.356494;
0.952292;375.187566;
0.778115;312.317182;
0.927356;331.480394;
1.349230;577.702527;
1.250972;511.230842;
1.205600;518.874460;
1.049053;402.427034;
1.025169;394.937839;
0.798861;305.275479;
1.109688;446.456576;
1.133887;463.572001;
0.982361;394.759568;
1.498392;557.991258;
0.806056;327.651618;
0.527707;228.583668;
0.848937;361.095405;
1.022920;391.242185;
1.373813;549.102012;
0.829271;337.848158;
1.130422;462.939178;
0.940614;375.176202;
1.556891;577.199574;
1.245378;518.841400;
1.227889;519.494710;
1.128822;420.047466;
1.226391;478.699665;
1.039346;383.852218;
1.329741;528.684848;
0.991603;400.337276;
1.280027;551.977975;
1.312746;543.532127;
1.738243;755.748094;
1.346960;565.681530;
1.496004;593.071266;
1.256932;509.470587;
1.602449;688.701111;
0.844902;341.177203;
1.425073;549.230030;
0.983703;404.542039;
1.039546;430.409148;
1.343835;555.212019;
0.952473;384.067852;
1.178659;489.153867;
1.235407;508.841106;
1.020295;374.972492;
1.199286;477.226970;
1.319077;571.552210;
1.484121;576.649540;
1.011848;410.946388;
0.990355;384.614080;
0.784590;313.647247;
1.368300;501.871650;
0.932455;356.973217;
1.144627;438.012200;
0.932220;382.398357;
1.354927;551.704998;
1.273388;528.024196;
1.569867;636.660404;
0.938413;387.320750;
1.566544;626.804192;
0.824325;326.885226;
0.773187;287.400998;
0.833362;357.132215;
1.255130;527.451676;
1.273527;480.860854;
0.931040;361.950976;
0.867120;342.472398;
1.472960;591.589536;
1.073869;394.248615;
0.901550;359.515954;
1.368726;563.147302;
0.831240;323.269065;
0.713151;292.572388;
1.513262;583.059963;
1.192381;476.778476;
1.414454;519.109047;
1.349065;531.159600;
0.903984;372.665989;
0.857576;346.750422;
0.962400;338.640821;
1.141324;462.247739;
0.906580;371.577344;
1.151929;440.037126;
0.840583;344.979521;
1.382540;565.339248;
0.777708;313.073017;
1.163310;491.174776;
0.952416;381.394967;
1.785757;673.772861;
1.645668;640.395426;
1.385240;518.312482;
0.776425;309.833017;
1.237607;494.398602;
0.938253;389.071519;
0.792296;342.310318;
0.880265;365.260212;
1.468865;623.199316;
1.260232;475.978871;
1.044101;433.381788;
1.071347;454.533900;
0.941868;374.836837;
1.237221;490.971475;
1.351050;527.084928;
0.697525;295.645503;
1.233408;495.199827;
1.285757;525.512571;
0.954641;394.636318;
0.975557;392.782894;
0.602735;230.184824;
1.088329;447.218614;
0.941599;337.291126;
0.914722;350.839520;
1.156462;482.819167;
1.071472;380.097588;
1.037237;385.565818;
1.092331;443.512046;
1.307245;523.491363;
1.045517;408.952534;
1.014131;408.993010;
1.204409;504.988591;
0.766684;328.714892;
1.514911;599.456917;
1.065049;391.946776;
1.081892;458.508788;
0.790241;337.412828;
1.053127;418.060909;
0.873853;367.421348;
0.940010;395.811014;
1.252711;486.666682;
1.125444;444.293378;
0.722774;301.783306;
1.120920;465.486303;
1.143878;472.928615;
1.416742;596.215319;
1.446653;594.863197;
1.299360;539.398393;
0.920455;376.153720;
0.888422;350.106380;
1.264858;531.331912;
1.499641;576.135256;
0.698593;269.701987;
0.943412;407.854884;
1.093495;408.742699;
0.887098;363.383187;
1.230500;540.519261;
0.934610;358.214793;
1.271700;481.820522;
0.979936;400.512789;
1.472900;587.328307;
1.294406;500.137335;
1.323834;539.243086;
0.849151;324.124299;
1.287638;517.623078;
0.783569;302.741161;
0.934462;351.842214;
0.980064;404.082022;
1.438584;481.514539;
1.128874;431.503906;
1.081987;455.615534;
0.834634;307.653247;
0.727192;285.041203;
1.102204;451.222035;
1.051487;426.675441;
1.630284;663.221376;
0.760823;297.810751;
0.904961;363.493790;
1.523639;629.260796;
1.420873;594.934904;
0.883086;358.158717;
1.443892;603.226515;
0.864389;337.930358;
0.758929;303.715433;
1.602456;633.914824;
1.142351;458.386711;
0.983744;393.298860;
0.794476;279.724950;
1.017098;358.393680;
1.394596;559.734521;
1.096618;438.830421;
1.412483;578.654004;
0.949465;387.827741;
0.903129;335.468854;
0.991394;386.094360;
1.091605;425.987129;
1.273106;532.141707;
1.358654;577.298874;
0.963472;401.043524;
1.114405;447.650244;
1.202930;489.023645;
0.819054;327.903464;
1.020553;376.234809;
1.197153;497.009665;
1.474118;585.872379;
1.359478;570.595641;
0.596565;233.835889;
0.871684;346.593205;
1.469787;589.125679;
1.303200;517.129302;
1.096756;435.953634;
1.232940;521.108090;
1.424093;605.218621;
1.205047;484.318843;
1.310833;524.396482;
1.078483;434.792996;
0.880164;358.375527;
1.339515;544.668714;
1.053376;428.744542;
1.187461;481.011028;
1.016767;399.496305;
1.332655;538.599773;
1.346372;511.655570;
0.860686;352.573141;
1.400408;524.705221;
1.372370;546.332168;
1.393390;545.950657;
0.870292;353.823173;
0.964879;383.380672;
0.984130;387.923148;
1.038877;407.405753;
1.123929;420.003056;
0.682605;280.204579;
1.265187;525.510630;
1.176135;488.807390;
1.240771;499.920464;
0.931294;371.459684;
1.002009;415.644316;
0.996073;411.564173;
1.029119;423.730493;
1.058553;426.774926;
1.099378;447.593883;
1.050963;410.610608;
1.088096;432.031747;
1.284565;501.048433;
1.136450;486.547908;
1.687446;698.963169;
0.879981;357.387889;
0.993308;395.191416;
1.433723;633.851228;
1.126702;498.249042;
1.745455;724.460904;
0.994157;346.312398;
1.306193;526.268549;
1.401557;562.690833;
0.980498;411.524871;
0.852995;304.970147;
0.746882;301.765838;
1.258499;497.749718;
0.482601;186.607925;
0.976468;411.102637;
1.127281;446.606206;
1.017605;424.780509;
0.776578;301.264004;
0.817782;306.709203;
1.277765;517.367484;
1.711356;636.485503;
0.768531;298.925692;
1.063279;380.629632;
1.033512;421.573649;
0.922551;370.180091;
1.737174;645.782759;
1.148060;440.405261;
1.829687;747.608653;
1.130914;448.596713;
1.270732;524.903798;
0.945143;379.469638;
0.776076;302.616240;
1.215683;509.148416;
1.414328;589.381362;
1.307879;519.991154;
1.102235;479.581174;
1.099080;429.809056;
0.776204;305.327119;
1.683861;677.668118;
0.960405;405.541702;
1.142311;434.393889;
1.229443;483.024085;
1.034172;426.332301;
1.025232;392.560261;
0.584054;243.803382;
0.842691;313.163076;
1.377372;566.552052;
1.082500;353.203441;
1.417812;556.622768;
1.149724;454.802170;
0.925965;365.392225;
0.938338;384.703066;
1.235096;531.205526;
1.774490;721.781901;
1.248933;472.023214;
0.575793;249.127758;
0.905690;376.991137;
1.139770;494.353283;
1.307238;482.217881;
1.038830;432.700095;
1.124148;441.086938;
1.409040;629.572058;
0.961824;369.102141;
1.100513;448.272054;
1.309627;559.846761;
0.925062;386.036206;
1.405864;566.855525;
0.907096;381.840477;
1.176356;506.774531;
1.484594;575.967918;
1.016628;420.378354;
1.041247;404.173586;
1.395436;594.168207;
1.425211;539.096796;
0.691160;282.661778;
1.434026;574.213318;
1.274878;521.280578;
0.708854;293.038551;
1.245512;507.353015;
1.434397;559.503542;
1.482129;591.188379;
1.200210;500.069232;
1.111858;454.862806;
0.790998;292.501494;
1.454691;545.075157;
0.827387;338.091401;
0.907743;384.189388;
1.292651;536.891846;
1.093346;412.513535;
1.092706;448.375430;
0.978965;394.514233;
1.210183;521.412645;
0.564811;230.450989;
0.981461;399.045425;
0.759105;313.470603;
1.273242;517.104064;
1.137889;475.735062;
0.954737;395.130224;
1.407400;562.203982;
1.039428;390.051440;
1.247617;510.248940;
1.409423;536.644386;
1.479434;554.379845;
1.177066;490.210425;
1.428052;594.384840;
1.267059;524.421175;
1.292111;525.523069;
0.713285;305.682828;
1.365847;576.436999;
1.577484;648.988307;
1.546795;655.206790;
1.375846;558.036830;
0.691505;266.125346;
1.123471;472.519722;
1.056097;450.188831;
1.042199;452.129624;
0.878460;337.308954;
W1;O:0.000181;R:185.621978
W2;O:0.000189;R:185.288258
0.921556;370.480549;
W3;O:0.000179;R:185.291145
1.037930;444.525262;
W4;O:0.000175;R:186.123270
W5;O:0.000164;R:185.619201
