0.435890;187.605281;
0.674095;275.940348;
0.900599;388.576567;
0.399284;178.608944;
1.371444;624.942591;
1.490070;632.081541;
1.556108;730.127755;
1.227354;450.449178;
1.417415;653.642332;
1.910418;794.372139;
0.984351;426.824310;
1.267094;523.976115;
0.348370;152.376143;
0.653514;243.191356;
0.432031;165.591187;
0.846446;368.705797;
1.649514;726.855888;
0.945708;371.833579;
0.242837;105.817963;
0.975197;414.857564;
1.042744;462.344991;
1.066955;420.798151;
0.911234;372.667041;
0.720846;310.373287;
0.963048;422.248021;
1.616256;599.146993;
0.942747;366.170650;
1.419578;496.389215;
1.270156;470.885242;
1.304384;515.668849;
1.531241;596.225523;
0.617903;254.863822;
0.809045;336.163937;
1.419792;552.963467;
1.021429;425.594857;
1.120924;509.266155;
1.250329;523.181032;
0.894984;406.314650;
1.649394;696.185097;
1.950005;877.938460;
0.411874;171.364825;
0.593850;228.032047;
1.785299;763.462555;
0.629125;266.524052;
0.811716;280.876066;
0.629281;264.930230;
0.987925;427.531955;
0.680487;274.087647;
1.623943;672.122772;
1.574031;728.579004;
1.026265;333.974785;
1.145059;440.412477;
1.311584;538.306742;
2.059768;853.808098;
1.291699;295.012449;
1.166232;453.536028;
1.413618;550.569400;
1.159823;352.461288;
0.924709;384.456129;
1.069521;447.705662;
0.717154;270.125746;
0.847262;351.353432;
0.600686;223.720322;
1.394709;570.926950;
1.157942;494.935987;
1.393375;630.787233;
1.317452;588.860201;
1.040308;393.614531;
1.401112;553.289363;
1.108929;450.425925;
1.542418;617.852956;
1.131759;455.615516;
0.853057;368.615494;
1.290158;556.851904;
1.468335;592.372842;
1.246032;549.751553;
0.508228;202.539901;
1.452452;588.288681;
0.728442;251.152829;
1.557614;622.961419;
0.874261;286.847858;
0.898608;388.247648;
0.663687;260.819769;
0.751937;282.615513;
0.943483;407.191303;
1.348343;503.054602;
0.924909;387.198832;
1.460271;630.088153;
0.730529;289.959593;
0.988340;371.699900;
0.965274;327.696463;
0.510878;214.248453;
0.792317;297.172001;
0.948476;422.637060;
1.505847;562.977318;
1.104942;427.788783;
1.501978;651.218955;
1.291526;489.424392;
1.047694;427.438211;
1.116118;475.031399;
0.820923;337.655227;
1.758242;640.000641;
1.348621;632.058361;
0.709809;284.650558;
1.372990;500.812349;
0.735089;266.739019;
2.210790;838.109496;
0.575340;236.510940;
1.301731;569.839145;
2.213748;872.307723;
1.337336;500.825052;
0.822410;286.233238;
1.998470;718.204530;
1.140669;447.788172;
2.406857;941.142945;
0.756325;348.397285;
1.046580;441.175666;
1.561759;610.598565;
2.240059;880.950116;
2.293878;945.792783;
2.279144;942.906282;
1.825595;749.143820;
0.481884;198.996658;
1.569218;618.981930;
0.572669;209.476457;
1.352371;593.287603;
0.741449;297.530226;
0.559272;211.230424;
0.717867;328.983809;
1.410981;585.587460;
1.043462;440.500931;
1.017781;376.094847;
0.337308;128.924706;
1.887728;740.240736;
1.025305;326.503593;
1.281066;431.755388;
1.265986;583.131124;
1.395435;630.667022;
1.885256;815.531182;
1.058639;419.949855;
1.378925;563.829865;
1.181888;483.225769;
1.353206;543.579834;
0.894235;309.893862;
0.582820;254.933284;
0.749990;340.103858;
1.132122;456.290564;
0.916752;340.840361;
1.613937;633.921602;
1.248313;402.961251;
1.337625;517.392022;
0.873024;375.515578;
2.022694;852.449188;
1.635352;501.265743;
0.686131;246.065667;
1.033303;425.766554;
0.968510;380.061500;
0.944878;396.828066;
1.195132;498.737458;
0.662476;259.939359;
1.442268;578.992576;
1.293081;582.981444;
0.560680;245.581108;
1.081462;457.533325;
1.799776;698.653834;
0.588346;229.728826;
1.110775;452.167908;
1.248282;459.686566;
1.431826;565.179503;
0.875711;295.698663;
0.490110;192.403882;
1.158686;516.013350;
2.150049;805.244331;
0.914004;393.355711;
0.788658;282.466288;
1.321232;551.519551;
0.920675;415.424073;
1.308025;549.879067;
2.500597;878.034378;
1.500586;592.325862;
1.343577;456.035268;
1.098675;425.528415;
0.943704;387.899590;
0.441131;187.522119;
1.435766;535.375371;
1.010569;420.774786;
0.810300;186.766665;
1.080382;452.350568;
1.393508;496.588197;
0.761119;343.637531;
1.100861;443.531331;
1.319415;544.846290;
1.200667;461.129087;
1.221314;468.898313;
0.921403;370.691082;
1.555188;634.648651;
1.344329;568.259519;
0.398224;170.833410;
1.722666;715.095632;
0.629825;261.423402;
1.358910;516.111228;
0.391498;153.407599;
1.599598;712.295662;
1.069272;298.702977;
0.908263;374.276548;
1.342446;546.454010;
2.106860;861.665104;
1.743231;741.825755;
1.064820;472.436452;
0.619914;248.639892;
0.416078;189.584281;
2.447911;808.805128;
1.274832;553.529336;
0.957597;262.956308;
0.980035;428.673664;
0.686796;301.064629;
1.416763;552.954486;
1.352102;509.352368;
2.827477;1183.157949;
1.728747;693.261389;
1.324613;457.551679;
1.434575;615.026742;
1.500877;579.014988;
1.178036;534.471110;
0.840315;321.194909;
1.369391;505.587219;
0.295096;106.361657;
0.381406;162.958347;
0.714874;283.091275;
1.574135;659.171779;
0.986627;441.148444;
0.500169;186.662879;
0.728815;303.868299;
1.519060;556.214961;
1.442001;561.427814;
0.882448;328.379382;
1.571663;691.588995;
0.607478;268.076070;
1.226357;510.840171;
1.134108;426.739343;
0.972297;388.455527;
1.270342;532.888738;
1.508564;649.000594;
1.095468;378.645278;
1.386063;614.229354;
1.004802;416.476027;
0.377632;148.833876;
1.670910;737.731355;
0.917899;394.076221;
1.365736;574.317407;
1.280354;497.434211;
0.724546;295.046805;
1.803621;799.186066;
1.670461;693.696775;
2.325198;1017.164326;
0.994378;423.784719;
0.860732;382.849095;
0.905912;386.796290;
0.859911;400.758418;
1.270472;405.064507;
1.689477;728.504495;
1.133743;460.661705;
0.684495;301.443093;
0.676719;272.635222;
0.769844;316.579238;
1.490907;615.148351;
1.203019;455.417835;
0.571864;231.065472;
1.253539;529.198726;
2.051269;722.645583;
1.682816;600.774116;
1.168678;490.290280;
0.669040;252.620350;
0.931291;411.240576;
1.267318;561.634230;
1.182534;549.337566;
1.072119;394.035729;
0.660622;251.150502;
1.496435;642.965368;
1.419814;596.718608;
1.813448;783.422963;
0.506147;213.497022;
1.110906;427.213719;
1.689653;710.341942;
0.697949;294.854334;
0.955290;411.257519;
0.600315;243.592834;
0.892212;368.856931;
0.666897;273.589827;
0.933451;407.463197;
0.718907;298.172982;
0.816974;357.613308;
0.938152;371.110491;
1.167234;489.355538;
1.614199;684.403495;
0.594613;242.616382;
1.106462;474.644603;
1.513606;624.436557;
0.777244;320.722605;
1.986409;807.729505;
1.438247;527.629947;
0.911595;357.338627;
0.707454;270.719943;
1.170164;423.677878;
0.891185;389.152333;
1.359889;564.680644;
1.097261;424.676645;
1.953114;744.005261;
0.974427;391.988367;
1.339040;558.749504;
1.037504;357.725252;
1.159003;467.205345;
1.730809;600.945930;
1.033986;420.298722;
1.309000;469.749825;
0.496960;229.088515;
0.630401;267.945233;
1.052377;401.571035;
1.207415;539.322440;
1.624337;657.651398;
0.891618;369.196257;
2.654534;1040.298474;
0.752987;323.340168;
0.979392;432.964054;
0.597083;225.336623;
0.890159;367.037209;
1.207633;453.538769;
1.152853;442.265930;
1.852059;797.762210;
0.964201;407.213625;
1.721697;739.576026;
1.073547;452.429174;
0.569610;239.316465;
0.862118;379.425832;
2.026273;832.716846;
1.354607;525.481445;
0.981322;381.105368;
0.634049;219.132104;
1.336071;501.358777;
1.675778;609.973669;
1.089496;434.214938;
1.076852;470.563803;
1.535362;553.651205;
0.717080;322.922996;
1.539633;689.995625;
1.297622;481.449702;
1.701398;685.095819;
0.922093;391.657863;
0.550757;219.566987;
1.635117;757.972258;
1.600732;656.818754;
0.388980;155.395501;
0.900295;393.849322;
1.702390;771.670922;
0.893447;366.776401;
0.468586;206.706989;
1.379857;586.002842;
0.630457;152.444270;
1.365496;364.582156;
1.102918;396.711245;
1.154865;434.734536;
0.705198;310.143065;
1.180387;471.223821;
0.585110;260.416580;
1.455564;611.322708;
2.289021;1047.358881;
1.414565;631.606251;
0.981513;369.081332;
0.600486;258.348313;
1.040817;396.093765;
0.832057;338.460137;
1.003171;375.774853;
0.877248;373.614794;
1.350166;522.966365;
1.166464;418.420743;
0.691083;218.379343;
1.178542;522.310199;
0.820237;348.328841;
1.123899;420.610049;
0.656241;275.344924;
0.756793;303.431643;
1.441172;618.187349;
1.506976;541.489811;
1.677558;625.564050;
1.018489;412.049518;
2.317291;976.829577;
1.083959;421.964647;
1.029484;368.339312;
1.385512;587.679742;
0.523093;207.733820;
2.035765;755.990402;
1.474730;593.789098;
0.899370;393.140922;
1.050161;385.810467;
1.264719;450.098433;
2.044897;899.675848;
1.205108;499.236179;
0.719701;306.620880;
1.155418;441.134212;
1.582421;683.037109;
1.221774;507.878645;
1.418845;675.144589;
1.140613;392.773201;
0.807143;350.972644;
1.004432;390.322210;
0.745065;326.119428;
1.258327;503.812977;
0.999499;439.278197;
0.800404;326.505165;
0.698003;304.863607;
1.839491;802.757793;
2.310346;886.428095;
2.641310;1054.463040;
0.580545;230.505046;
1.001510;397.646303;
1.097825;478.808297;
0.868901;334.181501;
1.353937;536.659433;
1.034705;452.857357;
1.516023;537.951708;
0.582034;221.525028;
0.605944;207.943437;
1.730909;692.963891;
2.498797;991.082264;
0.289225;124.459431;
0.557158;251.680936;
1.182363;518.312839;
0.454291;200.100589;
2.692945;1010.264665;
0.655117;254.420882;
1.022121;416.563877;
1.198577;482.961415;
1.148261;412.733275;
1.715918;682.911128;
0.439045;186.702416;
1.227048;494.175050;
1.089017;462.690852;
0.511012;229.642855;
1.113663;449.141041;
1.031721;403.891169;
1.612902;613.721831;
0.685761;299.538599;
1.374221;553.813804;
0.969117;398.420964;
0.797420;313.863713;
1.044032;408.887356;
1.662190;682.052123;
1.270984;532.765141;
1.236004;390.293759;
0.631796;257.268750;
1.928715;820.732499;
2.255098;918.432370;
0.747751;282.554915;
1.388861;516.007918;
0.830184;315.193397;
1.593047;677.407425;
1.292185;522.215887;
0.882448;352.513058;
0.904489;357.499114;
0.806623;311.747457;
0.510591;183.937692;
0.714091;283.235564;
1.807149;717.844300;
1.546206;607.589364;
1.144027;453.971378;
1.728926;660.243416;
0.917417;377.012441;
1.626453;677.165487;
1.843254;731.430583;
0.681771;194.504667;
1.244077;499.443742;
1.068672;458.706480;
1.600561;733.475665;
1.107795;442.519661;
1.467793;601.428737;
1.077657;442.889700;
1.080827;439.980739;
1.006251;375.937727;
1.311200;506.212614;
1.161966;479.802402;
0.876120;346.971635;
1.125281;420.581066;
0.828733;320.359145;
2.074062;648.911674;
1.037707;306.798679;
2.036879;842.258610;
0.995115;372.172573;
1.378980;451.856741;
0.574391;233.873075;
0.716178;299.856240;
1.368542;590.627258;
1.958212;746.481759;
0.869760;374.017352;
1.092790;452.634172;
1.037914;396.270770;
0.988391;352.665530;
0.594642;235.762869;
0.762223;312.613771;
1.201349;541.403235;
1.077418;433.908703;
1.223045;501.773380;
1.213238;434.097333;
0.842192;342.000002;
0.788693;347.810110;
1.464095;571.784315;
1.229414;388.312927;
0.835202;317.851211;
0.862632;333.590023;
0.920136;350.106906;
1.325923;591.520637;
0.547951;211.927409;
1.097068;478.362474;
0.729577;212.407473;
1.979630;735.310254;
1.385984;468.568567;
0.547958;235.875019;
1.213735;492.872604;
2.382161;1018.633528;
1.247638;429.603227;
0.462226;189.986321;
0.741526;284.298723;
1.043846;412.076259;
2.239263;920.568632;
0.696067;294.548680;
0.852713;367.624695;
0.377619;156.299424;
1.308151;552.174075;
1.322831;503.880095;
0.815158;332.842360;
1.460031;620.510386;
1.136999;434.889296;
0.514728;179.451258;
1.695154;742.832676;
0.598457;252.209051;
1.273044;553.131057;
0.890857;296.852347;
0.613271;251.020729;
1.400153;565.021721;
0.705142;244.185768;
0.889986;343.458011;
1.060529;461.367704;
0.636475;229.427359;
1.106081;403.127729;
1.072739;435.579332;
1.336829;516.223932;
1.476166;633.784238;
0.672869;258.576095;
0.427778;162.531853;
0.997841;281.596567;
0.956819;361.253358;
1.410025;443.157539;
1.207251;478.155358;
0.656374;276.518143;
0.945020;397.778671;
1.077238;377.321739;
1.143682;422.170073;
0.752730;319.979104;
0.797539;217.595778;
0.892772;369.921457;
0.582543;220.996514;
0.962056;419.697417;
0.728309;250.423170;
1.320447;489.027821;
1.038051;459.377466;
1.212048;476.622991;
1.337667;573.780334;
0.963097;374.194656;
0.591903;263.906869;
0.707069;295.146212;
1.136273;453.779235;
1.747280;638.964151;
0.801033;298.390784;
0.587106;255.229498;
1.077404;457.350595;
1.022676;397.905406;
1.219280;525.879596;
0.732641;278.225874;
0.943729;389.745532;
0.542018;195.113876;
0.836380;328.620592;
1.584511;432.048681;
1.009740;421.027610;
1.164270;528.435465;
1.895461;763.855231;
0.391819;155.744987;
0.950143;408.934611;
1.111234;403.906094;
1.499861;642.119416;
0.684894;293.574690;
0.574793;246.094479;
1.204075;471.744181;
1.901053;731.833705;
0.995913;449.398041;
1.198566;524.735772;
1.487723;628.256751;
1.040390;478.880853;
1.237451;502.575450;
0.765180;310.922611;
1.099748;448.079546;
1.551176;657.332401;
0.774217;252.108628;
0.822638;316.036718;
0.965040;407.932348;
0.916389;387.527413;
1.565598;609.796856;
1.037964;408.814454;
0.268458;119.050759;
1.109246;453.772765;
1.356289;398.468149;
1.419228;573.950095;
1.013436;443.396793;
1.704513;629.625679;
0.414920;186.495260;
0.760912;322.020923;
1.216751;511.010459;
1.334996;525.304378;
0.629422;267.497589;
1.858674;769.931237;
0.889843;353.971449;
1.308786;509.871781;
0.760078;287.001946;
0.981097;424.060240;
0.967681;338.633249;
1.354282;560.626764;
0.632881;237.717978;
1.609527;629.102432;
0.669121;277.706611;
1.153813;464.365735;
0.964117;427.291521;
0.769000;285.635006;
1.311569;536.337160;
0.361637;155.886833;
1.202507;523.183962;
1.798865;736.159805;
0.565998;239.482229;
1.046387;436.869941;
0.866167;282.102624;
0.545073;229.579586;
2.385148;760.733658;
1.295899;520.032181;
1.689567;641.472145;
0.414364;170.696670;
1.252775;557.810835;
0.554936;200.495313;
1.257059;500.302952;
1.080820;431.655834;
1.367683;519.337421;
0.348869;138.022056;
0.865767;382.137822;
0.862211;351.363473;
0.845409;338.040585;
0.186011;77.577409;
1.557543;638.051925;
0.683860;274.801619;
1.133312;409.591640;
0.966924;404.231635;
0.701986;245.872442;
0.624450;264.151011;
1.316265;545.521362;
1.394568;569.923311;
1.929645;776.399825;
0.491971;205.898801;
1.212462;479.518035;
1.018853;360.292127;
0.722697;268.268781;
1.119746;426.667353;
1.122312;413.727139;
0.628142;265.489527;
0.727507;308.048638;
1.225708;474.074479;
1.287086;545.273692;
1.096162;442.177739;
2.894716;1042.390105;
0.723043;309.797274;
0.714822;214.808723;
1.117978;447.661281;
1.565379;664.767483;
0.625842;260.830424;
1.329999;565.526609;
1.163176;534.087806;
1.047771;442.097162;
1.334247;592.236716;
1.877232;766.471854;
0.467257;185.168989;
1.151537;486.969535;
0.924597;397.325076;
0.983616;411.814124;
0.868972;353.107225;
1.599591;663.750261;
1.200196;537.804913;
1.647668;656.954500;
0.688618;314.707287;
1.925888;822.601947;
0.473720;189.366021;
0.591861;253.147277;
1.289527;487.911705;
0.699337;285.163611;
1.643616;657.062393;
1.324090;482.109314;
1.310144;506.901747;
2.109498;769.916658;
2.049380;770.540649;
0.763953;330.507758;
1.113087;481.979471;
1.697252;580.613903;
1.321893;569.149709;
1.299801;429.034913;
1.182785;498.816911;
0.420445;171.832176;
1.886508;720.823155;
1.286821;503.818375;
0.334221;128.727455;
1.255538;530.191624;
0.797360;351.656933;
0.614751;215.347700;
0.949921;388.451513;
1.626411;716.524485;
1.097834;387.335630;
2.048416;932.428140;
1.755252;767.245179;
0.420214;173.732613;
1.175245;406.272697;
1.073086;373.399333;
1.013221;440.467174;
0.963896;359.143160;
0.732476;282.113335;
0.965343;374.955602;
0.789551;299.109468;
0.913027;377.777956;
0.754166;311.243085;
1.487443;495.361560;
1.636373;630.887376;
1.288006;525.170458;
0.638465;266.089474;
0.916016;374.562778;
0.670239;262.984101;
0.730753;288.179050;
0.985985;362.964046;
1.285716;533.284461;
1.276475;490.861607;
0.689643;276.582230;
1.321685;584.754073;
0.986243;403.809429;
0.892195;368.179375;
1.291338;513.362918;
0.958654;416.898701;
1.411800;602.209459;
1.153563;477.374807;
1.339281;569.442435;
0.649394;270.357068;
1.136672;307.173583;
1.146615;447.390074;
0.982333;389.930522;
1.038186;395.468517;
0.953342;396.716096;
1.064828;431.484533;
1.500059;613.236549;
0.407972;161.205807;
0.951524;403.369570;
1.509991;596.962338;
0.614154;271.630724;
1.602785;537.766762;
1.336483;401.311132;
1.408203;545.413091;
0.918246;373.397557;
0.943724;429.726994;
2.341133;933.323071;
1.742114;726.464058;
0.978394;426.349611;
0.850268;336.875059;
0.804640;322.383976;
0.929149;415.849589;
2.243484;847.881061;
1.360028;566.516959;
1.983691;782.459096;
0.259063;101.928338;
1.297645;547.003315;
0.917522;419.736208;
1.247044;488.528392;
1.030566;460.898349;
1.784174;729.875700;
1.134738;290.525729;
1.596931;653.207182;
1.246298;545.480739;
1.181031;451.165192;
1.217436;503.417668;
2.020668;875.064838;
1.176626;436.038858;
0.738031;334.609205;
2.275759;643.157852;
0.818484;335.707202;
1.446088;616.205631;
0.983625;422.757506;
1.776909;728.984660;
1.596975;601.604798;
0.902587;364.168178;
1.119433;483.420547;
0.543351;236.233498;
1.585813;610.129790;
1.360767;547.597817;
1.019783;392.843324;
0.957509;414.368248;
1.606932;704.114685;
2.800644;1294.045321;
0.563998;229.565452;
0.942468;425.241811;
1.434480;669.225253;
2.427744;1058.447784;
1.400125;601.810869;
0.795046;306.486682;
1.152344;466.856438;
0.686627;272.439134;
1.269822;451.851200;
0.504304;223.899056;
1.457803;582.992309;
2.017754;880.351196;
1.198622;536.323150;
1.338127;543.037505;
0.583071;234.884417;
1.870560;801.591288;
0.374938;172.850040;
1.481208;587.473545;
1.202923;501.753896;
1.046700;429.517385;
2.086882;825.854895;
1.298931;554.176040;
0.809793;341.077149;
1.097656;428.108367;
0.670403;255.415581;
1.609924;642.554736;
1.543654;631.753866;
1.434760;554.093989;
0.726642;295.151799;
1.076223;394.137781;
1.394483;517.645288;
0.706560;269.784858;
1.531051;656.097556;
1.405479;600.711819;
1.464417;594.665776;
1.705271;671.481587;
1.053955;461.639528;
0.435593;192.381346;
0.988052;392.585283;
2.175521;897.151446;
1.356530;472.219504;
0.995016;446.511797;
0.622778;269.929024;
1.530158;575.929312;
0.913430;334.919032;
1.755463;757.613629;
1.318439;432.043507;
1.295299;503.731110;
0.682101;304.693238;
0.810144;340.467619;
1.624348;640.650675;
1.603328;654.687398;
0.354318;158.379725;
0.969475;404.167193;
0.911696;370.402490;
1.482385;626.360149;
0.838892;373.584480;
1.793274;729.736114;
0.382925;146.094995;
2.464152;865.654510;
0.346301;136.679835;
1.256892;518.729731;
0.345815;125.681248;
2.414286;897.896314;
0.800546;366.209110;
0.837346;321.641902;
1.277236;497.716967;
1.368289;540.618404;
0.944559;384.670438;
1.375885;484.790528;
1.047613;386.084589;
1.695529;519.238713;
1.128721;466.807422;
1.418928;528.924789;
0.533230;172.269200;
0.642598;274.124051;
1.654970;569.354429;
1.164158;451.026526;
1.045619;390.437731;
1.927447;836.518521;
0.701237;296.466657;
1.483744;632.349864;
0.510927;216.797899;
1.121975;434.174090;
0.890813;363.909752;
1.340189;538.464821;
0.821465;296.145332;
1.536230;656.074137;
0.747136;310.275466;
1.831057;736.915972;
1.989637;836.344482;
0.426128;188.665447;
1.406465;578.523731;
1.416806;562.838179;
0.708259;301.190609;
0.609710;221.751252;
0.928506;355.191705;
1.095144;454.321960;
1.521857;655.075903;
0.386408;163.378538;
1.139505;415.006137;
0.836982;331.226037;
1.267897;518.967427;
1.353602;592.776320;
1.210962;484.019353;
1.255349;398.425183;
0.756900;278.521546;
1.634723;694.266834;
0.887023;241.502297;
0.868568;382.850106;
0.960688;421.887632;
0.995822;422.528073;
1.355593;557.243113;
1.120945;403.497080;
0.828735;307.342615;
1.297998;482.982991;
1.121627;431.584216;
1.165249;491.468685;
1.095084;450.110767;
1.633233;640.462170;
0.676541;276.394332;
1.059216;421.042755;
0.861001;360.594746;
1.116086;453.420903;
1.058355;399.122188;
1.096496;432.663843;
0.954276;400.477978;
1.337799;517.495979;
0.647687;275.834146;
1.288793;488.904307;
0.997612;417.596085;
0.961545;426.652792;
0.668906;277.380991;
2.383239;862.829885;
1.655681;653.166814;
1.155568;472.342843;
1.111392;456.582772;
0.948358;335.506910;
1.034249;448.153292;
0.444708;204.063329;
1.550151;628.675697;
1.001493;420.493653;
1.344694;612.332084;
1.582464;691.188036;
1.221204;479.994856;
1.772512;800.668086;
1.414473;564.114102;
1.593262;578.329982;
0.915698;387.959301;
1.534540;680.694654;
1.608506;608.872520;
1.582655;681.877935;
1.181247;424.720051;
1.059023;407.930999;
1.467069;647.989015;
0.371653;140.399844;
0.764750;296.413600;
1.594956;687.420634;
0.473943;175.219918;
0.894515;376.346253;
1.130647;427.619503;
1.432314;610.309167;
1.302847;504.658983;
1.610901;679.105329;
1.215877;474.269966;
0.989866;349.861139;
0.965522;339.644864;
0.827642;335.200640;
0.954899;382.032341;
0.739782;300.457130;
1.107195;495.925021;
1.357193;575.254717;
1.062855;370.673745;
0.931706;353.306390;
1.134000;424.786119;
0.809682;322.315458;
1.094692;441.512787;
0.917129;394.130293;
1.318116;504.281040;
1.227504;497.059433;
0.590472;203.538609;
1.194457;482.246482;
0.623828;267.690087;
1.561050;624.961043;
0.662494;268.108508;
0.503237;201.920707;
1.180754;492.741579;
0.776931;317.172813;
0.956818;355.633591;
0.771580;334.708235;
1.759453;572.114722;
2.277513;969.772037;
0.444818;160.671132;
0.760140;294.082692;
1.860628;770.338141;
1.616291;612.679877;
0.533559;199.004763;
1.516025;628.351802;
1.289654;541.415653;
1.598780;710.439587;
1.100291;464.907500;
0.629435;286.792403;
1.153037;441.399466;
0.717559;312.080333;
1.482540;590.008683;
1.153388;482.286238;
1.356365;562.375061;
0.848752;342.779316;
1.008328;334.228118;
0.999644;448.848890;
2.099773;892.303008;
0.982176;396.052255;
0.737139;291.411676;
0.638967;252.401887;
1.062681;332.528653;
0.759251;304.469788;
2.014869;778.144533;
0.944531;336.237384;
1.306611;524.441034;
0.739320;312.651715;
1.626938;531.197009;
0.745016;302.560317;
0.952067;345.998529;
1.206150;500.542412;
1.651085;617.763749;
1.269269;491.857489;
0.234679;85.879093;
1.605030;608.323802;
0.380376;149.667076;
1.014131;295.977936;
1.524004;560.188221;
0.684471;282.933422;
1.105951;420.390416;
0.968178;340.455103;
0.831363;330.464645;
0.330471;141.616194;
1.005468;382.404092;
0.621046;250.067614;
1.297689;431.769509;
1.366112;569.726203;
0.594571;259.992832;
1.590797;615.854079;
0.882505;365.239465;
1.135856;498.760613;
1.555613;607.334496;
1.974093;685.991345;
0.790667;327.100355;
1.339629;536.861987;
2.169459;814.986335;
1.139291;464.053378;
1.281107;450.148856;
1.778669;755.817423;
1.455718;626.814020;
1.153349;459.628902;
1.630747;726.338399;
1.015558;427.248698;
1.144723;491.913024;
1.784623;748.116536;
0.924857;403.597728;
1.303185;586.596566;
0.572256;221.030165;
1.581930;681.867471;
2.603545;844.904747;
0.901197;351.835597;
0.650595;269.837635;
1.377198;579.537579;
0.844508;371.940008;
1.417379;642.402769;
1.111087;450.464440;
1.493981;584.627649;
0.958391;386.978344;
1.269789;491.779009;
1.198521;456.600487;
0.715624;239.345567;
1.107392;461.939191;
0.883263;331.983414;
1.763717;787.452041;
0.689089;289.124546;
1.579371;703.249120;
1.179505;480.558395;
0.711726;286.818920;
0.808558;331.992200;
0.860882;351.512541;
0.485820;145.311686;
0.977514;416.000908;
1.028646;456.598960;
1.097177;471.967181;
1.000639;347.648873;
0.976261;407.274286;
0.833933;337.884850;
1.285103;548.969826;
0.638523;228.131966;
1.106851;444.475476;
0.942438;356.649682;
0.884949;355.482262;
1.076560;482.486032;
0.452329;184.043714;
0.737852;306.778644;
1.429274;544.755883;
1.598613;462.866196;
0.897949;310.573387;
1.367342;578.330700;
1.730694;735.462443;
0.574800;240.881904;
0.576516;256.779261;
0.566375;239.277682;
1.547548;695.783387;
0.886670;333.047383;
0.640234;281.485207;
0.932690;395.857930;
0.803844;313.679630;
1.568276;648.569392;
0.996195;419.953536;
1.666718;701.947262;
0.680574;306.229316;
0.676137;258.226469;
1.070859;440.697916;
1.147229;486.884082;
1.227440;511.813709;
0.632257;227.554298;
1.411557;627.384175;
1.167023;478.631534;
1.078483;471.874751;
1.005309;409.835790;
0.476926;121.553281;
0.970481;403.381906;
0.590495;234.962884;
1.447978;541.506860;
1.488640;576.230351;
0.636456;236.439988;
0.875172;334.873036;
2.255358;973.996228;
1.313208;474.284080;
0.762307;304.826010;
1.255516;430.440830;
0.557411;193.443390;
1.756089;699.242373;
1.084701;483.581383;
0.560831;211.465069;
1.389691;609.214283;
0.865360;379.508653;
1.906229;693.399455;
0.997509;402.092489;
0.843146;337.674735;
1.153217;429.609026;
1.323792;536.122863;
1.366837;567.524215;
1.114808;462.909914;
0.874381;310.474340;
1.437501;568.365479;
0.981365;430.130368;
1.402917;595.622468;
1.556313;580.063005;
0.667917;293.686256;
0.934691;377.367455;
1.851864;746.996107;
1.126811;431.748046;
1.040843;400.265823;
1.091044;473.576198;
1.167141;502.566864;
0.691989;302.387977;
2.005327;892.225905;
1.484717;603.030209;
1.611746;720.436418;
1.224312;474.705681;
0.744176;283.154780;
0.914896;381.658613;
1.043021;452.454149;
1.110671;421.312754;
1.006007;369.577370;
0.433186;167.228177;
1.699969;668.481438;
1.452770;583.228154;
0.815693;311.385325;
0.726329;309.810391;
1.476805;597.359801;
1.225156;495.171886;
1.344002;574.495033;
2.636492;1082.031593;
1.467720;576.725736;
1.680858;557.741427;
2.731990;1043.087616;
0.690331;285.313436;
0.812207;312.205006;
1.274884;539.959369;
0.983682;424.455519;
0.913853;354.034692;
1.382235;571.012089;
0.667314;294.895973;
1.393100;523.000802;
1.543467;647.305612;
1.029090;430.142863;
0.820233;363.144910;
1.447274;605.542453;
0.534286;234.833621;
0.829621;373.522415;
1.817779;740.462715;
1.491788;531.906148;
0.799559;336.428679;
2.277687;876.733333;
1.644551;609.035469;
1.310815;548.258100;
0.622594;248.458799;
1.009279;408.108994;
1.744419;710.824193;
1.349296;569.026119;
0.874591;373.765046;
1.635401;669.801599;
1.760617;686.878486;
1.201773;520.723085;
2.075449;888.321097;
0.595278;230.776736;
2.058464;654.482499;
1.543834;573.543897;
0.691828;280.407563;
1.169823;428.274894;
0.712986;312.582853;
0.551763;226.870713;
1.649305;711.660943;
1.056394;483.279560;
0.715800;300.117002;
0.973106;403.003434;
2.680197;913.052767;
0.712077;303.513984;
0.729058;275.061513;
1.551568;643.360941;
0.736763;316.839929;
0.986706;324.998121;
0.982205;400.503852;
1.162311;431.724827;
0.364584;138.482267;
1.233547;443.195520;
1.583860;645.766398;
2.248959;937.216133;
1.004557;409.841872;
1.042756;454.909655;
1.213515;437.737698;
0.839298;315.556005;
1.213664;454.235726;
1.234526;440.728905;
0.654648;251.287850;
1.140610;431.557807;
1.530979;658.069009;
0.934107;375.189575;
3.003176;690.727500;
1.074134;425.583553;
0.413707;166.928852;
1.028083;407.481193;
0.665284;303.261560;
0.443275;178.609406;
0.804213;289.745002;
1.072890;450.467228;
0.368511;158.096068;
1.085578;375.249635;
1.072224;473.579532;
0.929111;396.014500;
1.130362;458.099255;
0.917392;372.028960;
1.085458;382.017816;
1.248619;559.646440;
1.106670;402.033045;
1.135753;492.706671;
2.115564;926.145099;
1.438268;599.254105;
1.387494;422.631567;
1.594321;720.047909;
0.677306;263.867422;
1.828702;811.300290;
1.666121;683.538651;
1.047647;464.090627;
0.903516;390.966223;
0.718296;285.614695;
0.999204;422.001386;
0.980605;372.698079;
1.246528;498.096144;
1.501881;502.454658;
1.347014;523.841732;
1.060285;438.804634;
1.055496;420.221890;
0.821247;315.153460;
1.593310;598.723446;
0.577954;237.635480;
1.858769;621.695767;
0.664242;238.022911;
1.207355;455.202720;
1.285650;512.212341;
1.199671;467.411970;
1.083953;412.229042;
1.836724;780.673521;
0.623812;191.666131;
0.629994;255.224136;
0.391758;138.190365;
0.764311;331.018893;
0.866031;381.248140;
1.340048;554.913061;
1.338829;603.244775;
1.667072;631.183405;
0.961055;402.741413;
1.007334;418.187254;
0.754662;329.772818;
1.317776;583.159074;
0.812257;330.027814;
1.314416;534.343341;
1.177807;453.474395;
0.581592;223.939649;
0.702894;292.689942;
1.142354;476.260640;
1.562432;580.266266;
0.885549;363.460310;
1.755210;766.264502;
0.988899;387.555606;
1.432282;633.251952;
1.450641;612.601151;
1.034829;345.191595;
1.132562;493.773881;
1.518596;546.880181;
0.653145;278.923325;
1.520642;634.435798;
1.675260;690.786859;
0.830469;353.136238;
1.308857;431.557740;
1.082872;479.482599;
0.646900;268.334613;
1.171371;476.515139;
1.206486;491.685588;
1.356404;550.030975;
0.505099;188.971408;
1.346912;568.041191;
2.030312;799.986852;
1.501392;670.521724;
0.841196;320.269451;
0.995396;401.067421;
0.928636;347.089213;
0.752031;327.542164;
1.012209;395.402805;
1.173649;269.302924;
0.477862;202.712291;
0.546443;237.020373;
1.641521;648.277930;
1.249919;379.264588;
0.349413;140.809939;
0.914866;376.040567;
1.200312;426.401003;
0.935471;359.673728;
1.254846;442.673675;
2.049025;667.825336;
2.570459;1153.148707;
0.354164;128.609914;
1.038125;409.441899;
1.215349;480.377775;
0.840769;301.036048;
0.755751;310.154491;
0.751246;312.153316;
1.694267;725.780980;
0.966449;359.780949;
0.989377;367.295206;
1.398383;588.338451;
0.506587;148.557419;
1.252277;552.129697;
1.282065;533.598529;
1.309570;571.045343;
1.198192;415.891372;
0.508806;226.453842;
0.818764;303.198041;
1.766228;666.612661;
0.817663;360.669279;
0.794647;341.530529;
0.752672;306.927574;
0.439841;169.329286;
0.826443;348.289388;
0.987170;405.445428;
0.987263;367.309220;
0.782601;343.055949;
1.260992;539.037365;
1.472433;559.077167;
1.428591;565.132296;
0.785467;323.886007;
1.764225;722.127543;
0.751298;303.848594;
1.499301;569.455246;
1.209869;531.769166;
0.675590;230.897314;
1.015429;441.219110;
0.966911;277.245068;
1.823917;747.113600;
0.781180;310.576124;
1.735264;702.567440;
1.165803;382.812395;
1.345179;598.620057;
0.606845;218.150152;
1.372869;584.829149;
0.797973;292.782746;
0.889961;367.162530;
1.340132;542.921764;
0.828465;336.385654;
0.501048;195.816889;
0.994420;380.638106;
1.006792;401.434327;
0.464188;181.840148;
1.197151;483.895218;
1.109598;442.343231;
1.856241;729.736688;
1.005840;449.074161;
0.880691;351.213177;
0.958450;395.694365;
1.292469;534.448696;
1.850389;758.040503;
0.646292;225.312945;
0.887001;402.324910;
3.015475;1065.138712;
0.681843;260.326785;
1.079768;449.395944;
0.789007;342.085237;
1.629906;537.286354;
0.968815;419.422850;
1.644121;713.277299;
1.088813;444.053715;
1.049034;461.771490;
1.508258;537.433079;
1.505876;657.915107;
0.915244;346.216923;
1.252685;504.966495;
0.457366;204.445313;
0.649884;248.261512;
1.097082;470.697277;
1.530076;609.923434;
1.433824;546.416371;
1.040451;412.181595;
0.530041;223.106615;
1.483972;629.614790;
1.236101;523.633459;
1.626720;679.642591;
0.608364;223.727978;
1.310313;577.277440;
0.394043;162.219731;
0.856206;383.848789;
0.908018;366.804473;
1.381005;609.170188;
1.003144;387.718737;
1.704523;683.841483;
2.418017;1063.707009;
1.560877;687.679451;
0.782399;302.770882;
1.299848;552.654446;
0.724087;289.703838;
1.173017;399.483500;
0.876815;291.990373;
0.540466;124.003426;
1.229962;495.487106;
1.082224;497.727749;
0.514911;217.203618;
1.242469;500.366356;
0.886536;367.124500;
0.855535;371.943243;
0.653270;254.909911;
1.114382;435.129917;
1.565754;668.521177;
1.159002;468.880978;
0.748880;340.228566;
0.762626;314.574361;
1.052639;438.679669;
1.561411;576.561440;
1.391990;520.541264;
0.793068;313.010745;
0.870262;295.768798;
0.629948;285.062552;
1.584956;676.777928;
1.564387;634.579617;
0.647589;246.483634;
1.424428;547.266451;
0.746537;318.419054;
0.613574;250.253847;
0.713033;268.137191;
1.058423;443.833150;
0.884778;367.643478;
1.637857;718.775800;
0.845649;314.613689;
1.223829;525.165042;
1.274874;540.858356;
1.586871;685.795433;
0.802437;332.806988;
1.636930;655.145096;
1.555969;627.529869;
0.607855;212.479180;
1.329766;514.207617;
2.144508;866.015964;
0.616408;267.810448;
0.910852;315.561589;
0.931739;393.114926;
1.077067;471.548907;
0.543308;217.936340;
0.594872;234.913531;
1.669523;710.523167;
2.077580;809.504906;
0.752734;309.802549;
0.675218;282.875728;
0.422006;191.647443;
1.268332;522.227963;
0.699511;240.343644;
1.387035;601.807558;
0.906222;343.865839;
0.628592;236.969618;
0.644131;255.441579;
1.753358;752.138341;
0.777697;334.009078;
1.338697;474.927528;
0.880404;349.405009;
0.761589;334.577127;
0.634317;255.767833;
1.207135;507.582122;
1.584004;568.659306;
0.916320;396.139766;
1.393759;597.600752;
0.962105;402.941534;
0.996642;343.187114;
1.212383;540.643709;
0.928146;389.321506;
1.919458;741.887022;
1.301161;550.893373;
1.918010;795.992346;
0.519553;221.263753;
0.687233;258.095224;
1.321566;505.708116;
1.089745;433.612410;
0.414422;170.233665;
0.511777;199.644061;
1.020096;403.767248;
1.949036;740.814036;
1.302182;525.081452;
1.449409;497.372688;
1.007145;384.201931;
1.234935;508.040732;
0.955117;287.809846;
2.116223;625.314297;
1.412962;575.152346;
0.888772;342.427416;
1.240665;510.091726;
1.218371;437.786906;
0.685587;313.707770;
1.287155;513.803420;
0.978442;409.624394;
0.307039;135.522678;
0.668392;242.635524;
1.193309;515.778985;
1.147677;477.197664;
1.112181;454.046442;
0.830284;304.025810;
1.103432;434.641851;
1.064697;439.950715;
1.671267;545.885930;
1.215696;507.722430;
0.936968;427.619111;
0.748509;324.739981;
1.252020;571.039079;
1.253094;520.296732;
1.033573;354.149869;
0.845084;217.661214;
1.601494;704.152582;
0.987248;353.098440;
1.245518;520.669398;
1.628679;694.909712;
1.803775;698.758750;
0.823833;333.014177;
0.462383;218.830134;
1.098469;475.292126;
1.393413;606.938786;
1.110951;473.504538;
1.172075;490.901274;
1.821556;710.337267;
1.348111;595.565536;
0.737320;271.667962;
0.731252;300.585107;
1.173889;448.686576;
1.817022;813.136617;
0.558312;183.751949;
1.288546;558.268048;
1.029870;435.859681;
0.714407;274.215964;
1.095402;448.216441;
0.994661;395.026764;
1.139723;440.839839;
1.978658;866.085288;
1.616709;653.464252;
0.816057;325.491211;
1.924075;746.903596;
0.951217;359.321476;
1.038874;391.924986;
0.681396;239.651731;
1.216805;493.486302;
0.965831;371.812661;
0.892065;338.061931;
1.363418;508.718118;
0.761728;256.397443;
0.780249;292.438968;
0.829100;332.856044;
1.089904;443.664378;
1.698179;747.938942;
0.607977;267.475426;
1.917830;664.066465;
0.860491;359.066310;
0.660221;256.677936;
1.126115;510.307650;
0.775007;306.672032;
1.819263;780.752632;
1.001794;432.937562;
1.092532;422.387452;
2.760170;1128.751454;
1.734372;481.419171;
1.165430;487.546834;
0.989920;414.483124;
0.809345;368.368393;
1.340558;522.817807;
1.460929;641.233809;
1.075067;409.177389;
0.980057;340.805430;
1.595328;632.851379;
1.395488;564.696427;
1.578066;597.443554;
1.230511;487.729121;
1.059454;465.035412;
0.656186;230.911074;
0.765772;326.022704;
0.656685;259.130398;
0.932020;340.024766;
1.121661;479.533335;
1.045290;292.613281;
0.961849;422.067354;
0.918585;363.490641;
0.634381;286.100688;
0.644164;234.973039;
0.743850;301.087802;
1.251026;523.054114;
1.446221;598.899713;
0.885321;381.343822;
1.263074;534.854978;
1.520579;690.058483;
1.063015;446.145466;
0.399490;157.248421;
0.637897;271.125745;
0.973341;370.381079;
1.741337;463.116660;
1.704727;542.287972;
0.793019;342.706780;
1.278255;528.917825;
1.190388;502.560408;
1.055506;432.380560;
0.874799;388.800561;
1.339252;544.424362;
0.418173;158.002015;
0.682183;301.336042;
0.778552;306.929937;
1.423395;600.433137;
0.903811;377.538652;
1.546548;693.428034;
0.916114;391.655252;
0.818849;348.178616;
0.980385;336.620231;
0.818883;327.187170;
0.713214;301.149646;
0.853665;210.679049;
1.339485;537.767161;
0.453620;155.090670;
1.419938;646.311976;
1.570709;631.538437;
1.647721;709.407671;
0.680936;257.007769;
0.854368;250.293095;
0.666575;268.208263;
0.918033;354.795758;
0.308538;130.039993;
2.061207;756.495511;
1.816420;721.061131;
1.452448;553.597465;
0.529508;205.447433;
0.652098;250.777742;
1.679324;699.520073;
1.178020;451.927722;
1.681293;768.770314;
1.700935;706.034254;
0.798498;317.514573;
1.237237;525.469517;
1.954264;795.605748;
1.994071;765.185787;
0.815446;341.981294;
1.560559;684.005663;
2.266903;923.893799;
0.952079;427.589464;
2.492904;950.227862;
0.422211;177.673265;
1.006576;360.873887;
1.330445;522.447373;
0.894595;403.165554;
0.711999;267.035308;
1.449013;477.949528;
0.402427;158.922696;
0.732920;297.925970;
1.184228;484.124161;
0.792036;353.552323;
1.090515;461.299449;
0.814489;261.382343;
1.674190;706.766659;
1.106764;409.522283;
1.352210;600.424783;
1.497422;573.990042;
1.216358;454.296919;
1.921958;784.860209;
1.720604;677.688349;
0.573291;224.653195;
1.234197;535.680877;
1.148833;502.259076;
0.467018;193.970403;
1.572104;553.572196;
1.779696;773.261061;
0.646686;264.773355;
1.107102;456.608754;
1.028816;439.493494;
0.794599;332.281332;
0.660421;306.449783;
1.102507;473.097329;
0.955008;432.161256;
1.169835;321.613627;
1.969188;835.545909;
0.781272;286.709246;
0.727103;286.987712;
2.097530;878.670495;
1.801609;760.226113;
0.718575;284.620152;
2.338891;841.700672;
1.269986;512.908776;
1.653930;737.676542;
1.374524;524.483359;
0.647569;273.787190;
1.040445;434.205825;
0.692334;223.430615;
1.634799;602.725779;
1.244924;466.817102;
0.428203;143.688552;
0.509003;214.036960;
0.930502;378.860160;
0.939071;358.757764;
1.190614;479.948361;
1.217146;534.745670;
1.341064;555.427108;
0.437364;191.184410;
1.545567;601.171766;
2.030195;826.059823;
1.429329;554.855614;
0.950974;351.551992;
0.991953;396.235231;
0.952367;344.341429;
0.765504;310.809427;
0.727354;317.321920;
1.104152;455.891587;
0.556357;165.082991;
0.972561;392.507717;
0.909924;357.987449;
1.583798;709.571476;
1.150245;471.832367;
1.288922;519.030110;
0.992244;389.740197;
1.001517;392.563191;
0.783754;310.086044;
0.825344;341.364387;
0.929737;345.509919;
1.613578;622.104480;
1.374575;585.861363;
1.094761;451.731184;
1.980316;652.589745;
1.615762;661.694099;
0.353209;156.169610;
1.355578;605.484875;
1.440458;621.534432;
2.239596;827.718818;
0.911438;389.301921;
1.327432;536.457446;
1.298226;492.653519;
0.737595;310.051712;
1.666187;672.728654;
1.107297;382.534453;
1.411617;467.533034;
1.055142;438.144482;
0.897819;319.339041;
0.500921;193.536219;
1.231013;314.211786;
1.252680;526.243799;
0.615894;259.562305;
0.496914;179.529487;
1.674699;685.003631;
1.327728;416.174502;
0.890872;359.553595;
0.675320;297.273570;
1.915398;773.509709;
1.471288;619.396844;
0.545835;229.457181;
1.872955;717.006156;
1.920647;725.594880;
1.522142;598.250527;
0.965467;339.480020;
1.207372;543.971335;
1.492137;648.209055;
0.428375;169.391602;
0.759470;343.198556;
2.152780;877.980477;
1.223777;518.157358;
1.035810;291.208437;
0.803219;299.994524;
0.733942;306.894147;
1.719000;712.762357;
1.540277;526.395244;
1.266668;488.048222;
0.905127;381.515151;
1.399255;552.284788;
1.048749;338.959735;
0.952209;421.670127;
1.920451;811.648927;
0.968689;400.037130;
1.497475;572.317617;
1.776078;656.370035;
0.739692;273.706101;
1.196300;535.577903;
2.085973;864.360429;
0.879149;347.984089;
0.996808;431.119214;
0.950444;396.622728;
0.891440;377.623193;
0.709844;301.056209;
1.382534;555.470089;
1.037122;407.016633;
1.031903;421.802489;
0.831542;338.838025;
1.329173;558.709826;
0.947877;396.060578;
1.089913;413.170266;
0.876997;326.313770;
1.421862;513.160599;
1.540606;623.203560;
0.979915;241.243929;
1.166340;457.916061;
1.579729;602.142712;
1.273223;570.118446;
1.326289;573.756122;
0.580308;232.775987;
1.009908;393.930940;
0.572096;220.965124;
0.903125;380.335989;
1.048230;424.042431;
1.968435;869.685910;
0.738141;294.137130;
0.732243;312.582999;
0.931164;375.637777;
0.545489;209.306354;
0.862506;286.040482;
1.040944;437.242579;
1.297120;470.046314;
0.882704;345.638292;
1.301409;326.773724;
0.254846;105.787860;
1.185306;534.837238;
1.668610;593.293296;
0.711482;250.606632;
1.509057;628.158234;
0.971450;390.433653;
1.432212;571.151309;
1.092386;427.055921;
1.467376;531.608647;
0.693843;285.014756;
1.139131;442.028074;
0.596499;236.855019;
1.418945;586.930963;
1.797489;757.835964;
1.142334;415.776855;
0.922986;373.344860;
1.251787;528.520491;
1.376361;588.604092;
0.892726;354.949528;
0.523360;207.147467;
1.011732;426.314774;
1.288517;498.667080;
0.886065;355.665444;
0.994318;400.158283;
1.053309;442.912368;
1.253134;528.767283;
1.707815;785.062751;
0.938865;293.219909;
0.963364;363.728731;
0.736677;306.273075;
1.054121;385.664559;
1.095418;419.686488;
0.983842;230.010264;
0.985271;417.532488;
1.006827;446.974573;
1.331762;537.965476;
1.036093;418.931734;
0.502462;181.127318;
0.676773;278.310038;
0.651332;278.505686;
1.212687;531.591090;
1.153404;457.776526;
1.153374;492.910634;
2.096615;781.162196;
1.874848;809.075503;
0.924082;395.380304;
0.763558;302.750845;
0.702389;296.381371;
1.648403;641.594368;
0.618585;253.141424;
1.213807;394.907814;
0.892444;385.098933;
0.865336;356.959763;
1.029240;310.935308;
1.429615;515.585275;
0.975951;426.630394;
0.943132;389.397457;
0.980447;444.640514;
1.218651;525.272807;
0.469685;184.237788;
0.591397;263.234555;
0.902227;369.252454;
2.364008;1022.515149;
1.372802;518.247346;
1.371752;501.175874;
0.856072;360.564363;
1.021264;424.189323;
1.040002;426.637355;
0.838372;286.029110;
1.709627;702.566006;
1.786432;775.909721;
1.176793;483.513436;
1.139042;382.214179;
0.557868;234.513256;
1.565394;646.289708;
0.583150;246.102076;
0.926500;374.723028;
1.286271;561.856246;
1.426785;606.636764;
1.620876;695.401471;
1.140830;451.246836;
0.986444;371.727128;
0.921720;385.104467;
0.911165;385.848329;
0.630149;253.827769;
1.206987;507.971657;
1.180558;495.466519;
0.905285;409.864719;
1.630337;608.926043;
0.690466;309.420590;
1.144916;435.086167;
0.883555;381.829100;
0.717896;290.074198;
0.705681;257.170483;
0.958615;339.494850;
0.811659;344.281347;
1.837470;728.264791;
0.952436;393.119615;
1.930569;619.433501;
1.130734;362.020950;
0.710639;195.497434;
0.725242;304.292915;
0.810115;303.004441;
0.633124;287.095120;
1.408524;544.454305;
0.917271;247.894254;
1.281963;550.363490;
1.489918;617.495470;
1.533871;666.284752;
2.140855;744.159684;
1.220009;470.521598;
0.373813;164.618519;
0.810356;350.024221;
1.052421;446.933498;
0.736458;256.841451;
1.498147;635.490626;
1.607858;645.940209;
1.720196;668.020327;
1.399487;606.814933;
2.169426;787.697977;
1.328176;516.671132;
1.611567;632.898344;
0.886477;366.540645;
1.219702;520.813851;
0.488199;167.043783;
0.743619;294.412136;
1.020225;433.163319;
2.181690;952.191740;
1.423651;479.216569;
1.123791;415.366791;
0.950181;405.459120;
0.845335;329.468669;
1.533693;668.790956;
0.663792;267.643756;
1.750624;657.538049;
1.211823;359.206264;
0.728385;331.286542;
1.570642;675.561445;
0.955019;402.465908;
0.789022;349.140871;
1.506975;613.168909;
1.013630;443.045657;
1.879254;743.303053;
0.732276;305.010603;
1.153252;464.068165;
1.288141;509.285669;
2.087129;905.823107;
0.794547;365.497265;
1.871378;640.369232;
1.258099;520.726300;
1.618963;737.721127;
1.140829;467.881732;
0.762181;335.989136;
1.632978;687.802817;
0.888708;370.907231;
1.058507;445.900929;
2.127375;933.835001;
1.010015;424.586796;
0.627571;250.932290;
1.149965;501.177118;
1.350782;577.609061;
0.823171;381.367606;
1.199789;474.899946;
1.010414;430.840688;
1.275927;518.668617;
1.281289;484.780424;
1.786585;769.921654;
1.065619;413.707987;
1.478165;557.795805;
0.511283;217.606428;
1.123787;493.143597;
0.977906;404.569903;
1.020261;391.516737;
0.863190;351.900778;
0.587378;181.568208;
0.589289;250.053355;
1.364775;449.407277;
1.124652;473.448255;
0.665849;289.757476;
1.076362;419.365775;
2.098659;854.442337;
0.802078;349.956865;
1.537886;635.459648;
2.016612;720.061135;
0.626237;249.962255;
1.209484;456.146528;
0.743145;343.958581;
0.531739;213.159745;
1.041183;455.072532;
1.358818;557.065037;
1.637447;505.537709;
1.955601;827.234872;
1.389790;538.769448;
0.778965;355.938136;
0.706749;270.685062;
0.632004;234.760473;
1.523979;622.222138;
0.479457;181.433076;
1.607156;654.624301;
1.026184;428.257668;
0.648725;260.990953;
0.814286;339.576493;
1.050595;299.213463;
1.119889;459.227510;
1.316069;556.033813;
0.453958;176.503846;
1.594416;693.488022;
0.909642;367.468835;
1.232342;465.416324;
1.261235;522.463383;
0.824614;363.799782;
M0:0.005716
W0;O:0.000342;R:392.643001
1.149269;492.227297;
0.892929;249.157900;
1.361103;604.267629;
1.099564;479.938489;
1.389378;576.143716;
1.750279;668.877231;
0.331927;124.340805;
0.921910;409.785566;
1.808414;780.268155;
0.885114;378.139814;
0.935545;388.919459;
0.700026;307.165303;
1.255035;510.516681;
0.841897;384.338129;
1.511053;615.888594;
1.935407;751.112348;
1.742767;692.261303;
1.063210;463.032006;
1.246261;553.290018;
1.056101;471.751526;
1.464265;501.584781;
1.724735;717.247827;
0.881757;337.367458;
0.548397;253.982592;
1.210581;507.041875;
0.742833;335.660804;
0.861674;384.516189;
1.019807;423.614538;
1.186278;498.903965;
1.479533;584.734581;
0.683203;255.468776;
1.041200;455.928908;
0.751281;317.098905;
1.205534;508.322604;
1.294122;538.343844;
1.233230;549.768008;
0.586325;262.902649;
0.633109;266.783660;
1.558813;584.433460;
1.286790;578.615354;
1.020936;448.353089;
1.222735;480.303544;
2.001634;848.191763;
1.660899;686.288846;
1.298563;526.434571;
1.247280;503.472863;
2.146811;758.493207;
0.679755;290.903503;
0.435728;183.275832;
0.524858;215.098635;
1.183156;504.687048;
1.024115;430.632758;
1.685421;740.506755;
0.731398;311.690501;
0.775382;303.566345;
1.015152;383.934898;
0.948008;363.644809;
1.412944;599.628015;
1.151350;467.220039;
1.467238;535.464641;
1.647172;689.326760;
1.649601;682.914026;
0.774906;316.891365;
0.772162;330.474762;
1.367496;601.809532;
1.416435;567.713270;
1.321618;569.011722;
1.055308;356.951787;
1.156694;546.547516;
1.564887;696.392312;
1.415508;568.646955;
1.293451;474.069242;
1.295387;476.581432;
0.960211;403.268935;
0.592994;241.929084;
1.676506;672.624335;
2.059986;851.584411;
1.966633;842.633051;
1.553221;618.850253;
0.984604;422.218443;
0.668426;303.572320;
0.606632;243.967311;
0.492986;210.544041;
2.033977;783.829435;
1.214898;496.454071;
1.037640;460.737023;
1.870015;807.740302;
0.660545;280.941281;
1.013263;432.592229;
1.597978;681.467800;
1.966450;859.790442;
0.703317;305.681378;
1.418810;622.661436;
1.356308;585.165468;
0.760378;298.961786;
0.525874;197.483612;
0.957489;383.651521;
1.065219;393.210478;
0.567732;240.043223;
1.183478;441.968566;
1.607060;632.018569;
1.558308;516.416090;
1.228366;523.398443;
2.450724;977.744770;
1.140388;487.648534;
1.429787;622.493133;
1.379377;543.151785;
1.647327;682.742167;
0.665664;297.682322;
0.506155;211.958012;
1.502491;633.465712;
1.283302;483.398151;
0.959323;404.717128;
1.455814;606.444162;
1.030131;427.234117;
0.930432;403.583690;
1.554691;705.812106;
0.738047;307.317040;
0.897786;275.220947;
0.529087;201.889856;
1.458321;596.189538;
1.255685;460.162763;
1.505395;600.140794;
1.610336;464.574672;
1.132107;259.497810;
1.202892;480.229569;
0.853164;244.570232;
0.906074;372.143487;
0.490373;210.137072;
0.245189;101.361685;
1.466222;623.268212;
1.567069;650.093503;
1.746844;737.073497;
1.400648;585.860410;
1.875626;731.562044;
1.743070;692.270428;
0.786751;314.595567;
0.857218;367.498014;
0.710310;272.376701;
0.838557;369.754179;
0.985189;382.419454;
1.025151;413.065246;
0.814746;318.326321;
0.568361;215.966032;
0.887042;336.902599;
1.018485;437.892093;
1.091599;470.492938;
1.399965;543.328323;
1.071768;436.899899;
1.712176;739.497202;
0.739755;269.335385;
0.840920;335.398191;
0.703596;232.010554;
0.847334;355.110888;
0.970304;354.654817;
0.532068;208.903033;
1.304174;580.761728;
2.341038;951.019547;
1.349936;552.624983;
2.358352;901.254493;
1.512811;422.647097;
1.401188;429.321377;
1.080853;418.067078;
0.393719;155.827060;
1.083179;461.984409;
0.723854;299.658803;
0.942912;366.273968;
1.860328;776.844505;
0.822972;345.482532;
0.789629;316.910825;
1.282401;489.768588;
1.545950;601.568575;
1.274001;531.932678;
0.689600;295.534083;
1.265557;509.594411;
1.481286;627.408756;
1.273482;534.159079;
0.853942;359.735294;
1.015449;466.662827;
1.180433;525.433182;
0.613745;243.144198;
0.700530;306.813838;
1.271071;544.022883;
1.092805;464.893792;
1.240451;481.130263;
0.217615;94.198840;
0.503561;216.744197;
0.676031;284.528418;
2.230859;878.636719;
1.473908;619.689692;
0.697658;273.324287;
1.008234;450.007499;
0.936844;392.476044;
0.891205;374.510417;
0.788739;349.912422;
1.319055;556.255140;
1.209780;497.800474;
0.998117;416.090455;
1.346172;536.896703;
0.985391;444.156497;
0.890397;390.154798;
1.485390;550.198005;
1.293397;495.866649;
1.044823;429.495608;
0.589207;225.795246;
1.206523;331.674164;
0.866868;266.399697;
1.205646;489.980132;
2.145812;903.402932;
1.047116;474.851410;
2.130749;814.783034;
1.329079;558.895931;
1.050166;423.899502;
0.446388;188.245259;
1.193614;394.424863;
0.821537;313.948470;
0.652192;187.892949;
1.584140;656.754132;
1.331755;520.494624;
1.516581;538.550813;
1.037284;388.579582;
1.265612;430.419703;
0.386419;159.661103;
0.742407;297.506577;
0.947450;350.321180;
1.145867;493.882138;
0.894186;396.017350;
0.487007;170.146758;
2.061526;914.478010;
0.812300;333.083984;
0.850865;378.248883;
0.914607;263.862884;
2.538034;1171.209517;
1.430684;604.676201;
0.982860;408.447841;
0.680879;273.684838;
1.071667;452.766157;
1.260228;501.404075;
0.718704;258.278088;
2.155126;835.585430;
1.038091;398.906389;
1.530949;644.756470;
0.949531;383.160620;
1.287734;543.514129;
1.380915;622.421239;
1.077671;350.486849;
0.641967;240.059358;
1.350762;412.540608;
0.786504;304.313890;
1.360007;579.453392;
0.707485;317.022631;
1.108897;424.946466;
1.247556;528.647926;
0.908995;363.514255;
2.086461;874.878352;
0.877039;370.198074;
1.473822;623.324953;
0.659325;254.258526;
0.440288;177.411374;
1.509440;680.092820;
0.936637;413.389785;
1.510955;669.978411;
1.714943;724.149972;
0.782553;317.895437;
0.679117;266.292328;
1.640830;701.995193;
1.481210;521.658224;
2.013639;906.112631;
0.854042;357.905692;
1.233570;522.740445;
1.362422;589.504054;
1.226633;566.809023;
0.874193;326.879486;
2.033930;863.916736;
1.625655;641.132735;
0.895031;359.748217;
1.260414;476.680355;
1.140582;467.409242;
1.263017;535.083418;
0.893233;331.652786;
0.793206;275.746740;
1.132405;452.085131;
1.776489;746.208019;
1.022296;334.928001;
1.270673;468.211243;
1.236456;491.179550;
1.050580;416.709029;
0.739660;328.554804;
1.282392;483.848075;
1.097970;368.227302;
1.290661;501.412079;
1.185906;515.144553;
1.184770;523.617396;
1.078385;456.969227;
1.020114;296.587853;
1.146265;407.878013;
1.248682;500.856426;
1.630512;718.329248;
1.082483;481.018280;
1.743338;732.631242;
1.036701;432.695997;
0.821098;316.335519;
0.855419;338.584701;
0.806424;352.684453;
1.432918;538.204656;
0.931613;353.397117;
1.663713;655.371170;
0.479930;196.200486;
0.864483;372.895252;
0.902370;373.055392;
0.489720;204.907802;
1.146263;457.024009;
0.569115;160.130763;
1.220804;497.271955;
1.565489;694.722176;
1.848987;700.282907;
1.403388;637.988299;
1.202686;421.049963;
1.016435;392.627639;
1.089997;388.571137;
1.515195;640.037090;
0.740561;294.065938;
1.379022;589.456155;
0.778922;299.609511;
2.226576;950.253559;
0.428090;188.415468;
0.820526;330.412914;
1.298490;470.550547;
1.584255;708.894553;
1.265606;522.592874;
0.766400;329.177333;
1.281210;524.676490;
1.063689;406.396552;
3.125618;1394.902235;
1.169880;518.746229;
1.078115;463.737546;
0.918252;374.111166;
0.855108;320.584759;
1.584655;650.786443;
0.862289;375.140408;
1.074878;415.334130;
0.804316;345.359796;
1.266692;492.902405;
1.182382;497.080872;
1.032911;453.656955;
0.944804;394.917114;
1.135372;473.794615;
1.096718;418.713481;
1.437878;567.398587;
1.160138;445.283627;
0.954668;404.437735;
0.884752;333.697626;
1.911623;515.239030;
0.497819;216.411666;
1.336786;417.337116;
1.395361;546.267018;
0.740712;290.885601;
0.898583;365.013665;
1.728688;704.611365;
2.058948;906.882294;
0.532391;210.904368;
0.477081;185.283143;
1.196034;518.941464;
0.690510;307.634678;
0.989877;439.338108;
1.218311;497.610171;
1.628358;665.324142;
0.919122;380.316735;
1.087022;297.897057;
0.812508;282.461805;
0.524416;233.100259;
0.946571;361.054644;
0.636907;272.301540;
1.120953;476.398892;
2.783528;1088.505633;
1.775990;769.387503;
1.280896;546.467920;
1.752677;693.775936;
0.528995;178.600777;
0.350479;142.371641;
0.992392;414.016162;
1.906846;855.145512;
1.123572;391.235571;
1.350448;488.626778;
1.266924;424.544625;
0.991947;438.111571;
1.353155;544.705788;
0.745449;298.292091;
1.418304;485.222359;
1.017847;454.182075;
1.977344;806.957958;
0.415728;151.970591;
1.435416;541.095386;
0.874898;356.165962;
0.619111;247.456894;
0.852435;345.890019;
1.532989;542.273944;
1.511804;567.048904;
0.461834;186.646808;
0.886967;367.065394;
1.292716;487.302521;
1.483599;590.355749;
0.954195;408.112688;
1.620306;640.374668;
1.064515;427.862126;
1.109837;437.048497;
1.185131;496.578761;
1.214036;523.284732;
0.500292;212.946722;
1.045459;364.333333;
1.068459;429.408808;
0.666902;274.999851;
1.601720;552.973085;
1.364043;528.325939;
1.012418;245.681183;
1.258240;552.087642;
1.445758;593.829499;
1.083907;407.468501;
1.979629;815.028372;
1.296520;534.723475;
0.864190;370.110380;
1.626526;712.413495;
2.198309;832.167391;
1.448241;406.818351;
1.267482;430.333404;
1.423691;594.448028;
1.837337;705.227614;
1.213195;489.739088;
1.025544;382.176483;
0.926204;398.392668;
0.538887;231.469617;
0.875633;342.545909;
0.613388;252.033081;
0.683007;281.265269;
0.779753;280.754261;
0.781196;374.170588;
0.909748;355.391734;
0.926764;359.809432;
0.948594;350.707311;
0.947456;356.688907;
1.120107;432.753870;
0.808271;310.675288;
1.195216;508.445774;
1.811637;742.634117;
0.992682;428.201688;
0.771353;283.045095;
1.533035;637.352257;
1.638374;702.852115;
1.153522;482.602565;
0.643220;262.856737;
0.997217;451.769913;
1.671088;504.584744;
0.420066;173.961353;
1.144569;464.295086;
1.522544;574.358302;
0.996804;383.585429;
0.495600;222.862122;
1.392105;572.153563;
1.536215;613.215914;
0.824659;332.258400;
1.066457;408.615805;
0.333799;132.115825;
0.808555;264.183528;
1.772430;730.457459;
1.348944;489.037966;
0.553318;207.672463;
0.771578;308.325100;
1.438750;589.536137;
1.381706;511.782545;
1.172998;476.389975;
0.664173;224.306618;
0.318308;138.264186;
0.531756;224.773996;
1.096944;446.957766;
0.656059;289.253867;
1.474915;507.112064;
0.981994;359.886369;
0.773721;339.817220;
0.527138;171.087183;
0.524460;230.774311;
1.125144;491.364277;
0.558690;228.045201;
1.346529;600.583934;
1.022334;373.439504;
1.498259;644.396384;
1.047605;445.664100;
0.977398;466.455197;
0.823846;295.162968;
0.877876;363.306911;
1.051052;435.256860;
1.562901;655.357509;
0.761726;303.530613;
0.822705;351.373048;
0.930526;385.011044;
0.735268;294.997055;
0.915981;322.980315;
1.207026;510.625323;
1.039022;366.294218;
1.005011;364.410498;
1.137730;509.742828;
1.466524;608.089317;
1.267055;562.443781;
2.066459;799.515730;
1.561962;525.408555;
1.646472;645.725751;
1.421670;542.084126;
2.351247;1017.603754;
1.013908;296.103771;
1.427969;491.677225;
0.900228;325.737564;
1.029387;298.724417;
2.140737;941.576666;
1.002144;371.201642;
1.691702;712.350272;
0.766184;320.134153;
0.490578;221.213665;
0.718946;285.474068;
1.518279;644.073887;
0.951256;366.432054;
1.034855;425.316224;
1.525465;661.858454;
0.690720;305.928736;
1.454304;558.861192;
0.947929;388.867515;
1.236363;549.926115;
1.081902;310.272272;
1.120156;475.437148;
1.142563;455.982418;
2.940699;1240.507606;
1.063791;283.217229;
0.873893;351.919341;
1.450033;639.685188;
0.924353;403.180066;
1.155483;470.288738;
0.867191;333.754697;
0.863723;392.935914;
0.834729;346.683259;
0.806545;302.527358;
0.793630;303.936453;
0.669504;293.031014;
2.530887;1011.288237;
0.697546;290.547635;
0.444627;148.791303;
0.643795;255.469212;
0.703043;325.229875;
1.043332;409.759528;
2.046454;798.928108;
1.345649;532.866800;
1.548145;630.955817;
2.496513;971.640847;
1.316954;501.684489;
1.909973;847.882583;
1.345155;494.774021;
1.299269;450.625065;
0.606190;200.096484;
1.017346;432.631079;
1.008421;424.160190;
1.177449;476.272377;
0.932172;394.650745;
1.427901;612.939234;
0.977139;407.576793;
1.269731;427.992952;
1.272825;576.390736;
1.702376;582.515078;
0.962327;347.917725;
1.831565;761.011460;
1.760290;676.368691;
1.553107;610.374154;
0.879646;325.325113;
1.412830;622.004352;
0.692004;313.187355;
0.857031;367.276665;
1.228853;545.723013;
1.399637;569.487023;
1.706587;695.816931;
0.772840;302.086563;
1.186934;460.329969;
1.009466;416.773363;
1.339209;607.668295;
0.505820;207.223164;
1.070835;436.626726;
1.035387;435.805768;
1.007754;393.860890;
1.009071;454.356886;
1.998366;757.889023;
0.927651;309.851086;
0.823241;330.044600;
1.269231;473.600592;
1.349768;489.445281;
1.233665;490.708540;
1.000369;348.329385;
0.879257;341.880260;
0.927043;396.535546;
1.390426;592.448060;
0.906428;371.123883;
1.149768;525.628683;
1.981389;781.990534;
1.218144;528.885363;
1.115278;496.784876;
0.419417;143.121103;
0.916964;376.357759;
1.936188;824.317817;
1.298674;565.497566;
0.678842;285.573091;
0.626924;214.122008;
1.006228;416.038759;
0.629710;231.104247;
1.193059;511.102177;
1.045606;420.441350;
0.474349;187.188285;
1.032565;438.328982;
1.181694;444.152261;
0.740946;315.875155;
2.070406;710.736593;
1.465222;620.341659;
1.322691;536.002026;
0.985159;416.002978;
2.432032;1006.431217;
1.224966;528.417207;
1.322131;435.475216;
0.876757;370.506287;
0.677369;275.703050;
1.283806;521.826584;
0.645810;258.758409;
1.098926;386.591045;
0.508777;232.255461;
0.697093;246.829399;
0.796617;272.625212;
1.213822;476.280908;
1.143557;456.922757;
1.762643;745.798201;
1.336554;443.988836;
0.721670;270.300061;
1.254329;543.245899;
0.476378;109.142608;
1.169677;417.774589;
0.805569;314.189976;
1.110707;470.953772;
0.407303;154.465925;
0.280703;118.012577;
1.117303;493.521143;
1.356425;540.604937;
2.214243;861.587805;
0.982941;359.109994;
1.636601;561.848500;
0.890116;367.776774;
1.314218;560.845649;
0.927452;414.620353;
1.117058;507.017687;
1.502355;580.040820;
1.522151;611.308090;
1.078387;453.102978;
1.019518;448.055862;
1.321911;541.738798;
0.555589;224.042378;
1.455105;591.722768;
0.993565;417.573112;
0.683909;291.574126;
1.274331;545.458486;
0.600073;276.915172;
1.524528;641.305345;
0.845063;337.661882;
1.262854;511.935830;
0.889377;358.189541;
0.908208;291.691254;
1.316749;559.592972;
1.335694;536.515912;
1.932418;740.381727;
1.038041;417.363122;
1.138205;430.490757;
0.544137;216.435167;
1.297138;353.292564;
1.264962;419.061418;
1.990492;851.846345;
0.401168;173.598251;
0.546699;202.060223;
0.989767;398.760350;
0.484195;183.610204;
0.937115;366.963718;
0.573993;224.068772;
0.598698;244.141952;
2.141386;890.431564;
1.087590;433.238272;
1.347324;535.955004;
1.793626;695.906805;
0.663172;242.832565;
1.635471;645.100209;
1.052585;383.725777;
0.964597;350.864538;
1.157957;494.436952;
1.023149;416.005033;
0.497583;198.424229;
1.712103;718.510357;
1.989420;782.846549;
2.048313;831.403176;
0.800998;303.339563;
0.970155;393.827326;
0.661203;281.835408;
0.848839;363.308694;
0.191265;66.752201;
1.010870;405.139504;
1.657339;726.379064;
1.194989;477.918468;
1.363745;545.545905;
0.610934;274.589243;
1.711738;599.800970;
0.713799;295.275671;
1.117843;463.620726;
0.726672;262.976055;
0.783835;329.723860;
1.366691;560.485975;
0.751507;308.905360;
2.279962;979.175477;
1.091075;483.105632;
0.709787;276.142837;
1.091922;425.947239;
1.276962;541.993282;
1.160945;489.192189;
0.901440;324.793068;
1.122382;465.633819;
0.991410;417.511645;
0.976025;396.791770;
0.976850;395.695949;
1.598619;617.324757;
1.031021;436.548410;
0.630664;206.059505;
1.979843;892.845935;
1.337261;540.567087;
0.575081;233.554958;
0.507344;217.102793;
2.229668;825.469737;
1.217337;506.596424;
1.313042;506.742729;
0.500384;149.082798;
1.006325;378.253070;
1.299633;490.343957;
0.794431;323.312955;
1.195042;510.684893;
1.202293;525.548372;
0.703146;311.292108;
0.913196;385.828185;
0.868700;288.387859;
1.754456;629.152654;
1.576752;694.905402;
1.183915;268.671000;
1.047387;448.394429;
0.775412;333.553346;
1.454312;569.785844;
1.639435;673.769949;
0.806312;342.842999;
0.693248;283.198770;
1.195546;475.649076;
1.662425;559.497488;
1.198397;470.511948;
0.717571;279.621236;
0.819430;218.349245;
1.295981;540.798214;
1.942423;762.785878;
0.784794;328.879907;
1.025293;407.634448;
0.930729;376.490048;
1.322406;550.760668;
0.478785;175.868824;
1.080917;482.257283;
1.237960;535.062489;
2.311857;841.330059;
1.578723;665.547380;
1.246086;573.304997;
1.735525;746.914091;
0.631678;244.301753;
0.901785;382.344842;
1.136027;504.549134;
0.661396;266.905002;
0.883521;315.280576;
0.898255;374.441253;
1.032717;384.081886;
1.635996;708.867882;
0.731250;295.395691;
0.494237;190.149920;
1.543119;353.144671;
1.030822;382.262610;
0.505828;187.451043;
1.224881;534.601813;
0.779349;325.065531;
0.609138;269.587604;
0.509268;210.068653;
2.034342;754.084955;
1.822128;681.194468;
1.108815;498.533002;
1.204892;509.770490;
1.200883;501.580008;
1.444988;540.777084;
2.652075;951.369674;
1.071033;422.636927;
1.035280;404.049843;
0.423970;158.013705;
2.125747;871.895837;
1.031748;441.034891;
0.201052;81.796365;
2.725048;1156.076068;
1.558039;624.298677;
2.363134;1008.721074;
1.238771;474.338641;
1.613559;645.665311;
1.556296;597.627527;
0.859974;324.214570;
1.219928;274.019040;
0.750216;285.922834;
1.246104;512.071165;
1.258609;502.363497;
0.717390;280.972848;
1.612617;667.750174;
1.256760;443.212069;
1.035943;466.589655;
1.683621;701.011812;
0.951894;355.708141;
0.974903;364.487672;
0.357075;148.604147;
1.156677;491.139672;
0.445111;184.504798;
1.067520;389.588728;
1.619204;698.336394;
1.176258;504.095288;
1.472109;549.273571;
0.975828;391.070244;
0.759186;312.243316;
0.581767;235.049559;
1.189018;431.149927;
0.599917;229.674685;
0.847216;355.614612;
1.465979;632.060680;
1.112109;411.083414;
1.085012;482.291509;
0.478396;203.181862;
1.157220;474.957649;
1.768260;735.491226;
0.755323;303.541856;
1.762623;806.954800;
1.696160;676.428346;
1.923395;790.913840;
1.434500;677.950473;
1.917803;820.511389;
1.085458;454.511132;
0.948427;407.237539;
0.370653;154.471228;
1.305374;555.300327;
1.364985;607.132593;
1.929291;722.826795;
0.602836;253.108811;
0.936177;390.080641;
1.526267;579.337583;
0.955380;420.346333;
0.918034;289.956683;
0.919497;414.576379;
1.043963;414.594462;
1.078326;438.218035;
1.512622;626.453355;
0.842353;317.765366;
2.129782;913.692411;
2.249256;891.900659;
0.429801;175.162937;
0.706873;238.038741;
1.569934;654.285560;
1.193370;484.919121;
1.068794;426.491555;
1.455625;563.608302;
1.015501;380.135746;
1.426993;562.504923;
1.059666;440.220799;
1.286046;522.270995;
1.934377;807.248526;
1.197245;516.106046;
1.417279;652.583427;
1.490852;573.710255;
1.848989;795.368188;
1.090584;481.642252;
0.919964;314.197614;
1.117806;479.446414;
1.224543;529.998324;
2.008224;817.104731;
1.016707;366.934766;
2.336662;1012.743852;
1.493902;629.574576;
1.115552;507.535761;
1.400073;506.930844;
2.579178;1086.031644;
1.270917;501.020552;
1.124225;475.405889;
1.193126;457.198559;
1.067190;467.313709;
1.055264;341.804497;
1.693860;639.786461;
0.855102;371.271565;
1.986891;836.226430;
0.637942;260.113699;
1.098840;439.207249;
0.759223;311.934425;
1.339769;498.561151;
2.357436;989.267840;
1.471027;469.695084;
0.905351;334.425586;
1.713927;705.263486;
1.431472;476.124782;
0.880382;389.453617;
1.018782;332.054333;
1.396688;555.233835;
0.549463;237.463651;
1.061298;377.358794;
1.084246;355.551728;
0.531085;208.727280;
0.833999;336.857678;
0.670355;228.138117;
0.684260;286.847933;
1.029676;423.811347;
0.993244;380.296735;
0.877248;365.635315;
0.994159;377.207114;
1.000411;411.581519;
0.633308;250.953365;
0.980513;387.098533;
1.412906;550.211060;
0.931698;327.876552;
0.706930;286.469059;
1.353404;534.658346;
0.885673;375.170196;
1.151827;477.284268;
W1;O:0.000535;R:570.204527
0.917922;371.669271;
1.727555;712.875106;
W2;O:0.000552;R:570.730300
W3;O:0.000546;R:570.569229
1.566589;694.745046;
W4;O:0.000552;R:571.570832
W5;O:0.000550;R:570.927950
