0.293441;128.142113;
0.643185;277.841807;
0.942123;479.393753;
1.154252;567.318657;
0.210146;50.375440;
1.430863;683.908792;
1.211623;572.568218;
0.204068;96.668000;
1.240805;564.104236;
1.083027;513.397922;
0.959487;304.870806;
1.094257;338.993416;
2.666359;1185.962962;
0.905059;353.429201;
2.162967;768.191358;
0.785592;335.069865;
0.340706;117.317998;
1.228972;351.896600;
1.917465;847.666008;
0.890337;339.448068;
0.319638;125.186244;
2.287378;953.652037;
2.715472;1205.565607;
0.939553;371.346192;
0.279850;101.554441;
0.946171;388.274934;
0.349582;137.222030;
1.885784;653.189949;
2.960402;1264.814406;
4.052598;1869.195864;
0.693669;318.131879;
3.228983;1299.924068;
1.234453;453.443978;
1.002389;389.366883;
1.416775;586.940954;
0.882960;309.687531;
1.365532;549.991245;
1.504535;639.650503;
2.852962;871.686227;
0.231528;107.031600;
0.814612;378.699977;
1.020738;441.482878;
2.228767;1060.569662;
0.094573;36.173036;
1.032044;295.158603;
0.681159;276.731587;
0.977218;417.583281;
1.610583;722.452989;
0.531346;231.493525;
0.787037;180.241600;
0.750668;283.796909;
2.437364;893.674837;
0.088483;37.692951;
2.556610;1149.075302;
1.711626;813.238378;
0.922726;403.625768;
0.299592;119.328821;
1.077836;453.448272;
2.503500;661.593800;
1.254732;473.847521;
1.163981;490.001066;
2.351897;919.436413;
1.192311;460.931207;
1.035735;381.977167;
2.124970;998.825951;
1.640903;754.243580;
0.972260;412.966026;
0.869812;370.107024;
1.485256;636.944347;
1.530156;599.202075;
1.401422;652.833654;
0.245238;72.048130;
0.379855;152.437673;
1.076083;463.859186;
0.841204;373.961742;
0.216432;84.868442;
0.386013;157.870900;
0.625312;276.851115;
0.432811;156.285437;
1.460787;597.509254;
0.094764;32.162030;
0.371651;103.556464;
2.253169;776.260927;
2.037046;842.556196;
1.604083;670.926453;
1.055044;499.071036;
0.712922;269.284301;
1.428876;615.213584;
0.524701;166.162994;
0.631181;298.705127;
0.320590;113.181874;
2.281943;976.601819;
0.479243;151.741750;
1.000742;427.098657;
0.482463;146.187364;
1.532657;499.150980;
0.379484;158.366718;
1.104743;416.325181;
1.994656;484.238141;
1.846964;719.280896;
0.516595;231.704681;
2.080590;532.184946;
0.339446;125.146588;
1.795325;707.738910;
1.129427;458.775991;
1.730236;655.103746;
1.218920;372.727470;
0.883802;409.781785;
1.274823;436.765056;
1.193117;509.863455;
1.322859;390.619132;
1.396255;662.626059;
2.045487;896.009043;
3.476584;1466.084927;
0.593034;242.602790;
0.928132;368.005405;
0.905568;273.009405;
0.313213;149.501057;
0.444722;192.813157;
1.414943;560.176821;
1.172389;407.568199;
1.388630;638.679335;
0.756963;342.781618;
2.245717;1062.607159;
0.249204;59.404463;
0.036766;31.480000;
0.539013;229.632099;
0.241174;100.977956;
1.955912;763.844146;
3.340527;1379.749057;
0.834962;327.013868;
1.662906;757.784093;
0.670113;273.383040;
0.944755;363.958661;
0.571999;235.940338;
1.233772;578.122542;
0.893120;296.434866;
1.087705;339.840939;
1.343786;445.221750;
3.244774;1472.880924;
1.954539;853.882173;
1.429976;606.307389;
0.398480;101.159267;
0.447911;187.893064;
0.648858;271.585279;
0.862760;322.643259;
0.703928;315.163794;
0.222242;92.093971;
1.057349;450.824929;
0.472059;205.580766;
0.169582;71.400064;
3.027925;1373.090459;
1.098852;373.252247;
0.392612;137.329145;
0.338105;129.652241;
1.323659;557.754014;
0.807993;357.997018;
0.472357;209.050853;
2.079402;905.925856;
1.301268;545.191265;
0.804724;324.565157;
1.564756;584.478778;
0.683086;230.385675;
1.492946;670.300856;
0.572774;209.892134;
1.474001;674.964431;
0.233822;92.881219;
2.424974;1104.140915;
1.692157;648.219608;
1.138526;524.183278;
0.245855;92.403771;
0.528158;248.063247;
0.436780;177.512448;
1.455683;539.107662;
0.485579;208.816943;
1.840320;672.014555;
0.847265;359.132615;
2.540694;1094.312181;
0.185558;64.271332;
2.150451;933.727710;
0.237563;106.067298;
0.739925;254.344055;
2.322558;873.240790;
0.779019;364.584886;
1.474429;661.365691;
0.516823;138.972620;
2.095767;780.529949;
0.867634;366.601245;
0.798594;336.251427;
0.746730;257.425542;
0.730406;278.455247;
1.764074;743.475716;
0.397177;91.317744;
0.768451;313.213742;
1.233086;437.662100;
1.368619;509.252755;
0.890046;334.940725;
1.399344;457.184583;
0.193809;58.024903;
2.096992;740.313493;
0.744093;317.536090;
0.516363;220.091604;
0.625360;262.050811;
1.151478;482.027133;
2.474037;1099.580550;
1.346893;307.886128;
2.176963;1016.539093;
1.795102;683.719004;
0.893822;320.861225;
1.620198;755.995144;
0.728680;329.862978;
0.443707;182.055366;
0.740679;333.322713;
1.971906;721.296595;
0.614278;284.424839;
0.568802;173.400347;
0.491442;208.849584;
1.246569;417.610583;
1.451088;663.676423;
1.056410;458.907088;
0.829462;344.415641;
1.554634;638.392372;
1.042859;402.226672;
2.285041;1035.220325;
1.166927;490.742390;
1.409871;578.809193;
1.563047;646.401340;
0.835031;342.659843;
0.555518;263.978652;
1.764894;779.373426;
1.453021;616.726788;
2.176605;808.378438;
0.872298;279.838195;
2.368927;822.754221;
1.269182;501.325729;
0.806329;309.759001;
0.743415;328.466319;
0.420383;170.492475;
0.464760;217.117462;
0.898879;385.883144;
0.519410;195.000367;
0.671683;300.205454;
0.935045;441.442584;
1.102890;515.605914;
2.096536;993.308298;
0.778567;337.375394;
0.189741;62.164630;
1.496769;548.164591;
1.165158;516.252342;
1.227290;483.005314;
2.065532;744.183352;
0.221130;91.853242;
1.202651;517.039323;
0.419791;179.697423;
1.216007;494.384015;
1.042090;458.832967;
0.598869;282.285244;
1.116834;515.366374;
2.670163;1265.348123;
1.535328;594.655505;
0.885007;414.073668;
1.246587;563.836308;
1.359611;577.240615;
1.017932;383.715888;
0.130618;56.491875;
1.576915;705.760123;
0.467617;195.480445;
0.310672;141.876551;
0.539284;218.667157;
1.170177;350.773750;
0.507908;224.249719;
2.224252;509.139344;
3.251201;1198.420418;
0.934445;230.483772;
1.034383;426.726621;
1.678926;759.851021;
0.673740;312.140198;
0.348264;155.988458;
2.680077;940.738741;
1.371187;373.643452;
1.135957;307.384460;
1.910082;909.521752;
0.201412;79.626018;
0.528733;236.984842;
1.355283;496.432999;
0.481004;190.924866;
2.611296;1128.768970;
0.797063;313.349984;
1.018901;412.392163;
1.792454;657.670299;
0.530529;225.897789;
1.123482;450.422726;
2.246249;975.611991;
0.756139;342.060978;
1.278031;450.885543;
0.721930;321.324361;
1.922327;861.560230;
1.235041;484.716673;
1.219636;507.656395;
2.073262;897.748984;
2.010637;852.637326;
1.172875;320.449050;
0.869982;384.917767;
1.647416;579.213541;
0.885776;306.482638;
2.192834;522.968888;
2.327596;928.662930;
2.606789;1108.748809;
2.408255;702.525202;
2.054247;751.700753;
0.495202;160.211855;
1.103331;461.810244;
0.896201;274.130073;
2.565678;1071.980641;
0.560486;209.719898;
0.939419;371.150381;
1.116232;413.754604;
4.062501;1830.612857;
1.433277;371.810304;
3.110787;1131.141342;
2.548291;1162.091838;
1.226171;484.253399;
1.091019;458.557261;
1.001936;406.140389;
0.647620;250.495203;
1.189992;563.634073;
0.745691;312.047355;
2.127760;578.680200;
3.033690;1319.573451;
2.270068;889.855568;
0.413204;162.967044;
2.472693;1046.233002;
0.977155;283.997988;
0.465174;174.446036;
1.584715;733.458253;
0.447049;210.462295;
2.451097;901.174749;
0.525116;244.921781;
1.964350;765.516154;
2.089475;814.625867;
1.916888;850.677762;
0.711873;327.611273;
0.418447;195.829900;
2.424878;1141.763577;
1.517026;718.454726;
0.256667;92.160876;
0.747383;279.713022;
0.567637;224.460520;
3.022088;1360.141874;
1.061559;446.605338;
0.226315;51.520500;
2.647289;1129.489293;
1.689791;716.897309;
0.899377;365.197498;
1.941187;887.807489;
0.563170;231.308373;
1.595328;537.032705;
1.186560;534.193330;
1.054118;238.740500;
1.139630;436.383883;
1.418438;589.382901;
0.807650;199.343213;
0.698539;312.034360;
1.749243;731.132065;
1.141065;516.716264;
2.247353;969.021447;
0.443065;100.352000;
0.191266;80.467695;
0.601444;266.059165;
0.606153;171.620148;
2.094947;943.686690;
1.458200;690.061387;
1.409558;594.072535;
1.279165;455.979148;
0.771919;293.321587;
0.348585;151.570539;
1.816593;722.438804;
1.154019;530.143911;
1.068393;393.781313;
1.403670;400.775355;
1.247162;560.589317;
3.125129;833.226417;
1.119287;454.607757;
0.435594;194.112733;
2.095184;722.492809;
1.023777;352.748773;
0.879510;417.073745;
0.369112;129.272320;
1.228697;560.008362;
3.539452;1393.836708;
1.126183;442.282459;
1.919431;794.379500;
3.282080;1034.756577;
1.873235;429.068016;
0.926269;424.027705;
0.801065;182.411040;
1.223510;450.245158;
0.502149;206.012270;
0.805453;337.809386;
1.631039;725.706607;
1.664511;755.662016;
1.143998;499.496153;
0.404938;190.387842;
0.580216;170.697550;
0.445535;172.460035;
2.105466;624.560786;
1.246798;528.926130;
0.518366;211.079361;
1.761863;672.339946;
0.691010;241.397453;
1.296039;577.529124;
2.335786;776.932902;
1.804978;618.248149;
0.993166;407.381413;
0.282548;119.630308;
0.522597;122.053690;
0.636039;145.721268;
0.511402;200.767395;
0.737209;168.759824;
3.087204;1259.758538;
1.027779;487.574697;
0.282725;111.719267;
0.854052;228.565689;
1.047686;416.788959;
0.707286;329.814957;
1.277559;425.521490;
0.292086;114.257748;
1.548083;646.872596;
1.356735;315.679692;
2.065871;678.336878;
0.800134;226.175498;
0.772810;313.976238;
2.730090;1149.271756;
2.006452;818.929702;
0.599853;174.388915;
0.383289;171.882147;
0.353949;140.033337;
1.994267;489.891258;
0.547945;229.197305;
0.736150;330.110194;
0.400909;141.153915;
0.296279;108.514203;
0.898024;391.793490;
0.851226;239.890264;
2.382393;1006.695053;
1.095220;465.179990;
1.324896;542.671248;
0.992256;464.728598;
0.102723;45.202345;
1.810269;810.615833;
1.458755;595.615278;
0.433173;188.872626;
0.306997;85.765639;
1.923172;881.076213;
1.742687;765.609914;
0.838425;366.707567;
1.247555;413.349870;
0.263375;122.655552;
0.848839;285.733096;
0.327326;150.472018;
1.137804;259.788200;
1.056136;366.230446;
1.024838;328.744921;
0.201700;76.742611;
2.453678;933.625215;
0.104891;45.770407;
0.722286;276.501811;
1.762634;834.182278;
0.982884;422.207539;
1.039865;351.942481;
0.962214;381.820424;
1.341363;519.398694;
1.519278;699.536727;
1.747204;673.068949;
2.525942;1157.901177;
1.713420;718.871081;
0.732788;322.963642;
0.844142;339.225093;
1.292932;526.259393;
1.091959;461.932201;
0.997613;405.912125;
0.279014;116.441015;
0.538966;164.184348;
0.910401;343.305803;
0.395658;159.391842;
1.614810;766.740668;
0.986938;413.818149;
3.338128;1489.163285;
0.401541;190.917358;
0.213205;95.660464;
0.505092;162.099655;
2.664337;1019.631046;
1.192947;459.707981;
2.081564;874.367946;
3.110608;1067.026186;
0.941086;266.243276;
1.945731;534.965219;
0.633816;280.803380;
2.502514;1125.192538;
0.922801;263.678506;
1.532412;382.551989;
1.566064;518.899490;
0.715739;308.516602;
1.217587;533.562189;
1.305367;480.959258;
1.724006;761.024338;
0.720677;267.015912;
1.017363;339.227541;
0.520650;230.370535;
2.639823;1052.690623;
1.273153;511.764110;
1.991807;713.321152;
1.114354;435.583923;
0.778908;303.059337;
0.563154;249.082048;
1.032661;427.280280;
0.176161;78.087475;
0.521874;205.974774;
2.032629;692.704342;
1.533349;500.608143;
1.074568;471.708029;
1.480079;519.587545;
0.634970;273.552926;
2.823324;1229.254463;
0.690775;308.141063;
0.417582;180.062978;
2.170007;1023.121680;
0.238744;95.710094;
0.763068;267.932215;
1.675259;719.825618;
0.327562;119.294561;
0.569183;260.729315;
1.227843;489.711178;
0.496579;211.921871;
0.518486;243.963476;
1.231541;522.189018;
0.157757;67.981894;
0.876421;298.753483;
0.865214;291.600144;
1.389822;655.856205;
0.517128;193.316921;
0.167598;71.080174;
0.681510;285.944110;
2.250130;988.422987;
0.401800;174.949087;
0.565723;142.969363;
1.009712;463.660680;
1.376629;514.384337;
1.866551;843.047661;
2.209606;906.566819;
0.322177;126.621517;
0.718180;341.048200;
0.653100;237.026159;
0.172695;56.345674;
0.782222;299.568557;
0.800852;342.033916;
1.398282;621.686993;
1.010525;251.621375;
0.610662;278.136499;
0.850439;305.675219;
0.273138;98.993924;
0.930010;234.804772;
0.448149;184.747727;
1.072907;326.182534;
0.440695;146.728256;
0.793030;317.359204;
2.591691;1017.632942;
0.832989;295.632159;
1.034404;394.552837;
3.014987;1398.213281;
0.968353;299.473589;
1.559897;589.844456;
1.927631;733.219876;
0.380139;148.373934;
1.665677;704.903537;
2.174972;765.071444;
0.936038;235.139553;
1.783464;407.660475;
3.172855;1266.162680;
0.483662;169.034095;
0.504605;207.209475;
1.151113;503.667271;
0.411459;161.696524;
0.982134;331.276931;
1.454309;610.825129;
1.083471;448.200568;
0.509710;188.613634;
0.826165;272.599382;
2.983925;1371.494259;
0.424115;151.187212;
0.572541;222.693669;
1.567190;562.503020;
0.584520;192.710684;
2.587220;975.612110;
3.784739;1213.658770;
0.819716;372.971031;
1.531045;424.351305;
1.656749;659.115317;
0.953685;417.729399;
0.254183;112.574216;
1.736286;740.500744;
0.217579;51.532911;
1.322255;573.676436;
1.109763;405.472316;
1.302839;611.662307;
0.279109;128.239444;
3.129551;1304.485211;
0.783049;245.109807;
2.827922;1096.012273;
1.350013;477.388195;
2.281978;948.065551;
2.266533;859.400167;
1.433382;606.040521;
1.055504;401.838050;
3.007553;1278.367110;
0.195284;82.397524;
1.934745;738.112978;
1.717696;694.318827;
1.177544;389.518587;
1.518036;438.146855;
0.882000;285.656603;
0.310409;124.660544;
1.537819;643.063482;
1.922069;865.250237;
0.283877;120.677338;
1.693760;708.949300;
1.799946;655.488635;
1.629625;650.405898;
0.288359;133.977591;
0.168391;65.526683;
1.075390;330.405642;
1.359131;558.823353;
0.561827;257.212386;
0.609807;251.546265;
0.640339;278.990481;
1.695063;439.926653;
1.063068;502.619902;
0.139120;64.250059;
1.315920;553.647067;
0.464924;197.889111;
1.987341;852.929724;
0.961048;451.168599;
0.208484;55.927823;
1.028289;472.029325;
0.989527;326.250846;
2.199161;912.920404;
1.074391;489.646165;
0.697231;266.985077;
0.497295;187.910758;
1.368036;586.072884;
1.642838;710.290093;
2.026132;762.418712;
0.286960;121.874696;
0.560706;258.445095;
0.310343;91.526677;
0.341294;140.330307;
0.852243;319.866797;
2.030014;886.305602;
0.261728;98.943152;
0.701073;286.609107;
0.518743;237.849962;
0.169462;63.169397;
2.186482;929.918466;
0.396897;147.383009;
2.331881;797.874736;
0.768065;328.871286;
1.894804;898.719850;
0.958138;334.405782;
2.808552;1335.837182;
1.176165;387.999259;
0.152558;71.941425;
1.810807;784.860039;
2.525421;779.132919;
0.503608;184.291220;
2.113930;719.602899;
1.834421;646.436353;
0.650283;149.756968;
2.078150;801.954052;
1.428560;538.648789;
0.910177;421.581754;
1.075837;490.126713;
0.693286;169.191171;
1.225521;409.279524;
0.699854;217.224258;
2.233540;690.687821;
0.888986;421.826474;
1.891767;860.319851;
0.530768;152.384256;
0.160330;67.250160;
0.309785;145.000081;
0.832556;339.263167;
1.064974;397.315643;
0.557193;251.373185;
1.332269;491.940324;
0.695486;312.348388;
1.941809;781.329513;
0.624749;294.688088;
1.024874;327.699899;
0.414321;142.077732;
0.461321;182.959949;
0.962749;445.133428;
1.141591;330.046591;
1.375449;571.407398;
1.196845;524.600948;
1.140174;535.484134;
0.625610;268.394424;
0.333863;152.684047;
0.487924;215.645646;
0.758679;348.528738;
0.573884;229.502615;
0.803231;341.651396;
2.559439;1104.095748;
0.193158;69.608466;
3.306684;1568.169229;
2.184541;859.414109;
2.079582;574.411776;
0.753957;350.479150;
0.797828;345.864732;
0.295216;127.090124;
0.442244;209.361110;
0.531741;182.385844;
3.633399;1558.688899;
0.117291;38.522501;
2.523706;1092.021087;
2.545563;844.307243;
0.835694;365.652127;
0.359145;155.112122;
1.111681;398.580314;
0.810414;238.639858;
0.747632;253.318097;
0.842907;374.007941;
0.197812;84.818601;
0.471668;204.796359;
1.583440;698.013328;
0.465184;181.821378;
1.234128;497.302295;
1.704069;757.424502;
0.335089;130.137158;
1.377867;562.396132;
0.483331;194.676804;
2.851473;1248.049663;
1.134126;447.064545;
0.290770;125.869087;
1.064477;416.974820;
1.835270;821.426833;
2.424585;1076.813596;
1.028160;399.264148;
0.973121;224.137433;
0.737819;345.012782;
0.868614;246.469572;
2.941386;1078.114300;
0.339716;99.441121;
3.431504;1601.226478;
0.679625;259.716406;
0.820619;253.844596;
0.063164;52.400000;
1.181503;554.470148;
2.564075;643.308689;
0.887217;412.111081;
0.963095;453.598620;
0.220861;92.642239;
0.625786;272.112141;
0.183115;77.887973;
2.486638;1063.592667;
0.603514;240.399979;
0.632216;228.059880;
0.702971;254.107526;
1.222299;488.490903;
1.232834;494.336955;
0.750004;326.993622;
2.385936;1041.068823;
1.761083;741.159852;
0.444335;155.280341;
1.390137;595.508659;
0.205635;71.676368;
3.242826;1411.819192;
0.310575;102.141171;
2.828420;1046.102856;
1.195875;533.120244;
1.392428;566.241429;
0.683020;259.676350;
1.157774;409.989126;
2.292879;525.872055;
1.958687;846.238234;
1.513526;619.013181;
1.918120;812.360885;
0.388733;167.584222;
2.527725;861.323679;
1.458850;568.204921;
0.918494;364.133863;
2.062175;879.222650;
0.872934;352.025429;
2.092677;941.629779;
0.224767;95.503459;
0.860883;355.880580;
2.337447;862.913208;
2.902260;872.410919;
1.472018;692.217654;
1.197682;495.017453;
2.312020;950.009331;
1.816614;494.160300;
1.184612;368.436171;
0.275895;98.215106;
0.369867;160.854794;
0.340202;126.679946;
0.417081;177.348322;
1.765843;706.532192;
0.562203;221.398154;
0.681148;227.089366;
2.426202;1110.129946;
0.781897;292.110652;
0.329301;120.261883;
0.639427;299.785708;
0.348258;129.197090;
0.745687;288.753464;
2.556680;1218.177954;
0.222461;93.166183;
0.988190;466.450801;
1.174245;488.348280;
1.097619;467.460276;
0.751481;240.556625;
2.370006;1013.019594;
1.752806;685.658060;
2.410799;953.816803;
1.763091;540.926195;
0.786940;333.710794;
2.165589;884.132623;
0.502982;195.245778;
1.683773;445.910362;
1.019661;281.422629;
0.439671;176.823463;
0.193644;78.453116;
0.891298;302.051339;
0.480270;198.136457;
0.416392;173.408303;
1.678581;600.405139;
1.138106;482.035881;
0.622416;287.650499;
1.361303;572.285978;
0.578626;257.223315;
0.977085;385.999847;
0.689971;236.327016;
1.606465;619.181416;
1.945066;894.580128;
1.151672;546.786307;
0.700384;274.051686;
0.475885;151.240274;
0.791115;356.959429;
0.355514;154.999174;
1.466665;605.850020;
0.959093;423.243589;
0.614103;249.025847;
0.192879;84.701350;
0.446112;177.190331;
1.596115;563.641062;
1.644123;570.427006;
0.754661;223.420957;
0.564810;172.501132;
0.852148;324.118678;
0.143571;56.897277;
1.671740;752.359298;
0.196141;91.084913;
1.966194;905.644428;
0.126840;60.046754;
1.485832;662.586835;
0.587545;231.090011;
1.894207;825.706223;
1.176637;528.252060;
1.964052;933.654259;
1.855169;764.392136;
0.196374;93.313654;
0.974091;435.986136;
0.953214;401.637027;
0.877015;251.008454;
0.748049;249.693984;
2.458275;974.487745;
0.189644;86.022000;
0.475252;194.651215;
0.947464;447.021095;
0.513917;239.069925;
0.884175;343.188026;
0.757050;310.849209;
2.348150;1119.696120;
0.372535;160.023687;
1.657225;736.581179;
0.459270;190.299612;
0.348297;143.714512;
2.162340;977.682542;
3.741875;1720.315268;
1.107209;504.419133;
0.675583;313.920395;
2.128070;489.242268;
0.233490;83.217699;
1.179609;291.953936;
1.221348;540.155384;
1.988107;747.062445;
0.273150;92.804096;
0.894584;342.694898;
1.426810;581.709896;
2.243501;952.586508;
1.023997;382.485151;
1.469864;564.051433;
1.859657;768.220445;
1.058534;497.740099;
0.340290;144.436348;
2.801245;989.337713;
1.288663;565.793371;
1.864308;483.123730;
1.566961;614.429028;
2.227241;866.725775;
0.173971;64.651723;
0.586152;237.337227;
0.597848;260.870191;
1.212883;278.379143;
0.761166;217.042947;
0.576043;162.942957;
0.991526;345.637732;
0.513266;240.442045;
1.708378;678.497552;
0.608559;284.670828;
3.451461;1454.842732;
0.951155;420.945999;
1.495305;441.961605;
2.201214;889.915928;
0.922920;349.994641;
1.118365;451.305523;
0.187100;78.021584;
1.311136;513.922863;
0.315933;127.252155;
1.212984;568.522077;
0.206717;92.857416;
2.520375;1032.806449;
0.848983;369.889158;
0.565452;214.816381;
1.508035;496.293079;
2.978734;861.389940;
1.750842;771.217141;
2.469842;568.468872;
0.104622;41.760500;
0.474680;133.326374;
3.539196;1687.823011;
1.555049;643.102175;
0.543091;240.642224;
1.353882;516.405060;
0.562831;127.808516;
1.732171;741.600828;
0.386514;173.869254;
1.324592;468.827144;
1.801070;792.635624;
1.300891;518.057420;
1.010918;401.582380;
0.241285;98.306928;
1.362683;596.585474;
0.739889;284.983363;
1.078151;470.075641;
1.297655;551.419216;
1.013462;481.660000;
2.523271;947.881482;
2.556996;920.280077;
1.033581;284.258157;
2.567723;1137.111990;
0.996714;469.090795;
0.643475;286.376376;
0.541170;225.818745;
1.275046;292.195359;
3.462092;1331.075764;
0.445039;180.484794;
2.098412;838.486800;
0.744474;339.022883;
1.183814;487.400781;
2.283615;970.909328;
1.073109;471.809729;
2.422666;944.157202;
3.929069;1518.414136;
0.288907;116.105074;
0.227908;52.422782;
1.764695;763.720092;
0.352566;145.788906;
0.414303;186.173464;
1.173398;508.954330;
1.959082;929.891087;
0.392042;159.834800;
0.871518;290.270479;
1.418463;544.548555;
3.451366;1319.044122;
0.238106;95.311126;
0.258435;102.096614;
0.088257;33.397434;
0.486511;150.032091;
2.601385;675.256279;
0.145884;56.859036;
0.424058;170.519241;
0.116782;47.702688;
0.375356;162.899401;
1.404225;524.707201;
1.319392;519.432214;
0.448784;204.728845;
1.473410;626.941653;
1.591943;464.326510;
0.959276;245.000000;
1.174225;500.709772;
2.230077;597.255829;
0.793667;322.014788;
0.593291;260.553706;
0.251430;77.710798;
1.351836;310.413792;
0.827028;259.614886;
2.099893;882.322200;
0.947040;377.591770;
1.964895;784.387740;
2.789006;1225.813565;
0.639402;252.842273;
0.645245;269.896889;
1.071477;420.807904;
0.437958;187.505930;
0.550064;168.552208;
1.088708;470.271619;
0.220920;93.836094;
2.170635;943.405392;
1.018425;315.049643;
0.467913;198.958571;
0.383633;175.105740;
1.440464;519.304896;
1.157730;473.250587;
1.423942;644.672475;
0.452255;178.604235;
0.517127;215.176132;
2.240777;972.017901;
0.942759;423.361328;
1.051609;466.711405;
0.869387;371.819990;
1.560582;718.183403;
2.504134;1060.461874;
1.557321;700.298436;
2.173062;847.202421;
1.782095;793.514834;
0.821432;367.330351;
1.273720;587.517537;
1.143628;412.299796;
1.047944;414.507041;
1.793468;771.503356;
0.931349;302.988946;
1.438642;640.780418;
0.505160;172.607740;
0.465397;221.713243;
0.692796;299.759298;
0.328468;146.044463;
1.204654;420.071556;
1.277159;292.866650;
1.510431;692.664140;
0.314102;138.679309;
1.444558;468.198719;
0.866984;400.896629;
3.223852;1320.335518;
1.405456;501.679898;
2.058947;917.447258;
2.217150;587.771821;
0.713673;229.242936;
0.709046;278.153529;
0.645767;253.890391;
2.090047;883.743940;
0.989759;434.210622;
0.632781;178.192508;
0.437957;183.256886;
1.125688;511.132316;
0.643080;262.678544;
2.983393;1037.761035;
0.503052;204.973717;
2.143040;863.215776;
2.219856;777.288404;
1.467407;432.992634;
1.035339;404.152421;
2.575680;1070.665215;
0.746398;331.721496;
2.098654;900.063359;
2.290617;989.942939;
1.928835;884.236324;
0.469004;219.404740;
0.645681;200.381060;
0.280395;104.575585;
2.196825;950.782598;
0.474121;200.193261;
0.993567;434.162022;
0.921804;349.619984;
1.682174;387.200000;
1.798488;671.766326;
1.010537;231.129639;
2.166611;723.412368;
2.441860;860.997357;
1.735454;693.146704;
3.110996;1313.273377;
0.179957;69.071340;
0.280521;110.515220;
1.233216;464.571502;
0.624211;223.920049;
0.247315;105.541513;
0.905062;308.461133;
2.771228;1253.106448;
1.273641;324.878586;
0.532638;209.708065;
1.200538;498.494729;
1.600301;681.612727;
1.078758;492.576539;
1.008583;386.559715;
0.817262;224.318864;
1.543809;535.725678;
0.260462;122.469597;
0.786386;234.382008;
0.352323;156.635119;
0.307913;113.148581;
1.785843;634.156321;
0.555323;174.015594;
1.399468;536.114303;
1.215226;491.504645;
0.885806;309.937191;
1.429480;481.843120;
1.577465;733.198540;
0.891255;401.987993;
1.254179;585.795429;
0.374256;131.793073;
0.435021;141.611198;
1.426290;657.973920;
0.548908;243.468415;
1.019623;352.123707;
1.462521;598.375274;
1.598536;592.963262;
1.912866;439.528432;
0.863854;281.716010;
1.502639;614.471360;
2.817351;648.791128;
0.573288;266.609135;
1.661543;376.605448;
1.455393;654.312023;
1.099177;466.424962;
0.934817;413.760035;
0.371886;162.640811;
0.697719;284.110590;
1.317237;534.806384;
1.930427;817.638524;
0.737529;268.820171;
0.280670;116.031560;
0.647237;287.676163;
2.503341;1122.527644;
0.876976;386.717519;
2.017912;636.805537;
0.867401;378.787791;
0.406895;154.906343;
4.011478;1348.101138;
0.191239;74.567616;
1.184405;461.868796;
0.495068;176.479425;
1.404159;547.844966;
0.464661;129.253617;
0.322917;118.190395;
1.356143;414.058644;
1.540032;679.652695;
0.787078;354.265150;
0.976445;283.624423;
2.432787;917.124842;
0.304236;117.887724;
0.580673;255.615542;
0.483409;229.710454;
0.666104;201.925352;
2.140047;846.851591;
2.447354;904.659079;
1.017195;436.256458;
3.144408;1472.217277;
0.576360;268.565265;
0.212548;63.575211;
0.478621;143.641025;
0.818931;297.948645;
2.105165;794.979024;
0.779395;340.406964;
0.937555;365.410922;
0.379930;151.955876;
0.352933;81.378441;
1.241255;513.705227;
0.936736;439.558357;
1.550906;686.424142;
1.339833;573.957133;
1.091599;363.196976;
0.576859;245.945881;
0.824845;342.591227;
2.192022;502.250000;
0.828474;331.938573;
0.836298;195.085512;
0.566278;228.674941;
0.927691;360.341041;
2.783876;1032.176167;
1.113694;497.880685;
0.275879;63.162054;
0.732597;286.110034;
2.832948;1350.335559;
1.251626;458.031134;
0.316117;145.000339;
2.551969;1129.719697;
1.485210;677.574059;
0.889857;289.443213;
1.321557;601.883241;
2.260940;604.673300;
0.050125;38.049912;
2.207826;694.404249;
2.050964;608.096328;
0.724516;295.358014;
0.954527;408.083949;
0.890890;262.387290;
0.361085;82.922600;
1.437960;535.971457;
0.725110;309.370549;
2.491245;916.153959;
0.351975;152.512881;
0.269855;94.634100;
4.281046;1637.110039;
1.455615;608.566756;
0.494889;220.473071;
0.677350;283.992739;
0.690547;287.903573;
1.044160;368.993069;
0.529856;240.304061;
0.487880;187.006329;
2.846239;820.459815;
0.941956;240.102779;
1.442106;560.581570;
1.966991;776.952631;
2.380855;1075.804236;
0.748127;298.522615;
1.842906;769.728847;
0.762158;303.851648;
1.199228;486.341078;
2.480846;730.434641;
2.026221;780.737727;
1.640339;691.217928;
1.406562;539.282441;
1.228218;538.484981;
0.187487;82.472343;
1.112326;408.644603;
0.891685;339.124345;
0.316529;148.019548;
0.583727;249.241997;
1.044991;497.445074;
1.564623;427.140288;
0.902096;389.606560;
2.658877;938.688186;
0.363190;163.907909;
3.461525;1203.640353;
0.865208;306.144543;
1.272551;321.672560;
0.138245;49.037190;
0.604217;223.571641;
0.906445;375.744042;
0.738527;277.042780;
0.282278;119.246801;
1.695886;786.560968;
0.594262;187.841674;
3.140911;1401.141117;
2.493477;1038.186157;
3.118787;1342.055677;
2.437703;939.938958;
1.132946;516.701158;
0.836754;216.482000;
3.367216;1539.673930;
0.291093;118.495603;
0.614229;277.735339;
0.994877;433.442115;
0.878868;339.370580;
0.783476;267.190683;
0.788387;307.783558;
1.244868;295.820285;
2.543358;584.569984;
0.291644;72.899214;
0.553484;239.164628;
0.921491;396.740014;
0.280265;114.417438;
1.605755;703.406210;
0.693004;301.088046;
0.585309;219.174568;
2.533059;916.113002;
0.891337;283.207065;
0.855716;310.898546;
2.183987;871.677179;
1.813649;793.601084;
1.319593;593.320541;
0.781937;356.534744;
1.196272;318.339936;
1.270273;497.774214;
1.666051;479.407847;
0.516904;193.551336;
0.621447;285.790634;
0.747654;303.679426;
2.140328;767.676542;
0.426374;167.110103;
0.457533;208.540403;
0.874629;354.182069;
1.838011;830.400545;
3.009568;1189.574425;
2.685255;1194.715080;
2.402305;967.009848;
1.475169;518.251844;
0.650017;278.316371;
0.434587;192.152065;
0.587921;220.298483;
1.076152;245.887488;
0.431482;138.212315;
1.608893;581.363956;
1.032494;448.720415;
1.772266;772.941514;
1.303817;595.395234;
1.597765;513.820990;
1.120285;459.462141;
1.593123;684.905036;
0.571199;241.778063;
1.261989;377.721877;
0.462091;161.468616;
3.106092;1320.911534;
1.177174;402.869764;
0.374615;160.773276;
0.760029;327.603812;
1.174155;471.465515;
0.944864;357.064378;
0.760430;299.923015;
0.636674;294.867215;
0.323658;128.560237;
1.229192;475.470381;
3.290370;1295.046953;
1.269151;395.671580;
0.735127;282.930957;
0.610465;286.934785;
0.951594;440.099650;
2.060759;796.190426;
0.910106;349.257919;
1.449698;560.566152;
0.624270;279.117858;
0.725938;316.051894;
1.742195;742.490393;
0.422358;96.942120;
2.361422;1035.165819;
1.881231;851.967573;
0.292615;138.463999;
1.090339;460.639434;
0.725751;333.092471;
1.284463;427.922758;
1.829604;670.433060;
0.265468;113.832212;
0.561679;200.583590;
0.256018;66.512287;
0.919923;398.982896;
0.778672;342.731794;
1.152919;537.367794;
1.937230;815.961641;
0.847959;363.152629;
2.584799;999.864918;
2.277134;996.650194;
0.560283;128.811332;
2.043705;470.063168;
0.974950;442.659300;
2.208676;576.849244;
0.757681;317.152592;
3.593705;1347.554922;
2.385567;1004.780221;
0.382552;167.869868;
0.565697;260.358742;
2.767618;1068.081911;
0.636314;146.154374;
0.560191;217.377088;
0.213003;91.954750;
0.578994;243.673799;
0.587579;267.312929;
1.098155;523.292952;
0.580903;228.593407;
0.552326;240.875440;
0.753037;330.137341;
1.350910;575.738225;
0.679990;200.599325;
0.381098;158.171718;
1.648903;639.762942;
1.344550;617.291266;
0.967909;456.299353;
1.388136;537.429115;
1.472220;587.094426;
2.441816;882.465440;
2.318048;1030.392789;
1.483406;537.738857;
0.539181;179.392324;
0.311752;128.088217;
0.722794;290.789964;
2.906046;712.290365;
1.500026;418.280290;
1.213106;276.937472;
0.433919;171.455095;
0.370764;84.914698;
0.255947;66.115503;
1.064118;490.132206;
1.939377;789.459312;
0.612874;264.135464;
2.278044;930.885492;
3.685433;1634.246495;
0.369655;146.114416;
0.775417;261.102773;
0.865821;359.973617;
1.004773;437.131236;
0.813324;235.095513;
1.698706;793.782980;
0.289518;128.747463;
1.252705;575.354143;
0.792578;289.987321;
1.715738;785.219272;
0.807468;378.550525;
1.118122;454.376474;
0.798913;282.133684;
0.856685;196.782820;
0.338058;120.963044;
1.268128;553.711295;
0.447101;207.503157;
0.358501;139.152724;
0.717355;313.824340;
1.647683;777.970043;
0.298511;94.008273;
1.200590;550.415615;
0.935746;319.183753;
0.802734;218.366838;
1.272866;419.187651;
0.945505;304.925841;
0.759521;304.780209;
0.546911;236.139121;
0.719630;297.897523;
2.222958;973.888273;
0.574148;216.915400;
1.597399;712.759562;
1.131483;462.518497;
1.575325;659.688391;
0.789334;281.017807;
0.699080;294.886138;
1.432855;630.502070;
2.561928;892.318806;
1.585700;707.211772;
1.408934;487.264165;
1.200055;495.376827;
0.881215;288.967214;
2.207953;820.813244;
4.132288;1795.221414;
0.793252;363.759469;
0.324416;104.625000;
1.689310;688.314540;
1.280617;536.004906;
2.286463;835.813134;
0.880969;403.846558;
0.878307;303.624456;
0.653891;307.199029;
0.740325;301.623140;
0.810182;343.912175;
1.192429;348.404543;
1.072176;477.313734;
1.071073;410.646652;
2.906568;1137.938530;
0.146734;66.570030;
1.045425;425.688843;
1.993588;529.687500;
0.260493;107.077428;
1.888517;748.106465;
0.238039;55.022365;
0.433756;162.623703;
3.671404;1631.800511;
0.408884;144.108583;
0.951138;388.094315;
0.287473;114.889270;
0.520395;224.518181;
2.851665;1182.185317;
1.582795;738.452065;
1.242608;441.104825;
1.114758;423.177157;
0.868622;232.474421;
2.594034;1015.179664;
0.788381;246.429820;
0.183376;78.860157;
0.255479;95.057550;
0.313125;85.568115;
2.368269;858.385799;
0.599894;175.579440;
0.789003;354.220854;
0.308900;107.715044;
1.093146;506.224562;
1.380735;394.890678;
1.003530;467.941484;
0.135553;47.271266;
1.563652;620.283814;
0.648523;308.312971;
0.089093;36.781022;
1.658985;379.877750;
0.736007;337.281423;
0.987627;436.756742;
1.383077;463.196209;
1.655536;393.833827;
0.748341;269.662637;
0.436639;187.537181;
1.390899;318.247956;
1.013359;452.109143;
1.668326;689.030662;
1.076679;512.314417;
1.544769;687.911816;
0.905658;387.953778;
0.428153;200.476574;
0.664917;213.809260;
0.498462;199.816525;
1.020865;400.136863;
1.437208;603.869038;
2.339585;864.894874;
0.362373;143.551293;
0.582554;231.960358;
2.289201;939.585391;
0.460226;204.870634;
1.615564;627.799916;
0.646253;260.471604;
1.016538;434.369812;
0.261502;121.726480;
0.719623;343.130522;
0.803094;339.260555;
0.271609;122.735199;
1.132856;385.604408;
1.178959;526.541727;
0.199045;82.918795;
0.498536;199.752311;
3.099613;725.781250;
1.821251;673.958008;
1.190444;559.624735;
0.817569;270.251839;
1.157398;531.719743;
1.276626;537.442556;
0.238511;112.592526;
1.577082;705.174195;
0.695998;262.747166;
0.374279;115.476516;
2.519816;780.350455;
3.252084;1482.548908;
0.753843;274.186391;
0.232464;104.261387;
0.694155;300.567350;
1.643005;680.838565;
0.569844;222.921568;
2.535707;580.543200;
1.736533;741.978508;
1.750128;571.913476;
1.510184;641.957232;
1.947007;776.627985;
1.711510;774.706711;
0.523451;223.711393;
0.243090;103.363251;
1.451589;462.123363;
0.611993;272.906486;
0.670567;287.493335;
1.081702;498.191251;
1.667526;668.693181;
1.130631;384.460069;
2.164673;824.684349;
0.264686;121.084727;
1.254884;492.064646;
1.509066;542.150022;
1.397891;608.346680;
0.806851;323.713902;
0.862004;350.021043;
2.638126;1129.489342;
1.731278;794.797761;
3.582139;953.948270;
1.538943;706.574215;
2.005146;778.526895;
0.111772;42.672219;
1.081778;444.048960;
0.094726;45.076649;
0.925135;312.042906;
1.203914;415.584393;
1.290547;530.540162;
0.276747;128.893299;
0.462714;128.270587;
0.695715;270.089740;
2.061104;555.819250;
0.260541;119.562544;
1.463621;533.736057;
0.342765;119.229532;
2.293125;756.267264;
0.711384;232.670012;
0.312623;116.514955;
1.216768;434.520329;
0.532608;236.074273;
1.434031;541.175192;
1.297125;561.178960;
2.417723;1055.187595;
0.354893;161.893387;
0.263239;108.218939;
1.454762;455.128812;
1.684828;789.371747;
0.896173;351.087702;
2.992459;1196.767517;
1.182568;541.647409;
0.731907;283.088098;
1.193455;332.242762;
3.151837;1394.033122;
2.041753;756.416453;
2.784711;1219.337185;
0.334970;131.994123;
1.736291;494.271972;
1.887136;717.988489;
1.804133;753.723346;
0.530962;219.697929;
0.813570;348.183386;
1.338318;513.944339;
1.018334;445.821621;
0.277767;110.940109;
0.527134;221.804631;
0.667729;283.975919;
0.885047;285.817254;
0.627357;261.045518;
0.771666;254.529393;
0.276086;90.864966;
0.101144;43.605950;
0.451800;176.073788;
0.904469;301.012286;
0.818795;335.030091;
0.142646;61.071662;
1.541654;655.482908;
1.256988;538.748234;
0.862175;354.285361;
1.527109;717.724147;
2.913950;1198.101561;
0.083675;39.365204;
1.037104;238.094150;
0.337628;122.646251;
0.185544;83.285482;
0.311672;131.007133;
0.547988;213.134903;
0.965318;220.459810;
1.592964;606.645014;
1.285958;523.213060;
0.969728;411.675360;
0.530992;239.490445;
1.521913;423.540987;
0.569435;251.663041;
2.939116;1321.480634;
2.074414;904.562143;
0.824560;266.449818;
1.421502;582.663064;
1.731260;787.240905;
2.490288;1176.317401;
0.297280;141.108060;
1.191311;423.985148;
0.384448;93.796553;
0.582591;255.033656;
0.505056;209.615378;
0.878391;387.009129;
1.378380;639.288265;
1.421914;431.150054;
0.753085;173.978055;
0.252333;117.592621;
1.218110;416.084366;
2.545249;1196.256705;
0.603123;263.926409;
0.428751;136.839168;
1.270593;577.497063;
0.730665;251.868498;
1.157128;503.641420;
1.314764;490.468870;
1.476797;625.073780;
2.576242;944.138132;
1.746680;645.722779;
2.627112;1055.862775;
0.648501;197.456896;
1.212286;514.424049;
1.010711;301.708950;
0.222152;85.876173;
1.091964;455.166687;
1.391598;612.549362;
0.495522;175.663181;
1.682360;779.520640;
1.357046;313.632000;
2.430941;975.784883;
1.060156;446.676910;
0.485222;195.302251;
0.437708;164.654104;
2.009002;835.834461;
2.159912;543.583595;
0.714908;309.202316;
1.834497;856.938538;
0.633872;281.628531;
1.543517;495.335816;
3.692774;1605.691799;
1.289486;477.113189;
1.062180;328.374718;
1.202236;473.878534;
1.697607;711.652124;
0.262610;96.480348;
1.091457;421.401457;
1.769330;768.146067;
0.305362;139.225187;
2.071429;816.533687;
2.833503;1182.594978;
0.691147;278.095519;
1.658586;709.549210;
0.471504;174.441361;
0.637285;274.781126;
0.381657;161.603841;
0.452783;182.032255;
0.631135;248.794094;
1.622478;702.558835;
1.406467;637.099089;
0.952763;352.467599;
0.556790;207.367631;
0.702916;295.555200;
0.620387;166.021626;
0.332313;146.332059;
3.325441;1506.928269;
1.565022;699.880824;
1.639060;711.249666;
0.592972;193.342478;
0.826619;258.819895;
2.938094;1326.712960;
1.215573;510.882111;
1.297703;420.975157;
2.729561;1157.671736;
1.579636;711.679715;
1.437846;643.986455;
1.616193;661.953498;
1.796841;816.770834;
0.942146;424.903173;
0.828673;364.676585;
0.739871;268.945362;
1.078110;373.443289;
0.459151;178.085046;
0.484442;175.712364;
0.716745;325.325891;
1.105305;310.255246;
1.098512;441.904665;
1.091237;476.804922;
0.545773;224.813534;
0.134902;52.156708;
0.282832;102.630179;
1.997383;742.311018;
0.916114;394.844381;
0.823753;368.534841;
0.377474;112.506183;
0.260046;86.313600;
1.703109;626.544564;
0.192273;89.681497;
2.676462;1172.762898;
1.131816;393.893876;
0.539232;166.741490;
1.795260;747.310613;
0.679097;162.832880;
0.629617;262.881166;
0.629147;253.080127;
0.848649;382.626644;
0.118591;46.335817;
1.497384;592.708892;
1.745672;780.523764;
0.446103;179.664386;
1.598282;618.665937;
0.971245;396.601058;
0.408187;192.448756;
0.797477;219.667435;
1.465514;519.401709;
4.142460;1965.262906;
0.955211;356.249474;
1.699698;648.218441;
0.424424;181.761352;
1.565415;703.110039;
1.806527;747.192159;
0.776219;300.113570;
1.978817;880.313287;
1.137223;478.002437;
0.309541;134.999711;
2.221521;923.107671;
0.892115;318.718643;
1.189320;512.228869;
0.664103;216.509859;
0.743663;291.272517;
1.232986;585.875492;
1.392254;597.795233;
0.483131;208.769458;
1.868637;653.786125;
1.155038;371.896182;
1.437186;589.390507;
0.997803;423.645311;
1.325340;582.688849;
0.371237;162.149846;
0.089969;31.997618;
1.894392;870.333367;
1.804105;776.688203;
0.533060;240.603705;
2.182815;570.213588;
0.565160;241.394838;
1.101916;432.965799;
0.287795;133.969898;
1.391917;639.980228;
1.365570;406.658006;
0.746483;353.769495;
0.237135;108.485562;
1.143659;425.922432;
0.779905;333.554419;
0.825046;195.709210;
1.491761;660.223298;
0.692348;324.635812;
0.512216;192.520463;
3.561908;1418.225504;
0.756262;276.815479;
0.446126;102.814351;
2.333056;904.680699;
0.421912;171.758017;
1.363408;549.763426;
0.788969;328.991295;
0.393492;129.793264;
0.193830;75.875008;
1.318513;571.452571;
3.424825;1247.010352;
0.931934;264.863350;
1.049809;393.989650;
0.260956;87.736422;
1.200675;546.101631;
0.408426;104.985063;
0.359588;160.786266;
0.528960;226.672019;
1.493708;632.469336;
3.577005;1512.699565;
0.275695;119.300941;
1.285230;428.316073;
1.091792;377.790619;
2.342643;1114.893154;
1.839491;723.795947;
0.397617;170.147804;
2.350258;923.570372;
3.037684;977.130882;
0.422798;180.475068;
2.126227;487.090548;
1.085738;455.424559;
4.264348;1838.575933;
0.352898;162.083535;
0.233848;100.574143;
0.839709;362.477915;
0.458872;172.374836;
1.985146;759.758669;
2.580786;1114.173085;
1.236520;442.707078;
1.413752;544.798233;
2.638459;982.959905;
0.232645;98.548822;
1.248261;547.126633;
1.187436;383.892005;
1.647122;558.851983;
0.486379;214.880369;
0.983359;393.561207;
1.788040;798.967210;
1.566914;654.003166;
1.124872;409.405229;
0.919910;402.984824;
0.305428;140.782609;
0.734012;259.290716;
0.132090;53.676709;
0.316122;101.830108;
2.873246;831.137276;
0.659786;150.599875;
1.228134;542.342248;
1.341889;545.822634;
2.373483;1081.636228;
1.606056;705.959836;
3.248778;1482.323537;
0.688275;180.108686;
1.641328;414.369668;
1.386872;501.692816;
0.323495;100.824625;
1.941922;774.562804;
1.117640;525.383681;
1.458125;671.477005;
1.129154;459.418442;
1.674670;797.013404;
0.779354;264.257373;
1.524125;574.444678;
0.418120;155.662224;
0.188830;83.923448;
1.787438;626.960664;
0.285044;116.985205;
0.796322;375.877080;
0.131195;34.800730;
0.746116;170.562825;
1.267599;411.533924;
1.332166;555.345026;
0.242639;116.018314;
0.532893;246.960728;
4.080484;1707.014255;
0.339627;139.427657;
2.240014;938.879611;
0.886712;371.806852;
1.440208;626.128231;
0.871212;388.365585;
1.198489;411.885733;
2.324706;1012.613461;
0.769909;354.771933;
2.126296;821.419043;
0.774176;338.582326;
1.362625;492.873410;
1.957908;827.727075;
0.401807;148.996793;
2.265568;957.375743;
1.852724;642.003555;
0.160012;59.057602;
1.242469;496.294288;
1.306658;541.600918;
0.184637;84.206705;
0.073816;55.810560;
0.210177;76.264866;
1.777489;663.757996;
0.600967;223.176036;
2.643264;1149.879054;
1.077081;491.398904;
0.485329;211.217476;
0.651242;158.777172;
3.166847;1216.379185;
0.212642;92.683817;
0.234607;97.761965;
1.381473;456.567006;
0.227613;88.509836;
0.385003;123.230508;
0.192808;65.459891;
0.921578;248.245479;
0.959094;319.069916;
1.611061;763.081823;
0.340473;118.848060;
1.583668;665.978105;
1.060343;437.709271;
0.405496;166.610676;
0.293032;114.188595;
1.523418;617.815125;
2.190919;980.311562;
2.100446;855.087286;
0.550261;161.297886;
0.605692;140.748167;
0.752413;199.186339;
2.016427;778.135208;
0.274998;105.394883;
0.316165;120.157699;
0.526371;234.317327;
0.782839;344.019395;
2.052383;808.855324;
3.898171;1462.680897;
1.736495;615.948147;
0.780432;356.733932;
3.692826;1638.662811;
0.923355;395.300775;
0.486696;111.752432;
2.884027;1034.735240;
0.717690;301.518274;
0.754800;336.670324;
1.034245;351.149508;
1.853808;817.525268;
1.725518;492.926732;
0.828476;311.224963;
0.936957;389.772336;
1.396977;465.542320;
0.318136;137.967420;
2.199627;855.555375;
2.951834;1192.594261;
0.563917;229.570311;
0.463119;199.537943;
0.782685;345.942708;
1.447029;642.214045;
0.433728;182.554516;
0.348824;124.930369;
0.927655;387.446432;
1.461086;627.671540;
1.111303;290.499525;
0.673798;188.774331;
2.787674;1208.458893;
M0:0.005921
W0;O:0.000356;R:390.993141
1.652763;601.671425;
1.898062;794.736428;
2.601107;1098.227491;
0.434625;132.707263;
1.907539;798.295920;
0.034636;29.160000;
2.746167;1127.976078;
3.329075;1538.568516;
0.814653;337.592401;
0.383187;156.185293;
0.138003;48.968177;
0.569557;272.019981;
0.930601;441.340231;
1.255429;596.581204;
0.482797;229.097666;
1.990614;529.753782;
2.276759;1029.980170;
0.662984;297.173576;
2.003684;833.782801;
1.665590;630.030993;
3.179992;1456.824074;
0.755279;322.350119;
0.262274;99.611251;
0.858708;290.748981;
1.049832;437.493559;
0.442667;176.901669;
1.129797;376.203561;
2.716166;1021.055850;
0.427694;156.761338;
1.411873;565.546048;
0.152362;53.293005;
1.163188;553.404586;
1.023433;381.268569;
2.430369;902.173764;
1.456082;618.524838;
0.320646;138.109795;
2.252274;1042.348222;
0.946479;418.351104;
0.929191;352.550270;
1.722888;719.361764;
1.084885;453.469090;
0.249002;109.675000;
0.576137;238.474723;
0.596173;213.857250;
1.279504;560.092565;
0.599090;251.558936;
1.264528;480.099877;
0.279728;122.236489;
1.304185;423.134182;
2.512614;647.780000;
1.300993;570.322158;
1.543122;640.052125;
0.208178;89.660011;
1.527801;566.192163;
0.802636;333.612715;
1.215360;439.589202;
2.663727;1016.671726;
1.130575;348.664311;
0.683689;195.025846;
0.683126;234.964249;
0.713425;246.591534;
0.555331;249.041447;
1.020573;402.854863;
1.635600;621.761738;
0.653813;257.328798;
1.001597;413.981901;
1.072857;429.096518;
1.134140;484.295427;
1.067501;275.347207;
1.700274;560.600074;
1.565363;567.657098;
2.421313;1079.963076;
1.001653;421.161100;
1.083482;395.700894;
0.328726;149.594826;
0.337598;154.558955;
1.535249;615.301709;
2.940523;1137.676649;
0.437640;146.093399;
0.356363;110.489932;
0.491934;206.432632;
1.349962;640.864430;
1.246995;491.916924;
1.405875;642.733741;
0.668871;174.113049;
3.397571;1305.681940;
1.032822;385.093072;
0.315120;122.490048;
0.899893;398.717870;
2.414467;1041.430324;
1.267901;465.112042;
1.490652;707.175783;
2.188989;871.830809;
1.752319;524.052234;
1.525150;559.931886;
1.453971;629.476131;
1.958816;566.461700;
1.067595;444.488916;
1.913918;523.381023;
3.088827;1468.089086;
1.307370;588.901698;
1.625093;640.461833;
0.789496;343.013262;
0.526028;228.282466;
1.354445;498.957480;
0.993161;389.353659;
0.494032;219.994176;
1.272544;504.692884;
0.641738;294.403168;
1.054734;423.889622;
0.234496;61.381360;
0.559065;247.262386;
0.803568;336.406499;
1.489651;534.122933;
0.900028;354.421722;
1.078197;444.989069;
0.259959;103.049635;
3.058111;1289.356196;
1.744284;603.910031;
0.376941;139.659112;
2.332584;1031.550191;
0.280126;134.162000;
0.443937;173.216541;
0.357131;147.128981;
0.615591;251.432873;
1.140109;526.544214;
0.920057;319.650199;
1.227907;324.400500;
0.227794;68.232944;
0.625142;294.432856;
1.190699;561.299370;
0.506502;231.230896;
0.573787;217.217528;
0.280910;100.624065;
1.086865;488.467904;
0.738809;326.087606;
0.357177;135.556554;
1.012198;376.236510;
1.289534;456.719949;
1.913415;846.401448;
0.273708;62.640700;
0.871559;340.477946;
0.552874;215.413784;
1.780273;705.131909;
0.792463;269.128314;
1.004240;424.105023;
0.751887;291.370739;
1.583615;476.214248;
3.557062;814.380000;
0.361898;133.839480;
0.772088;291.971575;
2.389724;962.287383;
2.626041;1109.853678;
0.771626;340.615441;
0.605309;260.017429;
0.566901;247.483032;
1.483330;466.280810;
2.079380;766.797172;
1.529530;719.189433;
0.379407;147.145465;
0.505016;231.534656;
0.854261;351.474144;
0.248891;107.739578;
0.659605;229.116280;
0.372054;141.985454;
1.708153;809.908727;
2.312435;916.814043;
0.732553;266.790998;
1.084797;498.941987;
1.325095;555.070322;
1.242109;498.838536;
0.176955;65.887948;
0.510208;164.316600;
1.797124;840.426655;
0.305894;138.376084;
0.606420;281.301490;
0.636745;282.766428;
1.374722;458.468572;
0.777497;332.064276;
1.137398;466.215016;
0.660114;257.480394;
0.653356;238.642380;
1.041161;413.021785;
0.386457;132.946739;
1.126183;395.958599;
1.577442;439.070529;
1.410965;626.432965;
3.037838;857.357377;
1.086073;485.952967;
0.529529;231.362594;
0.345800;112.555361;
0.592962;268.059431;
3.023898;1399.442387;
2.094575;538.439006;
2.870919;1224.830864;
0.319512;130.160192;
0.139513;65.868462;
0.708308;320.715196;
1.162264;365.355869;
0.472567;180.849568;
0.654494;148.606650;
1.793510;786.088902;
0.507782;227.587930;
0.900198;348.798248;
2.628815;735.280075;
1.691954;694.291300;
2.476244;998.971595;
0.735028;266.677481;
0.863378;349.701313;
1.132530;441.889804;
0.744517;342.734851;
0.163462;72.591236;
1.389404;515.234220;
0.175804;64.817422;
2.617115;1240.896951;
0.813401;344.015333;
1.247284;590.116340;
0.945592;375.364766;
0.854101;306.060567;
1.480131;662.305437;
0.452196;158.834600;
1.057438;452.317210;
2.414861;1002.402592;
0.564977;265.587110;
0.116159;45.538381;
0.778066;245.925037;
0.611125;214.132672;
0.567070;216.841208;
0.990191;269.472248;
0.222418;96.354564;
2.246536;992.778685;
1.649394;706.953812;
1.109772;409.539724;
1.481749;674.041344;
1.269876;600.347575;
2.067030;828.566372;
0.613582;253.695741;
1.209274;543.644265;
0.518661;243.569051;
0.294754;125.225012;
0.983336;439.896119;
1.957957;779.357450;
2.137190;950.128803;
2.247803;800.857098;
1.734833;706.100234;
1.288484;508.411919;
1.583652;673.307828;
1.195338;541.518123;
0.238316;86.942416;
0.730199;251.723598;
0.703865;322.158783;
1.076853;402.147060;
0.829193;391.174239;
3.158996;1110.626082;
1.113271;430.517883;
0.577104;264.228587;
1.057604;432.834702;
1.409919;650.373668;
1.923370;774.743578;
1.712394;760.051207;
0.295259;119.971567;
0.499057;212.946794;
1.704387;715.434860;
2.444917;1146.953143;
1.177128;495.934050;
2.885276;1260.470915;
1.362809;526.065432;
0.422942;172.572483;
0.826516;327.790623;
1.026368;471.771600;
1.202974;532.880861;
1.706428;653.677942;
1.102066;434.251180;
1.747967;759.721585;
0.805086;331.458203;
0.996728;428.505899;
2.608787;1110.977940;
2.405814;1091.543327;
1.104798;313.350741;
1.328441;584.923221;
0.268574;126.316277;
1.165086;265.885636;
0.324735;105.825240;
1.823473;546.935624;
0.794013;340.272339;
1.711151;421.486028;
1.399802;477.957607;
0.769296;196.014401;
0.562321;180.830430;
1.619618;637.591073;
0.520536;160.801000;
0.421941;157.348944;
0.309312;138.082832;
0.960590;428.565797;
0.971591;383.549207;
1.329310;508.983098;
1.113815;449.457566;
0.607148;194.436291;
2.100631;927.314211;
2.778245;1288.195034;
1.270433;507.396625;
4.258520;1844.015248;
0.957637;397.991336;
1.306896;404.552095;
0.543268;123.657300;
0.863532;305.032364;
3.072656;1249.516996;
0.448391;165.632029;
1.059768;443.609877;
0.273881;80.012473;
0.710491;276.332755;
0.928208;279.692686;
0.361900;157.717722;
2.224828;963.162242;
1.099718;251.796349;
0.877042;267.441282;
0.740716;299.256643;
0.952695;448.116550;
0.897355;342.003617;
0.255402;109.941096;
1.544844;610.917571;
0.432397;193.447038;
0.789415;322.974470;
0.265003;109.165785;
1.291300;295.051480;
0.985256;402.165342;
0.764418;204.870234;
1.121758;465.996896;
0.692126;271.579804;
1.569293;738.385341;
1.158264;419.275736;
1.430984;596.406827;
0.708623;163.696950;
1.491684;624.002026;
0.922940;308.895788;
1.625788;706.962911;
1.574927;738.409286;
1.743824;767.065200;
2.162462;876.665956;
0.932562;324.567916;
0.239136;60.183608;
2.691671;1024.323619;
0.738890;297.857925;
2.022446;825.881313;
3.374886;1371.549688;
1.090723;422.105110;
1.527746;598.491963;
2.742283;1306.100075;
2.185414;997.385521;
1.665988;626.476910;
3.369249;1503.856396;
0.972826;413.100490;
1.461576;607.862282;
2.058956;841.345118;
0.258262;120.996408;
0.420534;177.718515;
1.825924;816.498561;
0.664516;303.702633;
0.712040;334.602638;
0.840651;375.068425;
0.143339;67.448640;
0.613075;173.778352;
1.245280;398.973633;
0.782300;312.362961;
0.199954;90.213802;
0.298686;118.169666;
0.895004;336.468379;
1.798882;611.524404;
0.369959;173.279227;
0.819639;319.180071;
1.123580;471.862914;
2.501119;804.044469;
1.033505;487.035524;
0.398719;168.028298;
1.635216;688.261795;
0.517456;228.758013;
0.103684;43.057676;
1.796536;805.086104;
2.514768;857.116813;
0.956703;427.721770;
1.551076;608.472040;
0.875584;363.576984;
3.449514;1404.082924;
2.000919;865.899802;
0.708384;277.674697;
0.727754;293.455589;
0.925306;422.358378;
0.970446;308.051070;
0.977425;408.002269;
0.976204;420.168632;
1.324464;574.042990;
2.655071;912.489798;
0.812585;295.809426;
1.520765;719.205360;
0.784890;321.664337;
0.695935;263.049775;
1.700236;725.629994;
1.770648;700.959379;
0.932098;296.947315;
0.387061;109.559098;
0.612006;269.439038;
0.711227;336.959858;
1.421695;445.233302;
1.332012;541.268998;
0.222689;90.875399;
0.277116;118.363277;
0.717639;336.440499;
1.477161;599.021008;
1.804602;680.262331;
0.325850;138.953889;
2.059320;794.367781;
2.591589;1148.015852;
1.445719;683.299386;
1.052933;363.954241;
0.796451;345.048342;
0.476959;193.590133;
2.187626;730.202517;
1.528649;652.633339;
2.530594;1193.211117;
0.721588;317.720414;
0.843709;348.159229;
0.491652;188.123826;
0.659172;311.702266;
0.149940;67.751946;
0.409563;174.767448;
1.038040;456.904453;
0.654221;240.134092;
0.486878;211.515787;
0.392221;141.971375;
1.196600;541.474766;
2.009867;784.515050;
0.910757;362.462404;
1.138041;409.830031;
0.319014;142.083224;
3.231158;1379.549014;
0.884753;248.587877;
1.161709;528.320368;
2.460519;1170.772389;
2.178282;926.277773;
0.652603;241.610714;
0.626469;150.975950;
1.598917;735.424788;
0.632896;228.496595;
1.369441;552.704769;
0.351821;157.186081;
0.611111;248.219878;
0.568386;244.318334;
0.753342;333.274065;
0.676188;296.867352;
0.771581;224.872556;
1.713891;729.582589;
1.134630;502.125581;
1.041578;426.384903;
0.648863;204.265173;
0.431387;153.102944;
1.201901;567.709812;
1.362378;532.838593;
0.217682;96.987590;
0.864468;403.314675;
0.943502;320.868105;
2.397426;1061.165109;
1.893202;787.915120;
0.969857;382.759920;
0.846882;402.051585;
1.596795;599.976874;
2.075366;906.732660;
1.865104;564.746563;
0.524051;149.323489;
0.559835;192.697464;
0.358415;84.757701;
0.983817;438.675056;
0.541875;232.775776;
0.552673;149.058000;
1.095332;491.077479;
2.022440;886.244259;
0.784443;343.639973;
0.760234;286.311164;
0.576374;223.912555;
1.305729;550.432822;
1.170629;494.778086;
0.947998;428.310826;
0.318483;73.559609;
0.972930;396.461985;
0.705573;289.847502;
1.360616;565.372200;
1.398699;561.288464;
0.503725;194.009220;
0.307731;140.449172;
0.211664;47.978432;
1.830357;735.527006;
1.167001;517.746594;
1.504990;660.237481;
1.500376;672.748845;
1.877188;804.834611;
0.224790;99.070265;
2.351628;930.521674;
1.579811;586.094440;
0.878182;327.063789;
2.380958;993.261989;
1.952702;838.497988;
0.946723;397.337424;
1.472236;668.097962;
0.900493;354.881883;
2.613489;1239.674393;
0.708242;317.171536;
0.828297;334.296379;
1.663769;675.947556;
0.659743;246.691418;
0.829178;275.282000;
0.299209;141.467492;
1.903407;797.887002;
1.082619;455.312152;
0.480712;199.023432;
1.125405;482.853665;
1.082149;418.032527;
2.019286;819.676531;
0.412313;190.889457;
1.868095;786.743659;
0.687873;282.469086;
0.215017;85.438156;
1.097089;389.358715;
0.215676;83.942135;
0.378643;151.624563;
0.276939;119.102715;
1.986696;739.333624;
1.064924;471.269624;
0.913367;329.431084;
1.090727;338.835143;
1.969717;859.626425;
3.173404;1409.280920;
1.680424;699.530905;
1.578386;682.102413;
2.057542;722.499419;
0.994749;368.964050;
0.811790;380.293983;
1.607466;634.539142;
1.548012;575.758747;
1.601585;734.244796;
0.366127;125.910132;
0.564004;258.071537;
1.593730;755.295089;
2.081815;734.938245;
1.959457;504.210000;
1.129867;475.254157;
0.742163;318.351973;
1.066204;243.370368;
1.004071;290.864896;
1.520498;683.832842;
2.311146;1046.083022;
1.148729;480.138327;
0.466365;211.923756;
0.922402;346.385709;
2.545693;1077.391887;
1.629416;629.831713;
0.199525;73.624988;
1.367331;650.079615;
0.349553;150.861513;
1.314704;607.148484;
0.337854;99.376152;
0.351511;129.123611;
1.496225;709.298779;
1.547319;607.713249;
0.761291;361.958575;
0.852570;375.153237;
1.058170;352.391406;
0.654647;235.765808;
0.629477;285.052431;
2.241221;1019.443149;
1.552806;398.370000;
0.618911;191.871128;
1.436342;616.961439;
1.501207;607.398854;
1.530151;594.979397;
1.539075;685.771504;
1.838177;489.065472;
1.479422;621.654366;
3.961436;1610.452251;
0.466271;162.778520;
1.012742;426.081295;
1.234331;517.771824;
1.569721;620.169408;
0.882120;399.965868;
3.586912;926.590000;
1.092419;321.537233;
0.306922;135.157709;
2.203564;1033.044435;
1.128824;400.418042;
1.271482;293.204787;
0.819699;349.448772;
2.038400;754.122980;
0.362383;162.872586;
1.573651;683.967208;
0.555324;205.009212;
3.716150;981.791934;
3.540237;1349.290786;
1.422426;548.547932;
1.312416;603.429087;
1.636084;685.062734;
0.450452;169.508110;
1.022132;342.218064;
0.992023;439.522141;
1.140450;459.282348;
0.458395;189.098007;
1.313416;513.088953;
0.921100;322.612560;
0.631366;275.524422;
1.266634;328.068975;
1.285213;596.360649;
0.893172;386.814573;
1.132762;495.519207;
3.603420;1361.986339;
2.460300;896.977424;
1.484774;343.155398;
1.004566;442.139952;
1.293309;444.283631;
2.547595;1114.029402;
0.217644;92.730013;
0.573047;228.368039;
1.045337;426.341461;
0.976827;410.184025;
0.996396;349.561671;
2.260486;1007.076872;
0.974599;283.315500;
2.253858;802.973146;
1.265375;510.896596;
2.705009;1233.062281;
1.412462;525.648306;
1.708729;796.533496;
2.034178;742.858605;
1.137003;457.484934;
2.331717;911.788162;
0.992144;442.341658;
0.276697;116.904983;
0.208574;93.152093;
1.046556;438.417255;
2.196034;824.457101;
2.039583;924.845988;
1.193247;494.045339;
0.804218;380.980647;
1.019955;435.856274;
2.596293;1161.022591;
1.038512;431.502108;
0.668167;279.444620;
0.199021;89.727856;
0.561474;170.537688;
2.382028;1019.503990;
0.987583;429.152082;
0.748891;342.214010;
3.061432;1436.010477;
0.559285;210.646622;
0.719461;235.414634;
0.486771;210.919177;
0.928100;270.220104;
0.520302;215.519408;
0.667465;235.872700;
0.800539;266.648303;
0.942196;406.110644;
2.890515;963.663494;
0.261533;107.564953;
2.669949;980.300908;
0.217859;93.758767;
0.666317;219.461583;
0.378814;150.628228;
1.858609;702.567749;
1.946713;912.383682;
0.864166;354.102312;
0.460594;169.116597;
0.282911;110.155637;
1.151588;458.607387;
0.395909;158.898204;
0.454299;163.040974;
0.625585;298.200170;
1.494539;630.985138;
0.305898;131.054026;
0.343830;132.848876;
0.966955;269.486883;
1.871774;818.182781;
0.938351;440.241143;
1.312919;556.341300;
1.277147;521.993367;
0.394969;148.688830;
1.904917;687.507793;
3.366821;1281.295088;
1.289565;432.122157;
1.679014;731.874811;
0.401339;143.099228;
4.070988;1761.677586;
0.896099;332.225963;
0.936291;407.606342;
0.750825;326.091023;
2.386984;966.148459;
3.238207;1309.203722;
0.960127;409.970872;
3.436583;1446.097316;
2.171545;862.665055;
0.265898;119.384233;
0.909692;392.206870;
0.146251;64.678145;
2.543305;1177.701411;
2.710984;847.261451;
1.701024;601.444841;
0.622720;253.664780;
2.276823;1043.095789;
0.299729;132.458875;
2.769519;1296.956110;
0.763517;177.724368;
1.343799;593.274247;
3.418904;1581.405045;
1.932967;704.444864;
0.889503;406.847134;
1.365421;562.074073;
1.635160;674.045511;
0.347106;98.803312;
2.270389;864.210629;
2.469835;996.242512;
1.394657;569.229625;
1.783534;795.587325;
0.530117;174.285981;
1.224209;454.204598;
2.808844;1059.123143;
0.193578;66.367061;
0.469946;199.162779;
1.061946;370.601050;
0.972524;379.656102;
0.834365;365.828936;
1.051046;460.010140;
0.176198;68.692930;
2.410016;1023.576081;
0.247276;89.723533;
3.423900;846.895665;
3.089504;1277.130809;
1.733841;718.114224;
0.655356;273.300717;
2.612193;945.805387;
0.478088;212.534409;
1.122280;483.692242;
0.689075;283.878884;
1.572097;400.295603;
0.993183;472.097230;
0.780095;349.521430;
0.478436;209.647618;
0.306618;119.913736;
0.347460;160.220615;
0.862470;350.192917;
1.868948;765.720946;
1.867554;866.224527;
0.777911;274.264509;
0.983376;374.861746;
0.905868;414.799487;
1.516944;648.416403;
0.245714;102.554307;
1.047592;431.334004;
0.242435;87.985625;
0.521619;178.410905;
2.897240;1378.434791;
1.813147;864.122185;
0.502978;224.933381;
1.878327;813.645591;
1.986031;561.507392;
0.519985;203.715294;
1.144284;324.077144;
2.016026;794.385797;
0.654305;310.037771;
0.863303;337.758899;
0.634624;262.387435;
0.582033;200.270541;
0.413441;127.719412;
1.187199;409.873610;
1.074850;479.791083;
0.341244;112.517637;
0.363374;154.368350;
0.863605;276.026348;
1.277908;486.314658;
0.438002;203.975099;
0.378522;160.396556;
0.986637;355.511609;
1.906000;853.682651;
1.278525;358.573561;
0.598465;159.593753;
2.368588;1007.598439;
1.319456;570.671058;
1.978851;741.005045;
1.401005;634.711191;
0.955901;458.351347;
0.709537;273.427733;
0.648037;285.503655;
0.595046;193.788572;
1.433884;629.385494;
0.914213;347.800627;
1.365096;377.913600;
0.559432;252.143772;
0.135879;54.952482;
0.630524;194.737209;
0.364075;171.938242;
0.817373;231.708249;
1.719148;750.964951;
1.460232;615.899888;
1.031577;345.124148;
0.870736;356.704040;
1.538103;627.938313;
0.437006;178.489007;
2.441365;561.129625;
1.924543;442.720512;
0.416420;188.733000;
0.666082;153.462544;
1.322121;603.546250;
1.694870;808.386810;
0.445777;195.537508;
0.404558;188.081516;
0.742080;310.116602;
1.473064;605.468015;
2.227447;951.872667;
1.553375;599.391871;
1.253453;494.437078;
1.017152;472.623814;
1.344546;481.220999;
1.675906;560.478609;
0.638093;228.910823;
1.368682;523.710413;
2.879865;663.552000;
1.213524;441.350625;
0.352227;129.496289;
0.454458;171.512347;
3.030510;1371.309504;
0.821084;362.766751;
1.264898;290.847700;
1.281058;567.981542;
1.004345;461.679472;
0.615159;248.965436;
0.480674;116.247159;
0.421015;176.477433;
0.920640;386.849927;
0.426898;160.651743;
1.313532;491.070256;
1.276607;471.789839;
1.546777;572.538767;
1.172655;416.313970;
1.160690;392.999264;
1.581659;621.200506;
1.547945;569.973163;
3.081079;1209.377057;
0.757302;298.131710;
1.083797;486.594188;
1.908177;858.829553;
1.761311;784.853684;
0.147632;60.230990;
1.749473;827.369203;
0.493674;224.699460;
0.823634;285.509777;
0.740030;169.251575;
1.262963;495.088811;
0.837541;324.044451;
1.316518;511.300404;
1.270171;469.442251;
0.699251;293.107157;
0.347463;163.592775;
1.243677;555.438766;
0.798699;320.055735;
2.399714;857.232623;
1.194118;518.170512;
0.242834;75.660500;
1.247405;346.940503;
0.990621;349.553083;
0.127580;58.262121;
2.107841;484.459676;
0.921436;359.466004;
2.009353;520.380000;
1.083851;401.339823;
0.225908;92.717614;
3.544805;1125.649328;
1.754205;527.416996;
2.155794;926.178725;
1.190675;476.499565;
2.173778;909.973188;
1.917298;791.427655;
0.201191;79.629551;
0.802617;337.743444;
2.360683;1000.528070;
2.097058;948.576670;
2.563695;978.214105;
0.439207;192.537631;
2.989726;1192.766914;
0.278664;99.177239;
1.394210;591.020285;
1.335296;540.511468;
0.482790;121.858405;
1.512047;585.212432;
0.330616;115.593111;
0.860437;242.544598;
2.147025;1018.326803;
3.037563;852.622913;
1.527660;689.008489;
0.978510;225.699615;
0.690826;274.967260;
1.276328;533.213315;
0.422858;149.798559;
0.756620;310.104558;
1.138537;331.162900;
1.918456;913.442104;
1.428920;608.331156;
0.542593;222.885601;
2.224486;860.657582;
0.279727;111.831177;
1.487259;632.280145;
1.212335;492.164907;
1.069793;505.440700;
0.626524;207.615290;
0.284331;124.259325;
0.612218;233.248516;
2.007855;656.537916;
1.251421;350.158890;
2.971979;1417.149145;
3.344781;1484.974787;
0.868615;369.779205;
0.360975;144.025011;
0.613218;274.495539;
0.676592;282.717796;
1.254965;544.797467;
2.426311;954.831744;
1.548532;595.295071;
0.400323;183.612137;
3.054802;778.886202;
2.034339;818.256797;
1.256128;583.766766;
0.276620;82.994038;
0.406394;158.481155;
1.748371;698.745089;
1.520135;718.412876;
1.187994;476.972817;
0.478097;189.287105;
1.358500;367.881356;
0.446382;178.873732;
0.146039;65.817700;
0.460124;186.763559;
0.301648;112.986476;
0.732573;288.569856;
0.218679;91.874124;
0.347612;147.597263;
0.843847;305.772749;
0.322888;133.406732;
2.514787;940.463044;
2.042233;917.696041;
1.074292;443.407278;
0.889104;395.689100;
1.905148;796.981542;
1.892499;738.309682;
0.994624;432.669932;
1.666780;692.394281;
0.974555;313.883084;
0.491822;176.875952;
0.853472;389.684293;
2.049105;664.566063;
0.631286;209.676976;
0.625806;276.498882;
3.985268;1835.515015;
0.196238;88.612317;
1.032809;290.170720;
0.390856;176.042811;
0.170193;39.400000;
1.490852;590.591094;
0.607548;222.412641;
0.621902;165.412830;
1.004325;405.061855;
1.314299;567.959591;
0.348294;154.798150;
0.564669;227.390446;
0.263369;108.203998;
0.530930;216.780511;
0.211878;84.689715;
1.367903;607.458470;
1.198714;525.975656;
1.294670;326.348094;
4.267462;1361.228126;
1.097255;504.336448;
0.594124;276.639222;
0.737007;295.968300;
0.814013;355.433806;
0.214157;90.249923;
2.876886;1273.011198;
0.322090;126.247117;
1.213573;450.461569;
1.775939;406.725725;
3.686946;1758.111358;
0.565310;235.772012;
0.607905;265.796349;
0.767606;253.544859;
0.464853;168.228580;
1.049470;421.165499;
2.472294;603.097384;
0.639451;245.340504;
0.382690;175.275174;
3.056135;1436.502405;
0.175024;57.235949;
0.512042;221.604479;
0.928148;334.998108;
0.435884;127.863539;
1.945256;448.350000;
2.001097;696.931121;
0.230161;104.382156;
1.407911;631.851842;
1.036339;451.667046;
1.788800;687.227190;
1.500185;677.926086;
0.241571;100.974193;
1.382477;388.457920;
3.998964;1855.146628;
1.450949;334.854552;
1.593923;693.095259;
0.145410;67.482650;
0.538354;189.949536;
0.199498;89.484294;
2.284716;694.604424;
0.487803;192.925757;
0.554621;250.876602;
0.829980;249.205337;
0.330576;143.833357;
0.616454;276.924114;
0.584034;255.790819;
1.833028;672.835469;
0.597469;283.644174;
0.974928;424.458332;
1.074311;461.376748;
0.826603;392.908028;
1.170188;303.327142;
1.396240;403.863975;
0.928031;264.136950;
3.823481;1617.102330;
0.301123;120.615657;
1.095203;519.287321;
W1;O:0.000613;R:595.770326
1.117261;262.749564;
4.225703;1902.247583;
2.744619;1120.318736;
W2;O:0.000576;R:597.286573
W3;O:0.000560;R:596.034068
3.335387;1382.826908;
W4;O:0.000563;R:597.853701
W5;O:0.000588;R:598.136808
