0.990583;145.123;
2.20435;351.761;
1.33034;149.033;
6.08761;1027.27;
5.85447;715.762;
9.5919;1512.87;
11.5791;1736.1;
10.3765;1684.81;
3.51767;477.979;
10.6589;1705.19;
6.87534;882.131;
1.43937;215.498;
11.9102;1618.96;
6.05602;501.451;
2.24433;362.815;
5.45495;445.925;
4.76596;753.807;
4.99674;412.914;
3.1712;463.739;
0.88331;130.148;
3.01988;371.091;
4.33367;591.641;
0.768669;122.764;
5.93414;972.383;
1.77665;276.527;
4.2548;610.567;
10.0739;1227.59;
2.01162;224.318;
0.213594;34.6462;
5.14993;847.759;
0.856777;129.104;
0.14178;11.8;
6.23968;914.037;
2.71504;426.027;
6.86966;561.99;
1.8939;156.285;
4.45581;634.51;
0.944969;133.008;
8.90918;1558.9;
8.68582;1349.18;
4.20744;567.047;
5.211;745.946;
8.03822;1170.98;
1.61981;216.982;
4.36656;429.844;
4.68418;918.357;
0.302161;49.2367;
6.11486;944.109;
7.17954;739.74;
6.26458;794.343;
6.87959;1028.9;
23.8974;3074.7;
3.27096;518.308;
3.30583;505.09;
13.909;1796.83;
0.230291;31.4889;
3.46887;538.972;
0.344094;47.584;
0.790002;107.838;
1.35586;174.771;
7.1849;860.609;
5.22788;636.171;
1.06408;164.583;
8.83593;1423.66;
4.17704;612.378;
4.43262;582.54;
2.02577;306.14;
2.12431;316.895;
0.592218;79.3117;
7.20785;1015.22;
3.53509;570.857;
4.9018;852.378;
4.65563;710.844;
0.544551;82.0693;
13.0509;2020.05;
5.38375;755.645;
3.467;523.288;
0.0780562;12.911;
12.4515;1578.21;
3.32673;545.125;
7.49306;1162.94;
12.718;1833.96;
3.44047;487.991;
3.38221;555.074;
0.127497;18.7233;
2.2998;238.514;
2.7225;409.568;
8.16657;950.265;
0.155699;20.0344;
8.20386;1328.12;
0.221757;31.131;
4.69282;714.135;
3.11759;471.886;
3.13572;491.086;
0.919621;80.8334;
7.08367;1166.88;
2.71698;282.353;
6.18693;959.13;
17.2255;2808.85;
12.7224;1636.22;
7.60573;1101.38;
0.939363;132.624;
3.28888;297.028;
9.17224;1317.63;
4.30223;353.59;
3.20319;486.039;
2.52534;392.501;
4.06438;574.477;
3.35186;511.735;
1.27472;210.7;
10.09;1474.88;
7.09026;940.88;
0.147072;19.1932;
16.5441;2937.98;
0.764305;143.141;
0.934871;154.962;
2.98099;453.9;
0.110077;15.5765;
1.0351;116.15;
3.47385;527.404;
0.275533;40.104;
9.13004;1239.14;
3.23541;598.364;
7.30317;998.192;
2.60031;249.723;
6.87334;1005.69;
3.00501;486.082;
11.8209;1678.46;
2.80387;361.989;
6.34594;1008.17;
9.93368;1530.63;
6.17393;847.489;
8.39932;1152.08;
1.61321;261.991;
4.76647;622.969;
4.11198;571.657;
10.4493;1576.04;
7.73049;1128.48;
7.41458;618.902;
20.036;2376.29;
0.631722;88.6267;
3.69595;582.338;
9.65788;1313.67;
1.41505;222.502;
24.1842;3707.55;
4.59967;647.372;
1.96836;299.244;
12.178;1175.22;
3.74477;310.241;
2.49643;292.719;
6.18347;868.543;
2.3708;234.067;
5.63529;878.471;
8.04879;1099.23;
9.33749;1347.35;
3.68172;546.615;
2.89613;457.353;
11.9575;1846.24;
1.79889;260.29;
5.29491;632.503;
0.422918;53.6561;
8.21889;941.042;
15.6412;2256.97;
3.55607;544.939;
8.22075;1584.32;
7.03426;1060.94;
7.40211;1079.42;
1.58064;242.881;
1.68435;251.805;
14.8777;1943.06;
10.247;1529.2;
2.95304;308.69;
5.39324;778.874;
2.69462;221.208;
3.95956;323.632;
1.6705;245.739;
1.86144;297.407;
21.9268;1854.1;
5.61465;832.04;
8.5712;1627.11;
1.5161;198.609;
7.55719;1165.42;
0.218612;33.4263;
9.5097;1433.95;
5.60757;896.04;
5.79009;823.938;
1.11773;158.05;
4.89143;494.982;
0.520378;74.8952;
3.43341;676.352;
0.590793;81.687;
14.9393;2095.17;
2.21104;413.952;
5.94754;967.505;
5.61803;708.46;
8.7098;1226.41;
2.74194;421.928;
2.11452;308.569;
3.17948;379.464;
2.26881;319.352;
20.533;3270.99;
18.856;2700.09;
6.25472;966.414;
8.28175;1169.67;
1.54529;222.798;
1.27169;186.285;
3.51228;490.302;
4.59565;596.03;
3.12324;469.351;
9.71652;1456.56;
1.64958;264.501;
14.4488;2387.29;
6.25297;848.531;
0.666566;96.657;
4.51165;703.501;
5.86049;824.886;
3.33796;476.513;
4.04197;728.001;
2.28639;233.747;
1.2458;187.204;
0.807453;114.521;
1.12332;168.271;
1.25961;221.257;
5.98696;808.546;
15.8436;2121.69;
4.53725;585.692;
8.90935;1412.94;
3.0966;440.62;
1.67967;246.855;
16.2137;2333.3;
2.26084;357.723;
0.922007;143.34;
2.3279;301.845;
11.3901;1618.79;
12.6555;1953.12;
6.05559;759.423;
10.9755;1668.9;
0.362806;55.2832;
7.09294;801.619;
1.10762;168.567;
5.0714;783.945;
2.23174;360.063;
4.35252;571.761;
2.9772;572.591;
4.47866;677.619;
3.82917;509.261;
7.17027;1075.7;
7.41657;981.658;
1.76408;287.296;
3.13572;497.981;
4.7998;668.935;
2.84002;485.756;
4.11619;651.681;
2.86796;482.835;
6.22191;984.279;
14.2484;2080.3;
0.60115;97.969;
9.62628;1108.1;
23.6803;3195.01;
0.14262;19.7557;
11.3255;1762.9;
3.31562;503.021;
10.9916;1808.38;
0.140747;22.5879;
8.48269;1189.23;
2.80173;419.97;
7.22173;877.059;
2.39919;383.179;
8.05011;1221.28;
0.394089;54.5814;
1.979;292.141;
4.90157;812.695;
10.5801;1529.96;
1.12175;114.712;
0.810076;154.776;
4.37124;561.308;
2.0931;380.068;
7.98818;658.911;
0.247431;44.0838;
5.38483;671.265;
0.223751;36.4251;
12.2943;1925.08;
0.466216;86.3531;
1.03291;85.0086;
1.27919;190.508;
2.38832;352.061;
4.9909;805.61;
6.26288;1021.41;
2.93691;446.777;
2.61598;288.38;
5.58837;647.683;
7.78577;953.232;
2.45634;374.039;
9.82263;1450.08;
1.70396;243.201;
12.4453;2048.51;
7.21865;1098.82;
11.3409;1670.51;
8.21535;1372.11;
14.7993;2586;
