2.07499;198.739;
1.79486;310.824;
0.677406;88.7922;
0.523285;67.8766;
4.18991;726.903;
3.88776;626.751;
2.1619;295.291;
1.28608;186.836;
4.73728;497.924;
5.2214;868.359;
0.770167;94.664;
1.23506;192.437;
1.96514;317.804;
1.22815;100.568;
6.92398;883.575;
1.67897;137.954;
5.95446;890.911;
1.84986;267.275;
7.76889;1174.3;
0.489682;84.6016;
7.81055;1312.62;
2.26756;384.506;
5.49346;669.504;
1.31646;129.283;
4.68601;488.231;
4.3396;618.973;
0.736739;143.59;
4.66692;670.095;
1.86181;313.341;
3.27934;538.991;
4.9997;558.998;
3.48445;604.536;
5.64384;785.173;
3.45047;581.995;
2.76927;408.303;
4.50021;698.008;
3.17684;436.056;
3.03615;251.004;
9.10907;1470.11;
2.93542;496.649;
1.19471;164.62;
3.02121;505.929;
1.78053;265.393;
4.78043;564.534;
2.33865;337.761;
8.30039;1347.11;
5.10447;1022.81;
4.06368;350.676;
1.27534;177.918;
1.03958;149.485;
1.56979;128.515;
4.4001;608.768;
3.51689;290.454;
2.05867;356.885;
2.18706;180.211;
1.63319;179.174;
3.58217;539.872;
4.95198;768.016;
3.45264;291.971;
3.89466;646.876;
2.13233;360.852;
0.979346;109.811;
1.31392;214.677;
4.86827;771.477;
4.15428;525.21;
2.87418;393.977;
1.66558;257.705;
1.52338;242.411;
1.0758;148.826;
1.68757;239.563;
7.03217;1111.1;
1.40586;189.763;
2.56497;443.925;
4.37739;893.465;
1.71276;291.79;
1.86195;153.073;
1.99066;165.987;
1.61978;325.747;
4.82443;772.063;
1.48024;182.209;
7.33954;1258;
5.76044;679.942;
3.37882;278.883;
3.02442;434.543;
3.04856;459.291;
1.60927;191.366;
0.615249;77.1839;
3.47214;621.097;
4.83303;566.691;
3.09862;490.52;
2.51153;420.617;
3.79567;593.082;
1.30134;210.768;
2.32987;349.602;
8.62439;1529.28;
3.10253;353.29;
7.94486;1262.44;
2.23242;304.588;
3.8091;648.86;
4.61563;651.125;
6.15964;914.996;
5.50285;1019.71;
0.555798;73.2327;
1.02767;123.79;
1.88695;297.583;
2.65257;370.872;
4.38871;743.996;
4.614;381.535;
0.802811;112.589;
1.84908;271.842;
0.81612;114.98;
1.91836;300.671;
3.6243;621.18;
4.93872;781.16;
0.582787;93.0053;
9.90209;1072.77;
0.740712;111.165;
1.89042;321.904;
6.61378;997.341;
1.84693;349.296;
10.1504;1580.15;
1.23228;181.949;
1.377;132.536;
5.99445;820.045;
3.08222;502.595;
1.07894;148.48;
1.68594;234.217;
1.51624;216.647;
2.51788;269.865;
2.9065;394.492;
1.02912;172.392;
3.69091;594.813;
10.7775;1717.86;
1.56948;224.984;
2.55194;483.109;
6.31885;1204.34;
3.00319;526.269;
2.12349;318.891;
3.26982;506.687;
1.06464;177.724;
1.54484;216.103;
0.413134;66.9257;
0.781511;121.01;
3.34446;631.564;
0.448755;69.0384;
3.53896;326.972;
6.37202;985.302;
0.854336;122.227;
2.86209;486.068;
4.90086;403.421;
2.08264;260.876;
0.601611;99.9306;
7.71005;964.002;
1.1728;194.65;
3.7884;560.533;
2.43718;340.495;
3.43931;538.933;
1.1651;171.658;
2.44294;411.935;
1.2746;242.318;
8.12428;1361.79;
2.14302;269.421;
1.56901;154.62;
0.778532;139.628;
0.763112;123.061;
0.669101;104.449;
1.02209;155.142;
6.02119;1089.17;
0.669834;82.3605;
0.908598;151.905;
4.7483;437.968;
5.56439;909.67;
3.42664;602.054;
7.33674;1240.24;
3.23007;439.896;
2.53531;210.374;
2.29731;191.173;
2.46539;339.858;
3.04137;273.544;
1.79276;324.001;
1.56268;272.593;
3.71012;595.753;
1.32351;209.704;
4.75234;950.637;
3.20713;290.904;
0.876781;137.385;
3.03665;419.818;
1.82389;310.202;
4.84602;427.134;
2.16791;334.406;
3.42559;282.398;
0.645268;107.028;
6.53351;585.916;
3.78536;610.104;
7.73658;658.553;
2.50728;283.665;
4.81858;537.277;
2.83677;476.867;
6.98231;1254.42;
7.00556;1343.54;
