0.332307;86.4151;
0.370868;163.845;
1.15126;416.493;
0.669296;153.379;
1.22143;429.999;
0.577467;160.94;
2.61138;590.48;
1.85566;734.142;
0.609854;251.04;
1.73006;672.934;
1.30625;489.005;
0.751996;209.231;
0.452087;183.074;
3.5495;1296.77;
0.567002;184.732;
1.45971;527.915;
3.7428;1104.1;
1.07195;491.913;
0.218484;95.649;
0.525431;118.345;
0.234938;52.9969;
3.35674;1285.43;
0.630072;204.874;
0.373755;104.659;
1.005;443.884;
0.4556;145.521;
0.698425;282.192;
0.26733;78.4874;
2.13584;451.886;
0.429497;156.392;
0.462657;174.875;
1.14039;426.635;
3.37176;1078.59;
0.257194;116.865;
0.522785;145.803;
0.529509;108.606;
1.98494;913.962;
0.918164;341.257;
2.22682;920.882;
2.28621;478.951;
1.40899;581.109;
0.670168;250.107;
1.23003;489.439;
1.3925;575.132;
2.71241;564.788;
2.02869;584.969;
1.12493;414.594;
0.390487;137.866;
2.24148;891.05;
2.79161;608.846;
0.597384;249.772;
1.5131;544.958;
2.71273;539.573;
0.985769;183.143;
2.85475;1047.55;
0.737848;226.713;
1.63708;606.005;
2.80324;1079.92;
1.52026;292.46;
0.27875;97.7764;
1.91468;770.897;
4.14438;825.512;
0.520242;195.049;
2.39708;768.873;
0.687035;149.545;
0.737208;208.447;
0.155989;63.9826;
1.87366;827.162;
1.42142;382.934;
0.862087;358.966;
2.20904;1004.02;
0.681539;287.528;
0.375545;159.245;
1.52344;441.989;
1.12021;455.509;
2.54366;1073.68;
1.90314;602.518;
1.55001;617.302;
0.397859;82.1092;
0.127653;50.0368;
0.166995;53.7408;
0.783312;349.613;
2.44485;704.155;
0.454145;178.891;
1.57944;375.036;
1.61951;444.918;
1.14145;306.865;
0.691767;155.038;
1.89799;706.909;
1.7702;503.276;
1.0492;291.662;
1.14154;499.942;
1.16761;332.918;
0.661513;136.068;
0.316096;120.36;
2.465;853.856;
0.48276;170.406;
3.43042;1201.28;
0.45621;151.1;
1.29236;312.071;
2.77865;870.741;
0.402308;68.2866;
3.41502;1041;
2.55711;564.157;
2.33074;448.612;
1.11741;371.635;
2.34723;656.981;
0.341765;68.2689;
3.32547;1276.15;
2.61172;1037.93;
0.305556;99.1231;
0.36467;105.005;
0.2399;82.2465;
2.67941;562.508;
2.32784;792.897;
0.309041;132.306;
1.18793;406.202;
1.31171;541.902;
1.08996;450.911;
0.60355;231.237;
0.439543;183.126;
0.966694;333.987;
2.16374;955.643;
0.398824;145.752;
2.09015;730.019;
0.457707;143.647;
0.685837;134.237;
2.89293;923.71;
2.21312;889.012;
3.61675;1387.55;
0.554401;197.745;
1.16359;424.342;
0.608692;174.529;
0.409812;146.679;
3.3059;1302.99;
0.161529;31.702;
0.413819;175.332;
2.57074;990.018;
1.40655;567.862;
2.5268;1079.89;
1.1744;381.718;
2.62741;838.028;
0.469453;150.324;
3.11956;930.686;
2.64026;919.182;
1.78986;360.855;
0.302445;118.334;
0.74662;293.362;
2.43842;1041.45;
1.59887;604.486;
0.923741;382.748;
1.15871;466.205;
1.41573;519.959;
1.14783;464.212;
1.86818;472.512;
0.452039;152.26;
0.964359;306.643;
3.64355;1040.61;
1.91935;657.81;
1.74399;583.029;
2.46043;928.901;
0.288488;115.711;
2.1823;805.032;
1.46063;404.538;
3.04354;1157.24;
0.370601;125.91;
0.248179;76.2704;
0.784396;222.752;
0.286605;111.248;
1.29508;589.708;
0.287543;82.5371;
1.94388;731.734;
1.40959;484.921;
2.09678;729.642;
0.801904;233.921;
2.4706;682.169;
2.46338;663.347;
1.6232;500.231;
0.921235;160.131;
1.68719;439.076;
2.52481;682.119;
0.656471;262.701;
1.81711;659.441;
4.55265;1243.06;
0.523109;224.441;
0.664132;244.095;
0.478274;194.328;
0.568391;226.985;
0.15741;35.7108;
0.718337;228.592;
4.12696;1381.19;
2.71842;1083.91;
1.8341;710.376;
0.617155;236.511;
0.56986;222.915;
1.59339;596.182;
1.71582;384.107;
0.792534;321.381;
0.914469;323.63;
0.153386;43.1313;
1.51495;639.577;
3.96051;1218.47;
0.575981;131.409;
3.90655;1226.35;
1.66731;508.768;
1.51834;567.964;
0.587556;156.545;
1.87268;367.871;
1.20676;348.547;
3.81145;1224.88;
1.30776;262.37;
2.15617;607.6;
0.401643;82.0562;
1.95894;401.841;
1.3753;558.367;
2.33779;753.666;
0.973879;216.319;
1.62438;495.722;
0.37449;70.3248;
2.01595;506.291;
0.220236;44.2801;
3.06505;595.85;
1.30736;470.366;
0.243518;41.3636;
1.23206;232.232;
1.0994;342.977;
3.39498;664.649;
0.946572;356.68;
2.78091;1085.34;
0.161913;69.6079;
0.131559;54.4799;
2.0154;886.06;
0.746499;303.988;
2.16381;878.46;
0.838263;189.892;
0.594774;189.689;
0.871738;313.542;
1.67708;619.214;
3.16129;643.516;
0.461639;157.411;
1.98805;757.956;
0.65105;259.484;
0.209263;78.1422;
2.27459;935.009;
0.945114;321.579;
0.629347;131.568;
0.176098;36.8;
1.11618;234.354;
3.48507;1101.43;
1.20472;530.434;
2.25307;489.896;
1.16998;244.713;
1.31362;549.029;
2.23013;836.562;
0.290192;121.415;
1.55517;482.669;
0.157623;56.0914;
1.32333;561.715;
0.388707;89.2021;
0.279695;64.8527;
0.675481;241.518;
0.657188;308.805;
0.259061;118.3;
0.407887;117.079;
1.44868;400.273;
1.43202;453.699;
3.69522;1578.49;
0.986275;387.578;
0.633306;247.04;
0.893966;179.153;
0.711482;113.425;
2.92258;1189.44;
0.468492;181.664;
1.39819;482.716;
0.479012;77.6932;
1.12207;345.267;
3.02632;968.878;
1.07594;379.195;
1.20698;423.306;
0.310621;107.637;
1.2627;531.622;
0.377345;119.226;
1.23399;411.285;
3.87697;1442.32;
1.32688;531.601;
0.622658;262.424;
0.67326;206.499;
0.764407;292.319;
0.459959;216.73;
2.23475;782.79;
0.645116;215.72;
1.49127;553.188;
2.25835;894.039;
0.649736;236.524;
0.388713;146.806;
2.24615;880.482;
0.698337;237.668;
2.02589;544.063;
0.606696;181.061;
0.406758;135.438;
0.773142;301.414;
2.37643;945.965;
1.85527;747.376;
2.13701;644.777;
0.360077;74.4994;
1.81919;770.344;
1.17402;252.4;
1.09785;297.649;
0.540878;232.802;
0.480165;184.522;
1.66679;388.273;
0.320432;114.779;
1.80267;683.088;
1.17186;229.487;
0.528975;185.566;
0.335472;122.039;
3.49661;1319.98;
0.853822;291.78;
0.890993;313.864;
1.71043;378.389;
0.582654;233.303;
1.56159;670.193;
2.20237;616.509;
0.150626;37.6023;
1.19233;338.373;
2.51485;1094.05;
0.574797;236.66;
1.63257;642.402;
1.14348;325.384;
0.287474;117.111;
0.890034;338.118;
0.895136;396.802;
0.265385;103.595;
1.96544;786.183;
0.50338;216.194;
0.954797;213.924;
0.479547;161.393;
1.42387;446.016;
2.67094;803.668;
3.24651;1230.33;
0.982565;422.787;
0.484862;109.301;
0.562596;240.321;
0.969976;366.392;
1.01991;428.69;
0.193687;70.5938;
1.11719;453.098;
1.12357;355.638;
0.231427;95.1577;
1.26497;545.932;
0.75008;348.903;
0.783751;344.615;
1.80721;764.658;
1.4753;608.368;
2.88255;1149.72;
1.21793;468.737;
0.641099;251.12;
0.404859;161.491;
0.514492;115.555;
1.6431;657.939;
0.752847;308.561;
0.76333;269.301;
0.971059;327.064;
1.72418;637.004;
1.31585;357.057;
1.58516;555.441;
1.71596;600.788;
1.04168;285.645;
0.605868;138.327;
4.35606;1430.51;
0.8126;298.553;
1.10554;370.689;
2.50337;993.434;
0.807538;339.204;
3.11617;1277.24;
2.3732;452.964;
2.31074;964.623;
2.04883;642.263;
1.493;528.276;
0.322546;134.88;
2.48047;652.582;
0.522757;191.926;
0.171239;63.8375;
0.431485;93.4745;
3.55071;908.954;
1.84649;387.898;
1.72827;717.981;
1.42092;291.055;
1.06625;210.291;
2.79152;913.363;
2.60332;523.619;
1.71988;540.672;
0.976915;384.106;
0.533944;216.857;
2.86127;890.441;
1.20972;455.578;
1.05317;368.924;
1.2321;360.769;
0.756561;277.884;
2.51381;1042.28;
