FCFS;0.0;[(0.175528, 121.66), (1.05078, 121.16), (0.350581, 121.61), (0.525754, 121.226), (0.700756, 121.575), (0.875766, 121.032)]
FCFS;0.01;[(0.347479, 130.348), (0.524561, 130.613), (0.1723, 130.038), (0.699581, 129.922), (1.04756, 129.368), (0.874507, 129.671)]
FCFS;0.018;[(0.182403, 129.874), (0.877541, 128.888), (0.349346, 130.702), (0.526447, 129.465), (1.05559, 129.351), (0.704623, 129.808)]
FCFS;0.031;[(0.353507, 132.718), (0.525615, 132.756), (0.174375, 133.497), (0.708604, 132.922), (1.0506, 133.146), (0.879539, 132.826)]
FCFS;0.056;[(0.177514, 132.402), (0.362644, 133.101), (0.537783, 133.218), (0.699853, 132.785), (0.871945, 132.151), (1.05401, 131.896)]
FCFS;0.1;[(0.193556, 133.136), (0.369646, 133.603), (0.754911, 133.62), (0.560774, 133.408), (1.092, 133.585), (0.913976, 133.656)]
FCFS;0.18;[(0.155397, 134.381), (0.698771, 134.405), (0.323595, 134.664), (0.496734, 135.01), (0.84485, 133.982), (1.03085, 133.425)]
FCFS;0.31;[(0.607595, 138.918), (0.406547, 138.233), (0.53492, 138.157), (0.774649, 137.223), (1.1116, 136.61), (0.844522, 137.151)]
FCFS;0.56;[(0.651314, 149.165), (0.874573, 148.599), (0.21937, 150.852), (0.304485, 149.518), (0.530606, 149.357), (1.01057, 149.507)]
FCFS;1.0;[(0.781122, 143.028), (1.01789, 143.14), (1.01923, 143.239), (1.19078, 143.14), (1.13317, 143.774), (0.853967, 144.63)]
LCFS;0.0;[(0.175514, 127.755), (0.350687, 127.271), (0.525729, 127.307), (0.700896, 127.258), (0.875805, 126.955), (1.05088, 127.151)]
LCFS;0.01;[(0.524694, 133.479), (0.172484, 134.197), (0.347523, 133.602), (0.699768, 133.577), (1.04774, 133.845), (0.874736, 133.343)]
LCFS;0.018;[(0.526605, 135.393), (0.877561, 134.628), (0.182395, 135.469), (0.349475, 134.887), (0.704558, 134.907), (1.05562, 135.187)]
LCFS;0.031;[(0.17447, 134.878), (0.525638, 133.76), (0.353523, 134.323), (0.70874, 134.218), (0.879689, 133.221), (1.05075, 132.71)]
LCFS;0.056;[(0.699819, 133.885), (0.177512, 134.898), (0.362597, 134.754), (0.53773, 134.527), (0.871786, 134.501), (1.05384, 133.416)]
LCFS;0.1;[(0.913608, 134.162), (1.0917, 134.05), (0.193398, 133.74), (0.369464, 134.608), (0.56061, 133.489), (0.754648, 133.963)]
LCFS;0.18;[(0.844765, 135.431), (1.03081, 135.348), (0.155421, 137.69), (0.323487, 136.101), (0.496582, 136.456), (0.69867, 135.737)]
LCFS;0.31;[(0.46628, 137.23), (0.406398, 137.222), (0.60756, 136.588), (0.774558, 135.599), (0.844648, 135.665), (1.11167, 135.965)]
LCFS;0.56;[(0.219461, 153.231), (0.304603, 148.859), (0.678572, 151.158), (0.530761, 148.841), (0.891767, 149.489), (1.01085, 148.098)]
LCFS;1.0;[(0.795535, 144.144), (1.01786, 143.675), (1.03383, 147.185), (1.19504, 145.001), (1.14453, 145.16), (0.863703, 143.985)]
SJF;0.0;[(0.525774, 126.655), (0.350791, 128.122), (0.175572, 128.01), (0.700856, 126.818), (1.05095, 126.883), (0.875937, 127.349)]
SJF;0.01;[(0.172618, 131.953), (0.524825, 131.283), (0.347807, 132.365), (0.699826, 132.331), (0.874872, 131.883), (1.04792, 130.712)]
SJF;0.018;[(0.182683, 135.897), (1.05615, 134.359), (0.349856, 135.998), (0.526992, 134.758), (0.705046, 134.585), (0.878105, 134.902)]
SJF;0.031;[(0.353748, 134.155), (0.525754, 133.876), (0.174547, 134.128), (0.708857, 134.863), (1.05079, 133.548), (0.879759, 133.455)]
SJF;0.056;[(0.699862, 133.84), (0.177664, 133.161), (0.362702, 134.409), (0.537787, 133.484), (0.871897, 134.035), (1.05386, 133.181)]
SJF;0.1;[(0.1937, 136.757), (0.369662, 135.409), (0.56084, 135.866), (0.754923, 135.43), (0.913854, 135.1), (1.09191, 134.794)]
SJF;0.18;[(0.155678, 137.024), (0.698935, 135.555), (0.323772, 136.043), (0.496938, 136.956), (0.845013, 134.813), (1.03172, 135.472)]
SJF;0.31;[(0.489738, 140.006), (0.40664, 138.022), (0.607819, 140.233), (0.774812, 140.15), (0.84481, 138.019), (1.11185, 137.643)]
SJF;0.56;[(1.01094, 145.629), (0.304638, 145.49), (0.219591, 149.74), (0.630742, 149.723), (0.530833, 147.583), (0.870721, 146.655)]
SJF;1.0;[(1.01563, 144.573), (1.09707, 147.228), (0.707258, 145.761), (1.17416, 146.119), (1.01801, 143.525), (0.793775, 144.483)]
LJF;0.0;[(0.700645, 126.11), (1.0508, 126.828), (0.175408, 126.912), (0.350578, 126.605), (0.525652, 126.734), (0.875756, 127.073)]
LJF;0.01;[(0.172616, 132.281), (0.347706, 132.887), (0.524874, 132.458), (0.699825, 132.261), (0.874921, 131.574), (1.04794, 131.716)]
LJF;0.018;[(0.182625, 131.887), (0.705005, 131.899), (0.349809, 131.627), (0.52697, 132.16), (0.878095, 132.036), (1.05615, 131.781)]
LJF;0.031;[(0.174733, 135.177), (0.353886, 135.764), (1.05103, 134.51), (0.879953, 134.657), (0.525908, 135.05), (0.708985, 135.206)]
LJF;0.056;[(0.362695, 134.74), (0.871799, 133.809), (0.177583, 134.966), (0.53782, 133.762), (0.69985, 133.522), (1.05394, 134.116)]
LJF;0.1;[(0.193714, 132.16), (0.369763, 132.155), (0.560923, 131.927), (0.754922, 132.257), (0.91396, 131.146), (1.09206, 131.885)]
LJF;0.18;[(0.844875, 136.725), (0.155764, 136.749), (0.323711, 136.582), (0.496891, 136.868), (0.698885, 136.289), (1.03096, 136.445)]
LJF;0.31;[(0.775028, 138.209), (0.48239, 138.326), (0.406793, 138.525), (0.607927, 138.12), (0.845191, 137.966), (1.11233, 137.929)]
LJF;0.56;[(0.530895, 148.39), (0.304758, 148.606), (0.219625, 148.627), (0.621172, 148.3), (0.89674, 148.066), (1.07185, 147.859)]
LJF;1.0;[(0.714005, 144.168), (1.02553, 143.944), (1.17506, 143.645), (1.09349, 143.798), (0.827534, 144.064), (1.01825, 143.821)]
RR;0.0;[(1.05135, 124.65), (1.22667, 130.049), (1.40174, 130.435), (1.57691, 124.273), (1.75186, 125.812), (1.92693, 117.805)]
RR;0.01;[(0.699956, 128.784), (1.21938, 132.855), (1.39248, 130.932), (1.56556, 129.802), (0.875166, 132.464), (1.04822, 128.862)]
RR;0.018;[(0.182529, 137.957), (1.05581, 138.526), (0.877797, 121.84), (1.22503, 121.934), (1.39699, 138.086), (1.57703, 138.257)]
RR;0.031;[(0.174434, 134.917), (0.353508, 142.177), (0.525552, 140.055), (0.708528, 124.758), (0.879593, 127.005), (1.05064, 138.346)]
RR;0.056;[(0.177536, 134.209), (0.362659, 135.282), (0.537686, 134.231), (0.699852, 129.198), (0.871914, 130.13), (1.05399, 136.644)]
RR;0.1;[(0.193495, 137.218), (0.369579, 132.439), (0.560661, 136.952), (0.754598, 129.618), (0.91365, 136.199), (1.09171, 128.951)]
RR;0.18;[(0.155574, 134.352), (0.496654, 138.101), (1.26904, 133.717), (0.698726, 131.102), (0.844791, 136.152), (1.03084, 138.176)]
RR;0.31;[(0.688456, 131.438), (0.406642, 141.483), (0.607743, 132.616), (0.774896, 141.699), (1.11199, 135.812), (1.30902, 143.48)]
RR;0.56;[(0.219492, 156.528), (0.304563, 152.762), (0.948587, 155.234), (1.00604, 146.993), (1.67504, 128.522), (1.36672, 144.118)]
RR;1.0;[(0.635083, 126.805), (1.22338, 135.818), (1.68528, 147.524), (1.30388, 137.946), (1.15726, 152.623), (1.01811, 151.954)]
LBW;0.0;[(0.876366, 128.42), (1.05155, 128.279), (0.701212, 128.549), (1.22664, 126.809), (1.75185, 121.933), (1.92687, 120.942)]
LBW;0.01;[(0.347598, 133.901), (1.21917, 134.259), (1.39233, 134.652), (1.56541, 133.505), (1.73938, 132.629), (1.91546, 133.074)]
LBW;0.018;[(0.182389, 135.049), (1.22492, 133.553), (1.39687, 133.664), (1.57704, 134.705), (1.756, 130.026), (1.92997, 131.214)]
LBW;0.031;[(0.174554, 137.638), (1.23131, 137.045), (1.40342, 129.448), (1.57957, 135.931), (1.75761, 136.284), (1.92467, 129.548)]
LBW;0.056;[(0.537924, 130.963), (0.700047, 134.376), (1.05433, 134.464), (1.59268, 135.471), (1.76683, 129.043), (1.94387, 133.848)]
LBW;0.1;[(0.193457, 136.92), (1.25124, 134.432), (1.41833, 134.654), (1.5423, 134.254), (1.72737, 135.526), (1.90544, 135.537)]
LBW;0.18;[(0.1555, 132.15), (0.496605, 132.381), (1.26922, 135.428), (1.37242, 136.389), (1.75146, 135.949), (1.90754, 134.698)]
LBW;0.31;[(0.607901, 134.321), (1.30947, 138.726), (1.4906, 136.649), (1.72461, 139.332), (1.11221, 133.444), (2.21071, 136.237)]
LBW;0.56;[(0.304738, 150.15), (1.27139, 149.95), (1.44039, 148.008), (1.90908, 149.962), (1.72956, 148.896), (2.01058, 149.947)]
LBW;1.0;[(0.174492, 145.769), (0.265744, 146.591), (1.25236, 146.364), (1.58341, 146.037), (3.04492, 138.002), (3.26801, 139.432)]
WS;0.0;[(0.700645, 126.684), (0.35052, 126.748), (0.175349, 127.161), (0.525635, 126.824), (0.875632, 126.341), (1.05064, 125.665)]
WS;0.01;[(0.347458, 134.06), (0.172303, 133.072), (0.524546, 132.986), (0.699525, 132.698), (0.874622, 132.605), (1.04767, 132.472)]
WS;0.018;[(0.182482, 132.81), (0.526656, 132.629), (1.05575, 132.072), (0.3495, 133.82), (0.704647, 132.919), (0.877731, 133.185)]
WS;0.031;[(0.525658, 135.019), (0.879759, 134.315), (0.17441, 136.058), (0.3536, 135.566), (0.708738, 135.095), (1.05079, 133.855)]
WS;0.056;[(0.699677, 134.605), (0.871712, 134.47), (1.05377, 133.814), (0.17745, 134.586), (0.537587, 134.043), (0.362582, 134.718)]
WS;0.1;[(0.193369, 136.038), (0.369531, 136.705), (0.560662, 136.463), (0.754783, 135.779), (0.913862, 135.998), (1.09192, 135.795)]
WS;0.18;[(0.155527, 135.136), (0.323693, 135.082), (0.698795, 134.735), (0.496828, 134.483), (0.844862, 134.41), (1.03091, 134.877)]
WS;0.31;[(0.523849, 139.097), (0.406533, 141.025), (0.607617, 139.783), (0.774692, 138.949), (0.84474, 139.389), (1.11179, 139.269)]
WS;0.56;[(0.219546, 151.315), (0.304698, 151.929), (0.682943, 149.286), (0.559863, 149.889), (0.893532, 150.827), (1.01093, 149.289)]
WS;1.0;[(1.01775, 143.314), (1.05427, 142.998), (0.738909, 143.244), (1.18523, 141.953), (1.09531, 142.759), (0.822592, 144.371)]
